3832.115234375	6.035573E-15
3832.7353069186	6.081419E-15
3833.3553794623	6.201269E-15
3833.9754520059	6.172545E-15
3834.5955245495	5.966434E-15
3835.2155970931	6.021755E-15
3835.8356696367	6.134076E-15
3836.4557421804	6.289312E-15
3837.075814724	6.329507E-15
3837.6958872676	6.442959E-15
3838.3159598112	6.509301E-15
3838.9360323548	6.496868E-15
3839.5561048985	6.300713E-15
3840.1761774421	6.201058E-15
3840.7962499857	5.858492E-15
3841.4163225293	5.928472E-15
3842.0363950729	6.083447E-15
3842.6564676166	5.980247E-15
3843.2765401602	6.072513E-15
3843.8966127038	6.162219E-15
3844.5166852474	6.080212E-15
3845.1367577911	6.003862E-15
3845.7568303347	6.263424E-15
3846.3769028783	6.121428E-15
3846.9969754219	6.238593E-15
3847.6170479655	5.882365E-15
3848.2371205092	6.014635E-15
3848.8571930528	6.215427E-15
3849.4772655964	6.071596E-15
3850.09733814	6.156404E-15
3850.7174106836	6.113631E-15
3851.3374832273	6.130606E-15
3851.9575557709	5.851065E-15
3852.5776283145	6.030809E-15
3853.1977008581	6.304373E-15
3853.8177734017	6.097806E-15
3854.4378459454	6.006006E-15
3855.057918489	6.282661E-15
3855.6779910326	6.015363E-15
3856.2980635762	6.243132E-15
3856.9181361199	6.417045E-15
3857.5382086635	6.130431E-15
3858.1582812071	5.983494E-15
3858.7783537507	5.662157E-15
3859.3984262943	5.947162E-15
3860.018498838	5.92396E-15
3860.6385713816	6.099494E-15
3861.2586439252	6.022915E-15
3861.8787164688	5.925555E-15
3862.4987890124	6.259101E-15
3863.1188615561	5.986285E-15
3863.7389340997	5.90954E-15
3864.3590066433	5.944858E-15
3864.9790791869	6.05916E-15
3865.5991517305	5.911346E-15
3866.2192242742	5.804516E-15
3866.8392968178	5.872998E-15
3867.4593693614	5.646092E-15
3868.079441905	5.769388E-15
3868.6995144487	5.774872E-15
3869.3195869923	5.750776E-15
3869.9396595359	5.670623E-15
3870.5597320795	5.541194E-15
3871.1798046231	5.578901E-15
3871.7998771668	5.643134E-15
3872.4199497104	5.748398E-15
3873.040022254	5.565049E-15
3873.6600947976	5.673707E-15
3874.2801673412	5.661331E-15
3874.9002398849	5.42093E-15
3875.5203124285	5.700475E-15
3876.1403849721	5.762888E-15
3876.7604575157	5.554723E-15
3877.3805300593	5.72793E-15
3878.000602603	5.619995E-15
3878.6206751466	5.467174E-15
3879.2407476902	5.578869E-15
3879.8608202338	5.564631E-15
3880.4808927775	5.7642E-15
3881.1009653211	5.955099E-15
3881.7210378647	5.624013E-15
3882.3411104083	5.902107E-15
3882.9611829519	5.621651E-15
3883.5812554956	5.682753E-15
3884.2013280392	5.612268E-15
3884.8214005828	5.515732E-15
3885.4414731264	5.558932E-15
3886.06154567	5.829917E-15
3886.6816182137	5.631029E-15
3887.3016907573	5.593065E-15
3887.9217633009	5.837738E-15
3888.5418358445	5.779723E-15
3889.1619083881	5.800901E-15
3889.7819809318	5.882723E-15
3890.4020534754	5.898334E-15
3891.022126019	6.070243E-15
3891.6421985626	6.034019E-15
3892.2622711063	5.96333E-15
3892.8823436499	5.989013E-15
3893.5024161935	5.839412E-15
3894.1224887371	5.965925E-15
3894.7425612807	6.102926E-15
3895.3626338244	5.905197E-15
3895.982706368	6.012708E-15
3896.6027789116	6.067341E-15
3897.2228514552	5.679552E-15
3897.8429239988	6.090853E-15
3898.4629965425	5.928271E-15
3899.0830690861	6.051304E-15
3899.7031416297	5.789582E-15
3900.3232141733	5.972597E-15
3900.9432867169	6.05428E-15
3901.5633592606	5.660881E-15
3902.1834318042	5.675831E-15
3902.8035043478	5.622179E-15
3903.4235768914	5.698537E-15
3904.0436494351	5.713028E-15
3904.6637219787	5.569604E-15
3905.2837945223	5.718577E-15
3905.9038670659	5.793203E-15
3906.5239396095	5.992728E-15
3907.1440121532	5.750036E-15
3907.7640846968	5.863623E-15
3908.3841572404	5.80211E-15
3909.004229784	5.923722E-15
3909.6243023276	5.757878E-15
3910.2443748713	5.888143E-15
3910.8644474149	5.876083E-15
3911.4845199585	5.802758E-15
3912.1045925021	5.997972E-15
3912.7246650457	5.881042E-15
3913.3447375894	5.690858E-15
3913.964810133	5.649814E-15
3914.5848826766	5.712229E-15
3915.2049552202	5.896277E-15
3915.8250277639	5.707693E-15
3916.4451003075	5.773273E-15
3917.0651728511	5.781824E-15
3917.6852453947	5.636326E-15
3918.3053179383	5.799704E-15
3918.925390482	5.749087E-15
3919.5454630256	5.667271E-15
3920.1655355692	5.931344E-15
3920.7856081128	5.661007E-15
3921.4056806564	5.723133E-15
3922.0257532001	5.618126E-15
3922.6458257437	5.73318E-15
3923.2658982873	5.74465E-15
3923.8859708309	5.791135E-15
3924.5060433745	5.853468E-15
3925.1261159182	6.089752E-15
3925.7461884618	6.18018E-15
3926.3662610054	6.060521E-15
3926.986333549	5.880937E-15
3927.6064060927	5.788463E-15
3928.2264786363	6.056821E-15
3928.8465511799	6.047926E-15
3929.4666237235	5.935519E-15
3930.0866962671	5.702913E-15
3930.7067688108	5.743202E-15
3931.3268413544	5.524703E-15
3931.946913898	5.839775E-15
3932.5669864416	5.818732E-15
3933.1870589852	5.657629E-15
3933.8071315289	5.836214E-15
3934.4272040725	5.811466E-15
3935.0472766161	5.571194E-15
3935.6673491597	5.715978E-15
3936.2874217033	5.61343E-15
3936.907494247	5.578281E-15
3937.5275667906	5.832688E-15
3938.1476393342	5.790048E-15
3938.7677118778	5.47468E-15
3939.3877844215	5.55106E-15
3940.0078569651	5.768792E-15
3940.6279295087	5.750893E-15
3941.2480020523	5.83839E-15
3941.8680745959	5.560925E-15
3942.4881471396	5.528546E-15
3943.1082196832	5.589285E-15
3943.7282922268	5.391851E-15
3944.3483647704	5.458189E-15
3944.968437314	5.542134E-15
3945.5885098577	5.353695E-15
3946.2085824013	5.278938E-15
3946.8286549449	5.393049E-15
3947.4487274885	5.439477E-15
3948.0688000321	5.293353E-15
3948.6888725758	5.387831E-15
3949.3089451194	5.592551E-15
3949.929017663	5.566928E-15
3950.5490902066	5.297469E-15
3951.1691627503	5.359865E-15
3951.7892352939	5.303683E-15
3952.4093078375	5.282439E-15
3953.0293803811	5.293683E-15
3953.6494529247	5.192251E-15
3954.2695254684	5.191975E-15
3954.889598012	5.267352E-15
3955.5096705556	5.373703E-15
3956.1297430992	5.300628E-15
3956.7498156428	5.36872E-15
3957.3698881865	5.580001E-15
3957.9899607301	5.624382E-15
3958.6100332737	5.550796E-15
3959.2301058173	5.81793E-15
3959.8501783609	5.69717E-15
3960.4702509046	5.776894E-15
3961.0903234482	5.441104E-15
3961.7103959918	5.61206E-15
3962.3304685354	5.73725E-15
3962.9505410791	5.756289E-15
3963.5706136227	5.735517E-15
3964.1906861663	5.605385E-15
3964.8107587099	5.521228E-15
3965.4308312535	5.622048E-15
3966.0509037972	5.573188E-15
3966.6709763408	5.405682E-15
3967.2910488844	5.805423E-15
3967.911121428	5.645572E-15
3968.5311939716	5.356707E-15
3969.1512665153	5.366586E-15
3969.7713390589	5.221418E-15
3970.3914116025	5.238134E-15
3971.0114841461	5.355363E-15
3971.6315566897	5.224638E-15
3972.2516292334	5.427844E-15
3972.871701777	5.392409E-15
3973.4917743206	5.544935E-15
3974.1118468642	5.389826E-15
3974.7319194079	5.389616E-15
3975.3519919515	5.490914E-15
3975.9720644951	5.405856E-15
3976.5921370387	5.510501E-15
3977.2122095823	5.616651E-15
3977.832282126	5.381897E-15
3978.4523546696	5.548098E-15
3979.0724272132	5.621301E-15
3979.6924997568	5.446499E-15
3980.3125723004	5.322613E-15
3980.9326448441	5.46745E-15
3981.5527173877	5.453807E-15
3982.1727899313	5.413892E-15
3982.7928624749	5.298464E-15
3983.4129350185	5.258335E-15
3984.0330075622	5.266344E-15
3984.6530801058	5.319285E-15
3985.2731526494	4.862533E-15
3985.893225193	5.044447E-15
3986.5132977367	5.221095E-15
3987.1333702803	5.091783E-15
3987.7534428239	5.09293E-15
3988.3735153675	5.092021E-15
3988.9935879111	5.005329E-15
3989.6136604548	5.063216E-15
3990.2337329984	5.163955E-15
3990.853805542	5.147422E-15
3991.4738780856	4.940603E-15
3992.0939506292	4.961359E-15
3992.7140231729	5.215336E-15
3993.3340957165	5.23665E-15
3993.9541682601	5.292834E-15
3994.5742408037	5.322188E-15
3995.1943133473	5.478447E-15
3995.814385891	5.233563E-15
3996.4344584346	5.189416E-15
3997.0545309782	5.186682E-15
3997.6746035218	5.182121E-15
3998.2946760655	5.33194E-15
3998.9147486091	5.33223E-15
3999.5348211527	5.409216E-15
4000.1548936963	5.507286E-15
4000.7749662399	5.56749E-15
4001.3950387836	5.504073E-15
4002.0151113272	5.569977E-15
4002.6351838708	5.617702E-15
4003.2552564144	5.515654E-15
4003.875328958	5.449731E-15
4004.4954015017	5.379421E-15
4005.1154740453	5.4902E-15
4005.7355465889	5.416789E-15
4006.3556191325	5.217784E-15
4006.9756916761	5.630336E-15
4007.5957642198	5.527126E-15
4008.2158367634	5.597112E-15
4008.835909307	5.80158E-15
4009.4559818506	5.596379E-15
4010.0760543943	5.686669E-15
4010.6961269379	5.674238E-15
4011.3161994815	5.875304E-15
4011.9362720251	5.630414E-15
4012.5563445687	5.720948E-15
4013.1764171124	5.841783E-15
4013.796489656	5.630339E-15
4014.4165621996	5.695638E-15
4015.0366347432	5.661427E-15
4015.6567072868	5.650821E-15
4016.2767798305	5.622239E-15
4016.8968523741	5.91616E-15
4017.5169249177	5.968995E-15
4018.1369974613	5.750483E-15
4018.7570700049	5.827677E-15
4019.3771425486	5.81042E-15
4019.9972150922	5.661435E-15
4020.6172876358	5.627546E-15
4021.2373601794	5.689921E-15
4021.8574327231	5.542765E-15
4022.4775052667	5.879922E-15
4023.0975778103	5.568269E-15
4023.7176503539	5.683295E-15
4024.3377228975	5.863322E-15
4024.9577954412	5.737965E-15
4025.5778679848	5.828794E-15
4026.1979405284	5.871577E-15
4026.818013072	5.849135E-15
4027.4380856156	5.787788E-15
4028.0581581593	6.035894E-15
4028.6782307029	5.898066E-15
4029.2983032465	5.767358E-15
4029.9183757901	5.819832E-15
4030.5384483337	5.813035E-15
4031.1585208774	5.950066E-15
4031.778593421	5.962303E-15
4032.3986659646	6.013455E-15
4033.0187385082	5.97967E-15
4033.6388110519	5.90528E-15
4034.2588835955	5.870672E-15
4034.8789561391	5.74465E-15
4035.4990286827	5.881226E-15
4036.1191012263	5.945944E-15
4036.73917377	5.963689E-15
4037.3592463136	5.897034E-15
4037.9793188572	6.015308E-15
4038.5993914008	5.94225E-15
4039.2194639444	5.974177E-15
4039.8395364881	5.87795E-15
4040.4596090317	5.87378E-15
4041.0796815753	5.902641E-15
4041.6997541189	5.817521E-15
4042.3198266625	5.977279E-15
4042.9398992062	5.704095E-15
4043.5599717498	5.592419E-15
4044.1800442934	5.626308E-15
4044.800116837	5.581935E-15
4045.4201893807	5.699794E-15
4046.0402619243	5.668191E-15
4046.6603344679	5.669754E-15
4047.2804070115	5.784474E-15
4047.9004795551	5.659413E-15
4048.5205520988	5.650566E-15
4049.1406246424	5.667593E-15
4049.760697186	5.801738E-15
4050.3807697296	5.828408E-15
4051.0008422732	5.721303E-15
4051.6209148169	5.900911E-15
4052.2409873605	5.597716E-15
4052.8610599041	5.554654E-15
4053.4811324477	5.761988E-15
4054.1012049914	5.703524E-15
4054.721277535	5.661974E-15
4055.3413500786	5.820425E-15
4055.9614226222	5.969524E-15
4056.5814951658	5.606568E-15
4057.2015677095	5.50215E-15
4057.8216402531	5.909637E-15
4058.4417127967	5.827978E-15
4059.0617853403	5.757406E-15
4059.6818578839	5.945564E-15
4060.3019304276	5.952506E-15
4060.9220029712	5.89113E-15
4061.5420755148	5.813758E-15
4062.1621480584	5.638985E-15
4062.782220602	5.512104E-15
4063.4022931457	5.737372E-15
4064.0223656893	5.782356E-15
4064.6424382329	5.777056E-15
4065.2625107765	5.49707E-15
4065.8825833201	5.773559E-15
4066.5026558638	5.766235E-15
4067.1227284074	5.68873E-15
4067.742800951	5.809472E-15
4068.3628734946	5.509655E-15
4068.9829460383	5.453559E-15
4069.6030185819	5.771521E-15
4070.2230911255	5.705892E-15
4070.8431636691	5.667371E-15
4071.4632362127	5.552254E-15
4072.0833087564	5.55904E-15
4072.7033813	5.579729E-15
4073.3234538436	5.474531E-15
4073.9435263872	5.545191E-15
4074.5635989308	5.805614E-15
4075.1836714745	5.494095E-15
4075.8037440181	5.328659E-15
4076.4238165617	5.701548E-15
4077.0438891053	5.593469E-15
4077.663961649	5.512114E-15
4078.2840341926	5.333024E-15
4078.9041067362	5.432816E-15
4079.5241792798	5.368615E-15
4080.1442518234	5.259164E-15
4080.7643243671	5.532032E-15
4081.3843969107	5.446274E-15
4082.0044694543	5.165146E-15
4082.6245419979	5.402985E-15
4083.2446145415	5.571462E-15
4083.8646870852	5.223254E-15
4084.4847596288	5.152711E-15
4085.1048321724	5.335996E-15
4085.724904716	5.28363E-15
4086.3449772596	5.236569E-15
4086.9650498033	5.37979E-15
4087.5851223469	5.374998E-15
4088.2051948905	5.199322E-15
4088.8252674341	5.259141E-15
4089.4453399778	5.382666E-15
4090.0654125214	5.447733E-15
4090.685485065	5.444065E-15
4091.3055576086	5.451002E-15
4091.9256301522	5.416761E-15
4092.5457026959	5.548849E-15
4093.1657752395	5.653917E-15
4093.7858477831	5.617547E-15
4094.4059203267	5.668849E-15
4095.0259928703	5.574741E-15
4095.646065414	5.653719E-15
4096.2661379576	5.520263E-15
4096.8862105012	5.711601E-15
4097.5062830448	5.574393E-15
4098.1263555884	5.569981E-15
4098.7464281321	5.643471E-15
4099.3665006757	5.632481E-15
4099.9865732193	5.493683E-15
4100.6066457629	5.470329E-15
4101.2267183065	5.437924E-15
4101.8467908502	5.439787E-15
4102.4668633938	5.496401E-15
4103.0869359374	5.383175E-15
4103.707008481	5.570167E-15
4104.3270810247	5.510054E-15
4104.9471535683	5.404606E-15
4105.5672261119	5.654252E-15
4106.1872986555	5.571604E-15
4106.8073711991	5.429283E-15
4107.4274437428	5.350141E-15
4108.0475162864	5.650253E-15
4108.66758883	5.321936E-15
4109.2876613736	5.591836E-15
4109.9077339172	5.434349E-15
4110.5278064609	5.496404E-15
4111.1478790045	5.507043E-15
4111.7679515481	5.376439E-15
4112.3880240917	5.598125E-15
4113.0080966354	5.485113E-15
4113.628169179	5.506129E-15
4114.2482417226	5.35497E-15
4114.8683142662	5.412659E-15
4115.4883868098	5.364847E-15
4116.1084593535	5.379828E-15
4116.7285318971	5.403159E-15
4117.3486044407	5.365733E-15
4117.9686769843	5.42829E-15
4118.5887495279	5.205025E-15
4119.2088220716	5.15967E-15
4119.8288946152	5.328395E-15
4120.4489671588	5.351647E-15
4121.0690397024	5.273763E-15
4121.689112246	5.224284E-15
4122.3091847897	5.21179E-15
4122.9292573333	5.159932E-15
4123.5493298769	5.166164E-15
4124.1694024205	5.052745E-15
4124.7894749641	5.210626E-15
4125.4095475078	5.266089E-15
4126.0296200514	5.220508E-15
4126.649692595	5.14936E-15
4127.2697651386	5.107186E-15
4127.8898376823	5.332003E-15
4128.5099102259	5.351495E-15
4129.1299827695	5.332108E-15
4129.7500553131	5.199131E-15
4130.3701278567	5.134632E-15
4130.9902004004	5.458534E-15
4131.610272944	5.686418E-15
4132.2303454876	5.515718E-15
4132.8504180312	5.482464E-15
4133.4704905748	5.497133E-15
4134.0905631185	5.388959E-15
4134.7106356621	5.410388E-15
4135.3307082057	5.501565E-15
4135.9507807493	5.428139E-15
4136.570853293	5.543138E-15
4137.1909258366	5.605312E-15
4137.8109983802	5.525472E-15
4138.4310709238	5.773518E-15
4139.0511434674	5.723646E-15
4139.6712160111	5.59146E-15
4140.2912885547	5.659168E-15
4140.9113610983	5.612928E-15
4141.5314336419	5.558241E-15
4142.1515061855	5.509332E-15
4142.7715787292	5.595838E-15
4143.3916512728	5.652489E-15
4144.0117238164	5.74439E-15
4144.63179636	5.386019E-15
4145.2518689036	5.60368E-15
4145.8719414473	5.72492E-15
4146.4920139909	5.813683E-15
4147.1120865345	5.83004E-15
4147.7321590781	5.697618E-15
4148.3522316218	5.768417E-15
4148.9723041654	5.737056E-15
4149.592376709	5.527318E-15
4150.2124492526	5.602561E-15
4150.8325217962	5.71995E-15
4151.4525943399	5.796264E-15
4152.0726668835	5.670454E-15
4152.6927394271	5.695914E-15
4153.3128119707	6.085844E-15
4153.9328845143	5.57009E-15
4154.552957058	5.501445E-15
4155.1730296016	5.671575E-15
4155.7931021452	5.833725E-15
4156.4131746888	5.831557E-15
4157.0332472324	5.619279E-15
4157.6533197761	5.744602E-15
4158.2733923197	5.799932E-15
4158.8934648633	5.81556E-15
4159.5135374069	5.807063E-15
4160.1336099506	5.51867E-15
4160.7536824942	5.706865E-15
4161.3737550378	5.688152E-15
4161.9938275814	5.507158E-15
4162.613900125	5.729165E-15
4163.2339726687	5.722279E-15
4163.8540452123	5.800221E-15
4164.4741177559	5.621815E-15
4165.0941902995	5.670235E-15
4165.7142628431	5.766792E-15
4166.3343353868	5.772077E-15
4166.9544079304	5.683856E-15
4167.574480474	5.647122E-15
4168.1945530176	6.09046E-15
4168.8146255612	5.821836E-15
4169.4346981049	5.97381E-15
4170.0547706485	5.794445E-15
4170.6748431921	5.912077E-15
4171.2949157357	5.906066E-15
4171.9149882794	5.760006E-15
4172.535060823	5.907527E-15
4173.1551333666	5.944299E-15
4173.7752059102	5.790689E-15
4174.3952784538	5.719718E-15
4175.0153509975	5.828957E-15
4175.6354235411	5.775383E-15
4176.2554960847	5.716243E-15
4176.8755686283	5.852073E-15
4177.4956411719	6.055132E-15
4178.1157137156	5.973298E-15
4178.7357862592	5.866134E-15
4179.3558588028	5.869154E-15
4179.9759313464	5.860574E-15
4180.59600389	5.979358E-15
4181.2160764337	6.083553E-15
4181.8361489773	5.933642E-15
4182.4562215209	6.040247E-15
4183.0762940645	6.004449E-15
4183.6963666082	5.968688E-15
4184.3164391518	5.932942E-15
4184.9365116954	5.897217E-15
4185.556584239	5.62333E-15
4186.1766567826	5.923673E-15
4186.7967293263	5.921437E-15
4187.4168018699	5.91273E-15
4188.0368744135	6.021721E-15
4188.6569469571	6.006344E-15
4189.2770195007	5.814736E-15
4189.8970920444	5.865499E-15
4190.517164588	6.000398E-15
4191.1372371316	6.008224E-15
4191.7573096752	5.916534E-15
4192.3773822188	6.128626E-15
4192.9974547625	5.896207E-15
4193.6175273061	5.846411E-15
4194.2375998497	5.998161E-15
4194.8576723933	5.848555E-15
4195.477744937	5.856201E-15
4196.0978174806	5.954841E-15
4196.7178900242	5.975723E-15
4197.3379625678	5.84687E-15
4197.9580351114	5.802932E-15
4198.5781076551	5.929854E-15
4199.1981801987	5.826741E-15
4199.8182527423	5.939467E-15
4200.4383252859	5.988572E-15
4201.0583978295	5.924254E-15
4201.6784703732	5.869349E-15
4202.2985429168	6.005295E-15
4202.9186154604	5.925228E-15
4203.538688004	5.689427E-15
4204.1587605476	5.969017E-15
4204.7788330913	6.16323E-15
4205.3989056349	5.807451E-15
4206.0189781785	5.881971E-15
4206.6390507221	5.988044E-15
4207.2591232658	6.068403E-15
4207.8791958094	5.84085E-15
4208.499268353	6.031946E-15
4209.1193408966	5.93119E-15
4209.7394134402	5.969366E-15
4210.3594859839	5.968912E-15
4210.9795585275	6.066383E-15
4211.5996310711	5.998423E-15
4212.2197036147	5.896134E-15
4212.8397761583	5.859441E-15
4213.459848702	5.908147E-15
4214.0799212456	5.922805E-15
4214.6999937892	5.953888E-15
4215.3200663328	5.955757E-15
4215.9401388764	5.827502E-15
4216.5602114201	5.871566E-15
4217.1802839637	5.889324E-15
4217.8003565073	5.949303E-15
4218.4204290509	5.981524E-15
4219.0405015946	5.800576E-15
4219.6605741382	5.919808E-15
4220.2806466818	6.004129E-15
4220.9007192254	5.781778E-15
4221.520791769	5.722757E-15
4222.1408643127	5.826435E-15
4222.7609368563	5.74757E-15
4223.3810093999	5.956159E-15
4224.0010819435	5.850471E-15
4224.6211544871	5.640661E-15
4225.2412270308	5.754445E-15
4225.8612995744	5.631436E-15
4226.481372118	5.673805E-15
4227.1014446616	5.991446E-15
4227.7215172052	6.110288E-15
4228.3415897489	5.973458E-15
4228.9616622925	5.846234E-15
4229.5817348361	5.77467E-15
4230.2018073797	5.891199E-15
4230.8218799234	5.920688E-15
4231.441952467	5.947962E-15
4232.0620250106	5.966878E-15
4232.6820975542	5.953009E-15
4233.3021700978	5.973605E-15
4233.9222426415	6.160125E-15
4234.5423151851	5.937057E-15
4235.1623877287	5.803311E-15
4235.7824602723	5.900494E-15
4236.4025328159	5.866003E-15
4237.0226053596	5.744258E-15
4237.6426779032	5.938809E-15
4238.2627504468	5.876797E-15
4238.8828229904	5.752216E-15
4239.502895534	5.826281E-15
4240.1229680777	5.861432E-15
4240.7430406213	5.825824E-15
4241.3631131649	5.919208E-15
4241.9831857085	5.717791E-15
4242.6032582522	5.868665E-15
4243.2233307958	5.603702E-15
4243.8434033394	5.835945E-15
4244.463475883	5.767003E-15
4245.0835484266	5.528203E-15
4245.7036209703	5.623979E-15
4246.3236935139	5.744095E-15
4246.9437660575	5.710714E-15
4247.5638386011	5.764966E-15
4248.1839111447	5.563712E-15
4248.8039836884	5.688256E-15
4249.424056232	5.909756E-15
4250.0441287756	5.775916E-15
4250.6642013192	5.796867E-15
4251.2842738628	5.686573E-15
4251.9043464065	5.580663E-15
4252.5244189501	5.749346E-15
4253.1444914937	5.719661E-15
4253.7645640373	5.832601E-15
4254.384636581	5.731833E-15
4255.0047091246	5.506598E-15
4255.6247816682	5.845239E-15
4256.2448542118	5.688015E-15
4256.8649267554	5.778548E-15
4257.4849992991	5.804633E-15
4258.1050718427	5.75852E-15
4258.7251443863	5.901943E-15
4259.3452169299	5.965372E-15
4259.9652894735	5.670802E-15
4260.5853620172	5.715672E-15
4261.2054345608	5.753946E-15
4261.8255071044	5.784975E-15
4262.445579648	5.622851E-15
4263.0656521916	5.924284E-15
4263.6857247353	5.975653E-15
4264.3057972789	5.744322E-15
4264.9258698225	5.691075E-15
4265.5459423661	5.627294E-15
4266.1660149098	5.593192E-15
4266.7860874534	5.674949E-15
4267.406159997	5.843379E-15
4268.0262325406	5.692217E-15
4268.6463050842	5.67753E-15
4269.2663776279	5.655129E-15
4269.8864501715	5.626607E-15
4270.5065227151	5.617479E-15
4271.1265952587	5.710266E-15
4271.7466678023	5.758994E-15
4272.366740346	5.564917E-15
4272.9868128896	5.737823E-15
4273.6068854332	5.745142E-15
4274.2269579768	5.750396E-15
4274.8470305204	5.834662E-15
4275.4671030641	5.694864E-15
4276.0871756077	5.627019E-15
4276.7072481513	5.595201E-15
4277.3273206949	5.839693E-15
4277.9473932386	5.759789E-15
4278.5674657822	5.522548E-15
4279.1875383258	5.735604E-15
4279.8076108694	5.720384E-15
4280.427683413	5.815223E-15
4281.0477559567	5.44581E-15
4281.6678285003	5.60978E-15
4282.2879010439	5.561656E-15
4282.9079735875	5.653408E-15
4283.5280461311	5.618263E-15
4284.1481186748	5.591089E-15
4284.7681912184	5.77204E-15
4285.388263762	5.584681E-15
4286.0083363056	5.579355E-15
4286.6284088492	5.729267E-15
4287.2484813929	5.668947E-15
4287.8685539365	5.554175E-15
4288.4886264801	5.536699E-15
4289.1086990237	5.66492E-15
4289.7287715674	5.700234E-15
4290.348844111	5.691228E-15
4290.9689166546	5.646051E-15
4291.5889891982	5.589597E-15
4292.2090617418	5.600185E-15
4292.8291342855	5.398765E-15
4293.4492068291	5.915111E-15
4294.0692793727	5.66144E-15
4294.6893519163	5.478485E-15
4295.3094244599	5.571189E-15
4295.9294970036	5.45402E-15
4296.5495695472	5.330176E-15
4297.1696420908	5.642784E-15
4297.7897146344	5.351518E-15
4298.409787178	5.333082E-15
4299.0298597217	5.367231E-15
4299.6499322653	5.405442E-15
4300.2700048089	5.282785E-15
4300.8900773525	5.463675E-15
4301.5101498962	5.353917E-15
4302.1302224398	5.370815E-15
4302.7502949834	5.514503E-15
4303.370367527	5.484197E-15
4303.9904400706	5.546772E-15
4304.6105126143	5.420596E-15
4305.2305851579	5.45719E-15
4305.8506577015	5.223789E-15
4306.4707302451	5.262033E-15
4307.0908027887	5.465831E-15
4307.7108753324	5.113976E-15
4308.330947876	5.228341E-15
4308.9510204196	5.333487E-15
4309.5710929632	5.263423E-15
4310.1911655068	5.228056E-15
4310.8112380505	5.153908E-15
4311.4313105941	5.271075E-15
4312.0513831377	5.220736E-15
4312.6714556813	5.218515E-15
4313.291528225	5.112247E-15
4313.9116007686	5.1906E-15
4314.5316733122	4.941932E-15
4315.1517458558	4.904839E-15
4315.7718183994	5.209102E-15
4316.3918909431	4.884193E-15
4317.0119634867	5.016824E-15
4317.6320360303	5.001238E-15
4318.2521085739	5.036208E-15
4318.8721811175	4.769121E-15
4319.4922536612	5.10707E-15
4320.1123262048	5.021281E-15
4320.7323987484	5.008004E-15
4321.352471292	4.996169E-15
4321.9725438356	4.970917E-15
4322.5926163793	5.004119E-15
4323.2126889229	4.979136E-15
4323.8327614665	4.972609E-15
4324.4528340101	4.827248E-15
4325.0729065538	5.221509E-15
4325.6929790974	5.001299E-15
4326.313051641	4.893203E-15
4326.9331241846	4.978396E-15
4327.5531967282	5.021362E-15
4328.1732692719	5.032684E-15
4328.7933418155	5.154035E-15
4329.4134143591	5.340117E-15
4330.0334869027	5.13064E-15
4330.6535594463	5.30751E-15
4331.27363199	5.405225E-15
4331.8937045336	5.294081E-15
4332.5137770772	5.379801E-15
4333.1338496208	5.323093E-15
4333.7539221644	5.542391E-15
4334.3739947081	5.185114E-15
4334.9940672517	5.371571E-15
4335.6141397953	5.466853E-15
4336.2342123389	5.256583E-15
4336.8542848826	5.122356E-15
4337.4743574262	5.267064E-15
4338.0944299698	5.219873E-15
4338.7145025134	5.275834E-15
4339.334575057	5.394488E-15
4339.9546476007	5.096489E-15
4340.5747201443	5.188882E-15
4341.1947926879	5.210419E-15
4341.8148652315	5.42717E-15
4342.4349377751	5.046303E-15
4343.0550103188	5.280062E-15
4343.6750828624	5.226569E-15
4344.295155406	5.207752E-15
4344.9152279496	5.521201E-15
4345.5353004932	5.262862E-15
4346.1553730369	5.269754E-15
4346.7754455805	5.259865E-15
4347.3955181241	5.291329E-15
4348.0155906677	5.407706E-15
4348.6356632114	5.269392E-15
4349.255735755	5.32049E-15
4349.8758082986	5.299546E-15
4350.4958808422	5.374109E-15
4351.1159533858	5.317043E-15
4351.7360259295	5.193697E-15
4352.3560984731	5.309117E-15
4352.9761710167	5.292628E-15
4353.5962435603	5.253393E-15
4354.2163161039	5.206619E-15
4354.8363886476	5.08092E-15
4355.4564611912	5.195705E-15
4356.0765337348	5.094833E-15
4356.6966062784	5.011394E-15
4357.316678822	5.132759E-15
4357.9367513657	4.984559E-15
4358.5568239093	5.17072E-15
4359.1768964529	4.983389E-15
4359.7969689965	5.108086E-15
4360.4170415402	4.925184E-15
4361.0371140838	4.95021E-15
4361.6571866274	4.904409E-15
4362.277259171	4.903486E-15
4362.8973317146	5.070747E-15
4363.5174042583	4.741328E-15
4364.1374768019	4.812049E-15
4364.7575493455	4.91149E-15
4365.3776218891	4.824151E-15
4365.9976944327	4.911949E-15
4366.6177669764	5.082589E-15
4367.23783952	4.897412E-15
4367.8579120636	4.931052E-15
4368.4779846072	5.043423E-15
4369.0980571508	5.080279E-15
4369.7181296945	5.032187E-15
4370.3382022381	5.092195E-15
4370.9582747817	5.037126E-15
4371.5783473253	4.997331E-15
4372.198419869	5.187356E-15
4372.8184924126	5.060422E-15
4373.4385649562	5.16172E-15
4374.0586374998	5.228242E-15
4374.6787100434	5.043931E-15
4375.2987825871	5.337868E-15
4375.9188551307	5.157167E-15
4376.5389276743	5.111876E-15
4377.1590002179	5.168597E-15
4377.7790727615	5.129831E-15
4378.3991453052	5.266331E-15
4379.0192178488	5.238178E-15
4379.6392903924	5.222739E-15
4380.259362936	5.259228E-15
4380.8794354796	5.308825E-15
4381.4995080233	5.306222E-15
4382.1195805669	5.198162E-15
4382.7396531105	5.150973E-15
4383.3597256541	5.179416E-15
4383.9797981978	4.999007E-15
4384.5998707414	5.122517E-15
4385.219943285	5.28104E-15
4385.8400158286	5.34249E-15
4386.4600883722	5.22848E-15
4387.0801609159	5.270265E-15
4387.7002334595	5.252284E-15
4388.3203060031	5.135051E-15
4388.9403785467	5.220925E-15
4389.5604510903	5.174224E-15
4390.180523634	5.311555E-15
4390.8005961776	5.255028E-15
4391.4206687212	5.229438E-15
4392.0407412648	5.181396E-15
4392.6608138085	5.177704E-15
4393.2808863521	5.362411E-15
4393.9009588957	5.1156E-15
4394.5210314393	5.111635E-15
4395.1411039829	4.943512E-15
4395.7611765266	5.130343E-15
4396.3812490702	5.020767E-15
4397.0013216138	5.04546E-15
4397.6213941574	5.288943E-15
4398.241466701	5.188753E-15
4398.8615392447	4.919075E-15
4399.4816117883	5.242525E-15
4400.1016843319	5.16971E-15
4400.7217568755	5.186686E-15
4401.3418294191	5.193498E-15
4401.9619019628	5.157854E-15
4402.5819745064	5.074906E-15
4403.20204705	5.116425E-15
4403.8221195936	5.175419E-15
4404.4421921372	5.086989E-15
4405.0622646809	5.247295E-15
4405.6823372245	5.331782E-15
4406.3024097681	5.26232E-15
4406.9224823117	5.205322E-15
4407.5425548554	5.095765E-15
4408.162627399	5.167378E-15
4408.7826999426	5.268654E-15
4409.4027724862	5.125553E-15
4410.0228450298	5.140019E-15
4410.6429175735	5.170867E-15
4411.2629901171	5.223509E-15
4411.8830626607	5.145694E-15
4412.5031352043	5.194507E-15
4413.1232077479	5.237065E-15
4413.7432802916	5.030602E-15
4414.3633528352	5.040169E-15
4414.9834253788	5.141701E-15
4415.6034979224	5.176947E-15
4416.2235704661	5.312326E-15
4416.8436430097	5.181721E-15
4417.4637155533	5.302151E-15
4418.0837880969	5.326842E-15
4418.7038606405	5.097165E-15
4419.3239331842	5.113085E-15
4419.9440057278	5.40036E-15
4420.5640782714	5.196131E-15
4421.184150815	5.105954E-15
4421.8042233586	5.093681E-15
4422.4242959023	5.105937E-15
4423.0443684459	5.330046E-15
4423.6644409895	5.05693E-15
4424.2845135331	5.290075E-15
4424.9045860767	5.237706E-15
4425.5246586204	5.083375E-15
4426.144731164	5.123336E-15
4426.7648037076	5.074554E-15
4427.3848762512	5.154633E-15
4428.0049487948	5.187162E-15
4428.6250213385	5.095016E-15
4429.2450938821	5.201326E-15
4429.8651664257	5.121093E-15
4430.4852389693	5.060891E-15
4431.105311513	5.151868E-15
4431.7253840566	4.992333E-15
4432.3454566002	5.17842E-15
4432.9655291438	5.143868E-15
4433.5856016874	5.071221E-15
4434.2056742311	5.203414E-15
4434.8257467747	4.935874E-15
4435.4458193183	4.959423E-15
4436.0658918619	5.147752E-15
4436.6859644055	5.142738E-15
4437.3060369492	5.069733E-15
4437.9261094928	5.067236E-15
4438.5461820364	5.072682E-15
4439.16625458	5.108066E-15
4439.7863271237	5.11824E-15
4440.4063996673	5.12839E-15
4441.0264722109	5.138516E-15
4441.6465447545	5.148612E-15
4442.2666172981	5.158692E-15
4442.8866898418	5.168751E-15
4443.5067623854	5.09222E-15
4444.126834929	5.084737E-15
4444.7469074726	5.097495E-15
4445.3669800162	4.99188E-15
4445.9870525599	4.990163E-15
4446.6071251035	5.062625E-15
4447.2271976471	4.95105E-15
4447.8472701907	5.101367E-15
4448.4673427343	4.946745E-15
4449.087415278	5.033049E-15
4449.7074878216	5.082E-15
4450.3275603652	4.996423E-15
4450.9476329088	5.049023E-15
4451.5677054525	5.210127E-15
4452.1877779961	5.111179E-15
4452.8078505397	4.89356E-15
4453.4279230833	4.96247E-15
4454.0479956269	4.95399E-15
4454.6680681706	5.136556E-15
4455.2881407142	5.125912E-15
4455.9082132578	5.014448E-15
4456.5282858014	4.911223E-15
4457.148358345	4.856643E-15
4457.7684308887	5.098065E-15
4458.3885034323	5.125049E-15
4459.0085759759	5.118207E-15
4459.6286485195	5.128745E-15
4460.2487210631	5.099479E-15
4460.8687936068	5.099765E-15
4461.4888661504	5.173036E-15
4462.108938694	5.057484E-15
4462.7290112376	4.907345E-15
4463.3490837813	5.173796E-15
4463.9691563249	5.132914E-15
4464.5892288685	4.953932E-15
4465.2093014121	5.198256E-15
4465.8293739557	5.203099E-15
4466.4494464994	5.130054E-15
4467.069519043	5.051187E-15
4467.6895915866	5.084212E-15
4468.3096641302	5.189837E-15
4468.9297366738	5.112956E-15
4469.5498092175	5.205111E-15
4470.1698817611	5.146339E-15
4470.7899543047	5.054689E-15
4471.4100268483	5.115984E-15
4472.0300993919	5.253508E-15
4472.6501719356	5.264605E-15
4473.2702444792	5.013099E-15
4473.8903170228	5.081911E-15
4474.5103895664	5.174384E-15
4475.1304621101	5.037001E-15
4475.7505346537	5.088278E-15
4476.3706071973	5.051704E-15
4476.9906797409	5.292618E-15
4477.6107522845	5.298401E-15
4478.2308248282	5.205506E-15
4478.8508973718	5.178353E-15
4479.4709699154	5.239366E-15
4480.091042459	5.217143E-15
4480.7111150026	5.111013E-15
4481.3311875463	5.198855E-15
4481.9512600899	5.291995E-15
4482.5713326335	5.327808E-15
4483.1914051771	5.177494E-15
4483.8114777207	5.345691E-15
4484.4315502644	5.296779E-15
4485.051622808	5.264572E-15
4485.6716953516	5.094489E-15
4486.2917678952	5.157866E-15
4486.9118404389	5.173604E-15
4487.5319129825	5.163166E-15
4488.1519855261	5.075184E-15
4488.7720580697	4.901424E-15
4489.3921306133	4.912397E-15
4490.012203157	5.016905E-15
4490.6322757006	5.069584E-15
4491.2523482442	5.032144E-15
4491.8724207878	4.989207E-15
4492.4924933314	5.229557E-15
4493.1125658751	5.084394E-15
4493.7326384187	4.974512E-15
4494.3527109623	5.063361E-15
4494.9727835059	4.902317E-15
4495.5928560495	5.10341E-15
4496.2129285932	4.953737E-15
4496.8330011368	5.143768E-15
4497.4530736804	5.080352E-15
4498.073146224	5.067796E-15
4498.6932187677	5.003039E-15
4499.3132913113	4.873741E-15
4499.9333638549	4.983174E-15
4500.5534363985	5.104427E-15
4501.1735089421	5.079359E-15
4501.7935814858	5.225638E-15
4502.4136540294	4.947769E-15
4503.033726573	4.959247E-15
4503.6537991166	5.163025E-15
4504.2738716602	5.075338E-15
4504.8939442039	5.13174E-15
4505.5140167475	5.066979E-15
4506.1340892911	4.914535E-15
4506.7541618347	4.922768E-15
4507.3742343783	5.137541E-15
4507.994306922	5.045752E-15
4508.6143794656	5.084056E-15
4509.2344520092	5.150911E-15
4509.8545245528	5.005651E-15
4510.4745970965	5.265559E-15
4511.0946696401	5.128447E-15
4511.7147421837	4.998459E-15
4512.3348147273	4.943076E-15
4512.9548872709	5.140771E-15
4513.5749598146	5.264371E-15
4514.1950323582	5.18523E-15
4514.8151049018	5.149375E-15
4515.4351774454	5.098545E-15
4516.055249989	5.140789E-15
4516.6753225327	5.140576E-15
4517.2953950763	5.164009E-15
4517.9154676199	5.16779E-15
4518.5355401635	5.05695E-15
4519.1556127071	5.073354E-15
4519.7756852508	5.123984E-15
4520.3957577944	5.216889E-15
4521.015830338	5.026734E-15
4521.6359028816	5.12034E-15
4522.2559754253	5.229346E-15
4522.8760479689	5.22223E-15
4523.4961205125	5.084435E-15
4524.1161930561	5.119273E-15
4524.7362655997	5.148956E-15
4525.3563381434	5.323118E-15
4525.976410687	5.144252E-15
4526.5964832306	5.035751E-15
4527.2165557742	5.274049E-15
4527.8366283178	5.113936E-15
4528.4567008615	4.973219E-15
4529.0767734051	5.077287E-15
4529.6968459487	5.204486E-15
4530.3169184923	5.255678E-15
4530.9369910359	5.029325E-15
4531.5570635796	5.17574E-15
4532.1771361232	5.073418E-15
4532.7972086668	5.152719E-15
4533.4172812104	5.184449E-15
4534.0373537541	5.158592E-15
4534.6574262977	5.024652E-15
4535.2774988413	4.994105E-15
4535.8975713849	5.218319E-15
4536.5176439285	5.145767E-15
4537.1377164722	5.132929E-15
4537.7577890158	5.246192E-15
4538.3778615594	5.093596E-15
4538.997934103	5.164102E-15
4539.6180066466	5.067013E-15
4540.2380791903	5.190494E-15
4540.8581517339	5.280828E-15
4541.4782242775	5.186311E-15
4542.0982968211	5.211737E-15
4542.7183693647	5.052205E-15
4543.3384419084	5.233935E-15
4543.958514452	5.173299E-15
4544.5785869956	5.07871E-15
4545.1986595392	5.210495E-15
4545.8187320829	5.020834E-15
4546.4388046265	5.190953E-15
4547.0588771701	5.256795E-15
4547.6789497137	5.124484E-15
4548.2990222573	5.192592E-15
4548.919094801	5.172185E-15
4549.5391673446	4.95883E-15
4550.1592398882	5.196E-15
4550.7793124318	5.248062E-15
4551.3993849754	5.036253E-15
4552.0194575191	5.098418E-15
4552.6395300627	5.126769E-15
4553.2596026063	5.044043E-15
4553.8796751499	5.086994E-15
4554.4997476935	4.968832E-15
4555.1198202372	5.251048E-15
4555.7398927808	5.148541E-15
4556.3599653244	5.193544E-15
4556.980037868	5.171621E-15
4557.6001104117	5.061062E-15
4558.2201829553	4.999891E-15
4558.8402554989	5.085895E-15
4559.4603280425	5.212095E-15
4560.0804005861	5.164601E-15
4560.7004731298	5.056342E-15
4561.3205456734	5.321568E-15
4561.940618217	5.170894E-15
4562.5606907606	5.107784E-15
4563.1807633042	5.184546E-15
4563.8008358479	5.121926E-15
4564.4209083915	4.817536E-15
4565.0409809351	5.042931E-15
4565.6610534787	5.166765E-15
4566.2811260223	5.081401E-15
4566.901198566	5.125171E-15
4567.5212711096	4.990911E-15
4568.1413436532	5.111904E-15
4568.7614161968	5.199421E-15
4569.3814887405	5.124551E-15
4570.0015612841	5.198105E-15
4570.6216338277	5.028372E-15
4571.2417063713	5.094367E-15
4571.8617789149	5.232432E-15
4572.4818514586	5.187794E-15
4573.1019240022	5.046429E-15
4573.7219965458	5.069913E-15
4574.3420690894	5.02889E-15
4574.962141633	5.023092E-15
4575.5822141767	5.281784E-15
4576.2022867203	5.171554E-15
4576.8223592639	5.244973E-15
4577.4424318075	5.244803E-15
4578.0625043511	4.926145E-15
4578.6825768948	5.032937E-15
4579.3026494384	5.154491E-15
4579.922721982	5.226562E-15
4580.5427945256	5.031874E-15
4581.1628670693	5.253402E-15
4581.7829396129	5.155814E-15
4582.4030121565	5.244327E-15
4583.0230847001	5.212819E-15
4583.6431572437	5.096997E-15
4584.2632297874	5.234668E-15
4584.883302331	5.125645E-15
4585.5033748746	5.06801E-15
4586.1234474182	5.130601E-15
4586.7435199618	5.11166E-15
4587.3635925055	5.196761E-15
4587.9836650491	5.216912E-15
4588.6037375927	5.097737E-15
4589.2238101363	5.319083E-15
4589.8438826799	5.131322E-15
4590.4639552236	5.244742E-15
4591.0840277672	5.086638E-15
4591.7041003108	5.378572E-15
4592.3241728544	5.129975E-15
4592.9442453981	5.147601E-15
4593.5643179417	5.05879E-15
4594.1843904853	5.194718E-15
4594.8044630289	5.121098E-15
4595.4245355725	5.105456E-15
4596.0446081162	5.137892E-15
4596.6646806598	5.026729E-15
4597.2847532034	5.084178E-15
4597.904825747	4.993134E-15
4598.5248982906	5.018887E-15
4599.1449708343	5.149743E-15
4599.7650433779	5.141047E-15
4600.3851159215	5.057616E-15
4601.0051884651	5.139124E-15
4601.6252610087	5.23768E-15
4602.2453335524	5.078312E-15
4602.865406096	5.045613E-15
4603.4854786396	5.211175E-15
4604.1055511832	5.049588E-15
4604.7256237269	4.993033E-15
4605.3456962705	5.04169E-15
4605.9657688141	5.122584E-15
4606.5858413577	5.004736E-15
4607.2059139013	5.043818E-15
4607.825986445	5.061649E-15
4608.4460589886	5.010336E-15
4609.0661315322	5.094783E-15
4609.6862040758	4.944287E-15
4610.3062766194	5.00405E-15
4610.9263491631	5.165952E-15
4611.5464217067	4.927626E-15
4612.1664942503	4.967109E-15
4612.7865667939	5.150263E-15
4613.4066393375	4.907673E-15
4614.0267118812	4.977254E-15
4614.6467844248	4.983965E-15
4615.2668569684	4.954536E-15
4615.886929512	5.005679E-15
4616.5070020557	4.831764E-15
4617.1270745993	4.826629E-15
4617.7471471429	4.870702E-15
4618.3672196865	4.953723E-15
4618.9872922301	5.039243E-15
4619.6073647738	5.004933E-15
4620.2274373174	4.947549E-15
4620.847509861	5.208746E-15
4621.4675824046	5.12617E-15
4622.0876549482	4.97635E-15
4622.7077274919	5.059235E-15
4623.3278000355	5.078543E-15
4623.9478725791	5.071401E-15
4624.5679451227	4.927852E-15
4625.1880176663	5.085575E-15
4625.80809021	5.072423E-15
4626.4281627536	4.953344E-15
4627.0482352972	5.001731E-15
4627.6683078408	5.085732E-15
4628.2883803845	5.016004E-15
4628.9084529281	4.990141E-15
4629.5285254717	5.056354E-15
4630.1485980153	4.924021E-15
4630.7686705589	4.936825E-15
4631.3887431026	4.717822E-15
4632.0088156462	5.007616E-15
4632.6288881898	5.000658E-15
4633.2489607334	5.199873E-15
4633.869033277	5.030836E-15
4634.4891058207	5.04696E-15
4635.1091783643	4.956113E-15
4635.7292509079	4.894107E-15
4636.3493234515	5.058945E-15
4636.9693959952	4.928868E-15
4637.5894685388	5.013474E-15
4638.2095410824	5.018439E-15
4638.829613626	5.039417E-15
4639.4496861696	5.097971E-15
4640.0697587133	5.082684E-15
4640.6898312569	4.992246E-15
4641.3099038005	4.941814E-15
4641.9299763441	5.015343E-15
4642.5500488877	4.971713E-15
4643.1701214314	4.98274E-15
4643.790193975	4.966611E-15
4644.4102665186	5.059047E-15
4645.0303390622	4.962909E-15
4645.6504116058	4.895544E-15
4646.2704841495	4.850229E-15
4646.8905566931	4.936563E-15
4647.5106292367	5.013452E-15
4648.1307017803	4.89424E-15
4648.750774324	4.879811E-15
4649.3708468676	5.043316E-15
4649.9909194112	4.984666E-15
4650.6109919548	4.989819E-15
4651.2310644984	5.109297E-15
4651.8511370421	4.982482E-15
4652.4712095857	4.854805E-15
4653.0912821293	4.862468E-15
4653.7113546729	4.94707E-15
4654.3314272165	5.094785E-15
4654.9514997602	5.035826E-15
4655.5715723038	5.049996E-15
4656.1916448474	5.014287E-15
4656.811717391	5.062955E-15
4657.4317899346	5.046211E-15
4658.0518624783	4.92708E-15
4658.6719350219	4.978994E-15
4659.2920075655	4.835435E-15
4659.9120801091	4.981007E-15
4660.5321526527	5.006434E-15
4661.1522251964	4.940365E-15
4661.77229774	4.968197E-15
4662.3923702836	4.83262E-15
4663.0124428272	5.089752E-15
4663.6325153709	4.990883E-15
4664.2525879145	4.771328E-15
4664.8726604581	4.943487E-15
4665.4927330017	4.97582E-15
4666.1128055453	5.018613E-15
4666.732878089	4.969693E-15
4667.3529506326	4.895196E-15
4667.9730231762	4.908781E-15
4668.5930957198	4.938385E-15
4669.2131682634	4.842829E-15
4669.8332408071	4.947148E-15
4670.4533133507	4.728667E-15
4671.0733858943	4.906028E-15
4671.6934584379	5.089904E-15
4672.3135309816	4.936891E-15
4672.9336035252	4.917972E-15
4673.5536760688	5.121292E-15
4674.1737486124	4.864935E-15
4674.793821156	4.856824E-15
4675.4138936997	4.926511E-15
4676.0339662433	4.921352E-15
4676.6540387869	4.948005E-15
4677.2741113305	4.807852E-15
4677.8941838741	5.021393E-15
4678.5142564178	4.95846E-15
4679.1343289614	4.999768E-15
4679.754401505	4.875754E-15
4680.3744740486	4.759371E-15
4680.9945465922	4.766602E-15
4681.6146191359	4.763836E-15
4682.2346916795	4.864728E-15
4682.8547642231	4.784078E-15
4683.4748367667	4.874582E-15
4684.0949093103	4.844519E-15
4684.714981854	4.837752E-15
4685.3350543976	4.89137E-15
4685.9551269412	4.790045E-15
4686.5751994848	4.904093E-15
4687.1952720285	4.932211E-15
4687.8153445721	4.939236E-15
4688.4354171157	4.782991E-15
4689.0554896593	4.808581E-15
4689.6755622029	4.907152E-15
4690.2956347466	4.929831E-15
4690.9157072902	4.964866E-15
4691.5357798338	4.805202E-15
4692.1558523774	4.851808E-15
4692.775924921	4.908428E-15
4693.3959974647	4.77295E-15
4694.0160700083	4.867885E-15
4694.6361425519	4.918035E-15
4695.2562150955	4.820472E-15
4695.8762876392	4.813714E-15
4696.4963601828	4.848906E-15
4697.1164327264	4.743216E-15
4697.73650527	4.857995E-15
4698.3565778136	4.765858E-15
4698.9766503573	4.684606E-15
4699.5967229009	4.797454E-15
4700.2167954445	4.8519E-15
4700.8368679881	4.902359E-15
4701.4569405317	4.928466E-15
4702.0770130754	4.835051E-15
4702.697085619	4.975524E-15
4703.3171581626	4.988526E-15
4703.9372307062	4.928422E-15
4704.5573032498	4.965446E-15
4705.1773757935	4.826011E-15
4705.7974483371	4.90534E-15
4706.4175208807	4.694418E-15
4707.0375934243	4.794719E-15
4707.657665968	4.903814E-15
4708.2777385116	4.875125E-15
4708.8978110552	4.822267E-15
4709.5178835988	4.902432E-15
4710.1379561424	4.923883E-15
4710.7580286861	4.665275E-15
4711.3781012297	4.880158E-15
4711.9981737733	4.952961E-15
4712.6182463169	4.800326E-15
4713.2383188605	4.731386E-15
4713.8583914042	4.733639E-15
4714.4784639478	4.762878E-15
4715.0985364914	4.863961E-15
4715.718609035	4.631978E-15
4716.3386815786	5.066333E-15
4716.9587541223	4.618061E-15
4717.5788266659	4.766336E-15
4718.1988992095	4.941387E-15
4718.8189717531	4.813476E-15
4719.4390442968	4.812169E-15
4720.0591168404	4.7684E-15
4720.679189384	4.63484E-15
4721.2992619276	4.803568E-15
4721.9193344712	4.810904E-15
4722.5394070149	4.73016E-15
4723.1594795585	4.754554E-15
4723.7795521021	4.84662E-15
4724.3996246457	4.788967E-15
4725.0196971893	4.854072E-15
4725.639769733	4.731438E-15
4726.2598422766	4.669223E-15
4726.8799148202	4.756932E-15
4727.4999873638	4.786809E-15
4728.1200599074	4.718186E-15
4728.7401324511	4.766879E-15
4729.3602049947	4.688712E-15
4729.9802775383	4.695838E-15
4730.6003500819	4.662537E-15
4731.2204226256	4.78211E-15
4731.8404951692	4.82028E-15
4732.4605677128	4.615447E-15
4733.0806402564	4.770894E-15
4733.7007128	4.720699E-15
4734.3207853437	4.738838E-15
4734.9408578873	4.722145E-15
4735.5609304309	4.806871E-15
4736.1810029745	4.742568E-15
4736.8010755181	4.663511E-15
4737.4211480618	4.761611E-15
4738.0412206054	4.712528E-15
4738.661293149	4.712266E-15
4739.2813656926	4.655446E-15
4739.9014382362	4.701575E-15
4740.5215107799	4.694252E-15
4741.1415833235	4.643679E-15
4741.7616558671	4.654798E-15
4742.3817284107	4.70193E-15
4743.0018009544	4.724414E-15
4743.621873498	4.933083E-15
4744.2419460416	4.742404E-15
4744.8620185852	4.804256E-15
4745.4820911288	4.585656E-15
4746.1021636725	4.640309E-15
4746.7222362161	4.751074E-15
4747.3423087597	4.806237E-15
4747.9623813033	4.668875E-15
4748.5824538469	4.707335E-15
4749.2025263906	4.639669E-15
4749.8225989342	4.672398E-15
4750.4426714778	4.825547E-15
4751.0627440214	4.827859E-15
4751.682816565	4.67127E-15
4752.3028891087	4.581415E-15
4752.9229616523	4.725264E-15
4753.5430341959	4.694459E-15
4754.1631067395	4.745889E-15
4754.7831792832	4.7232E-15
4755.4032518268	4.637608E-15
4756.0233243704	4.744511E-15
4756.643396914	4.773111E-15
4757.2634694576	4.822084E-15
4757.8835420013	4.732305E-15
4758.5036145449	4.4114E-15
4759.1236870885	4.681873E-15
4759.7437596321	4.663572E-15
4760.3638321757	4.583386E-15
4760.9839047194	4.60106E-15
4761.603977263	4.580002E-15
4762.2240498066	4.592928E-15
4762.8441223502	4.776041E-15
4763.4641948938	4.568976E-15
4764.0842674375	4.553546E-15
4764.7043399811	4.500219E-15
4765.3244125247	4.665641E-15
4765.9444850683	4.576715E-15
4766.564557612	4.791829E-15
4767.1846301556	4.878821E-15
4767.8047026992	4.596109E-15
4768.4247752428	4.728324E-15
4769.0448477864	4.617878E-15
4769.6649203301	4.52936E-15
4770.2849928737	4.676238E-15
4770.9050654173	4.708912E-15
4771.5251379609	4.645352E-15
4772.1452105045	4.692849E-15
4772.7652830482	4.550945E-15
4773.3853555918	4.583542E-15
4774.0054281354	4.590487E-15
4774.625500679	4.518024E-15
4775.2455732226	4.511168E-15
4775.8656457663	4.641948E-15
4776.4857183099	4.590831E-15
4777.1057908535	4.704999E-15
4777.7258633971	4.783955E-15
4778.3459359408	4.778021E-15
4778.9660084844	4.51287E-15
4779.586081028	4.531246E-15
4780.2061535716	4.65791E-15
4780.8262261152	4.672519E-15
4781.4462986589	4.560834E-15
4782.0663712025	4.422571E-15
4782.6864437461	4.475588E-15
4783.3065162897	4.507827E-15
4783.9265888333	4.596369E-15
4784.546661377	4.655098E-15
4785.1667339206	4.657379E-15
4785.7868064642	4.600537E-15
4786.4068790078	4.432905E-15
4787.0269515514	4.479E-15
4787.6470240951	4.535703E-15
4788.2670966387	4.509996E-15
4788.8871691823	4.480574E-15
4789.5072417259	4.626839E-15
4790.1273142696	4.705749E-15
4790.7473868132	4.646815E-15
4791.3674593568	4.468118E-15
4791.9875319004	4.544422E-15
4792.607604444	4.495816E-15
4793.2276769877	4.496031E-15
4793.8477495313	4.629684E-15
4794.4678220749	4.575536E-15
4795.0878946185	4.50934E-15
4795.7079671621	4.785127E-15
4796.3280397058	4.503388E-15
4796.9481122494	4.38662E-15
4797.568184793	4.523227E-15
4798.1882573366	4.602652E-15
4798.8083298802	4.573432E-15
4799.4284024239	4.503927E-15
4800.0484749675	4.516036E-15
4800.6685475111	4.585462E-15
4801.2886200547	4.589484E-15
4801.9086925984	4.582962E-15
4802.528765142	4.524253E-15
4803.1488376856	4.429576E-15
4803.7689102292	4.43694E-15
4804.3889827728	4.493047E-15
4805.0090553165	4.355419E-15
4805.6291278601	4.47821E-15
4806.2492004037	4.584526E-15
4806.8692729473	4.648214E-15
4807.4893454909	4.494938E-15
4808.1094180346	4.394149E-15
4808.7294905782	4.494746E-15
4809.3495631218	4.497115E-15
4809.9696356654	4.528365E-15
4810.589708209	4.468584E-15
4811.2097807527	4.4967E-15
4811.8298532963	4.490234E-15
4812.4499258399	4.494899E-15
4813.0699983835	4.511207E-15
4813.6900709272	4.426464E-15
4814.3101434708	4.415231E-15
4814.9302160144	4.497047E-15
4815.550288558	4.248044E-15
4816.1703611016	4.27126E-15
4816.7904336453	4.463771E-15
4817.4105061889	4.41071E-15
4818.0305787325	4.398754E-15
4818.6506512761	4.404904E-15
4819.2707238197	4.430372E-15
4819.8907963634	4.420498E-15
4820.510868907	4.290476E-15
4821.1309414506	4.298649E-15
4821.7510139942	4.393507E-15
4822.3710865378	4.44923E-15
4822.9911590815	4.401946E-15
4823.6112316251	4.481002E-15
4824.2313041687	4.373744E-15
4824.8513767123	4.39041E-15
4825.471449256	4.470292E-15
4826.0915217996	4.199866E-15
4826.7115943432	4.393078E-15
4827.3316668868	4.280854E-15
4827.9517394304	4.320791E-15
4828.5718119741	4.304447E-15
4829.1918845177	4.216854E-15
4829.8119570613	4.381725E-15
4830.4320296049	4.40416E-15
4831.0521021485	4.292887E-15
4831.6721746922	4.358339E-15
4832.2922472358	4.254763E-15
4832.9123197794	4.298225E-15
4833.532392323	4.378614E-15
4834.1524648666	4.114091E-15
4834.7725374103	4.11822E-15
4835.3926099539	4.284301E-15
4836.0126824975	4.209315E-15
4836.6327550411	4.224692E-15
4837.2528275848	4.226294E-15
4837.8729001284	4.154617E-15
4838.492972672	4.329506E-15
4839.1130452156	4.205383E-15
4839.7331177592	4.195803E-15
4840.3531903029	4.216043E-15
4840.9732628465	4.114127E-15
4841.5933353901	4.119438E-15
4842.2134079337	4.182663E-15
4842.8334804773	4.306076E-15
4843.453553021	4.345411E-15
4844.0736255646	4.223325E-15
4844.6936981082	4.28492E-15
4845.3137706518	4.310307E-15
4845.9338431954	4.188305E-15
4846.5539157391	4.329924E-15
4847.1739882827	4.402558E-15
4847.7940608263	4.386518E-15
4848.4141333699	4.540215E-15
4849.0342059136	4.484112E-15
4849.6542784572	4.48467E-15
4850.2743510008	4.652395E-15
4850.8944235444	4.591437E-15
4851.514496088	4.749086E-15
4852.1345686317	4.809379E-15
4852.7546411753	4.860253E-15
4853.3747137189	4.705347E-15
4853.9947862625	4.748941E-15
4854.6148588061	4.642359E-15
4855.2349313498	4.728492E-15
4855.8550038934	4.590794E-15
4856.475076437	4.712537E-15
4857.0951489806	4.853079E-15
4857.7152215242	4.71588E-15
4858.3352940679	4.686713E-15
4858.9553666115	4.683824E-15
4859.5754391551	4.656523E-15
4860.1955116987	4.68506E-15
4860.8155842424	4.71447E-15
4861.435656786	4.646229E-15
4862.0557293296	4.619333E-15
4862.6758018732	4.510622E-15
4863.2958744168	4.556767E-15
4863.9159469605	4.681214E-15
4864.5360195041	4.644483E-15
4865.1560920477	4.530487E-15
4865.7761645913	4.746542E-15
4866.3962371349	4.680583E-15
4867.0163096786	4.687466E-15
4867.6363822222	4.671953E-15
4868.2564547658	4.675749E-15
4868.8765273094	4.68937E-15
4869.496599853	4.700253E-15
4870.1166723967	4.803606E-15
4870.7367449403	4.776367E-15
4871.3568174839	4.695117E-15
4871.9768900275	4.657591E-15
4872.5969625712	4.692815E-15
4873.2170351148	4.817142E-15
4873.8371076584	4.781316E-15
4874.457180202	4.585096E-15
4875.0772527456	4.545182E-15
4875.6973252893	4.641904E-15
4876.3173978329	4.778905E-15
4876.9374703765	4.450289E-15
4877.5575429201	4.410524E-15
4878.1776154637	4.503126E-15
4878.7976880074	4.308651E-15
4879.417760551	4.315263E-15
4880.0378330946	4.233047E-15
4880.6579056382	4.22584E-15
4881.2779781818	4.24165E-15
4881.8980507255	4.268236E-15
4882.5181232691	4.280107E-15
4883.1381958127	4.133857E-15
4883.7582683563	4.229238E-15
4884.3783409	4.210952E-15
4884.9984134436	4.184192E-15
4885.6184859872	4.24552E-15
4886.2385585308	4.079602E-15
4886.8586310744	4.116189E-15
4887.4787036181	4.295176E-15
4888.0987761617	4.324981E-15
4888.7188487053	4.239414E-15
4889.3389212489	4.142612E-15
4889.9589937925	4.186342E-15
4890.5790663362	4.144172E-15
4891.1991388798	4.231045E-15
4891.8192114234	4.153749E-15
4892.439283967	4.196019E-15
4893.0593565106	4.237133E-15
4893.6794290543	4.253509E-15
4894.2995015979	4.19581E-15
4894.9195741415	4.066777E-15
4895.5396466851	4.295828E-15
4896.1597192288	4.154233E-15
4896.7797917724	4.245088E-15
4897.399864316	4.014253E-15
4898.0199368596	4.211971E-15
4898.6400094032	4.134353E-15
4899.2600819469	4.274647E-15
4899.8801544905	4.190538E-15
4900.5002270341	4.168992E-15
4901.1202995777	4.242675E-15
4901.7403721213	4.093839E-15
4902.360444665	4.037605E-15
4902.9805172086	4.151488E-15
4903.6005897522	4.196772E-15
4904.2206622958	4.112127E-15
4904.8407348394	4.053336E-15
4905.4608073831	4.20148E-15
4906.0808799267	4.293898E-15
4906.7009524703	4.28025E-15
4907.3210250139	4.379231E-15
4907.9410975576	4.257012E-15
4908.5611701012	4.234139E-15
4909.1812426448	4.257025E-15
4909.8013151884	4.296584E-15
4910.421387732	4.33611E-15
4911.0414602757	4.37564E-15
4911.6615328193	4.406591E-15
4912.2816053629	4.308671E-15
4912.9016779065	4.470644E-15
4913.5217504501	4.372825E-15
4914.1418229938	4.426112E-15
4914.7618955374	4.355838E-15
4915.381968081	4.426268E-15
4916.0020406246	4.34095E-15
4916.6221131682	4.293996E-15
4917.2421857119	4.419932E-15
4917.8622582555	4.363465E-15
4918.4823307991	4.407432E-15
4919.1024033427	4.355935E-15
4919.7224758864	4.300833E-15
4920.34254843	4.439086E-15
4920.9626209736	4.392812E-15
4921.5826935172	4.441005E-15
4922.2027660608	4.451084E-15
4922.8228386045	4.303912E-15
4923.4429111481	4.307423E-15
4924.0629836917	4.412213E-15
4924.6830562353	4.440361E-15
4925.3031287789	4.475342E-15
4925.9232013226	4.478377E-15
4926.5432738662	4.419362E-15
4927.1633464098	4.38095E-15
4927.7834189534	4.446018E-15
4928.403491497	4.355826E-15
4929.0235640407	4.353515E-15
4929.6436365843	4.376088E-15
4930.2637091279	4.380138E-15
4930.8837816715	4.384168E-15
4931.5038542152	4.433628E-15
4932.1239267588	4.413302E-15
4932.7439993024	4.436856E-15
4933.364071846	4.417519E-15
4933.9841443896	4.381042E-15
4934.6042169333	4.390364E-15
4935.2242894769	4.368428E-15
4935.8443620205	4.328286E-15
4936.4644345641	4.28908E-15
4937.0845071077	4.420159E-15
4937.7045796514	4.269731E-15
4938.324652195	4.253358E-15
4938.9447247386	4.369093E-15
4939.5647972822	4.271195E-15
4940.1848698258	4.319741E-15
4940.8049423695	4.184632E-15
4941.4250149131	4.262032E-15
4942.0450874567	4.301931E-15
4942.6651600003	4.305889E-15
4943.285232544	4.193611E-15
4943.9053050876	4.26557E-15
4944.5253776312	4.272184E-15
4945.1454501748	4.191733E-15
4945.7655227184	4.269063E-15
4946.3855952621	4.141113E-15
4947.0056678057	4.297793E-15
4947.6257403493	4.273107E-15
4948.2458128929	4.294748E-15
4948.8658854365	4.311169E-15
4949.4859579802	4.477749E-15
4950.1060305238	4.256828E-15
4950.7261030674	4.232306E-15
4951.346175611	4.397479E-15
4951.9662481547	4.382188E-15
4952.5863206983	4.211689E-15
4953.2063932419	4.407311E-15
4953.8264657855	4.431342E-15
4954.4465383291	4.200533E-15
4955.0666108728	4.313117E-15
4955.6866834164	4.315958E-15
4956.30675596	4.305616E-15
4956.9268285036	4.314041E-15
4957.5469010472	4.108752E-15
4958.1669735909	4.366462E-15
4958.7870461345	4.412502E-15
4959.4071186781	4.279241E-15
4960.0271912217	4.268588E-15
4960.6472637653	4.309607E-15
4961.267336309	4.221774E-15
4961.8874088526	4.147027E-15
4962.5074813962	4.160188E-15
4963.1275539398	4.225413E-15
4963.7476264834	4.313823E-15
4964.3676990271	4.2839E-15
4964.9877715707	4.209261E-15
4965.6078441143	4.298351E-15
4966.2279166579	4.290454E-15
4966.8479892016	4.210973E-15
4967.4680617452	4.271979E-15
4968.0881342888	4.303378E-15
4968.7082068324	4.202457E-15
4969.328279376	4.298784E-15
4969.9483519197	4.238005E-15
4970.5684244633	4.171385E-15
4971.1884970069	4.135109E-15
4971.8085695505	4.261492E-15
4972.4286420941	4.207537E-15
4973.0487146378	4.443906E-15
4973.6687871814	4.309326E-15
4974.288859725	4.21301E-15
4974.9089322686	4.234522E-15
4975.5290048123	4.266745E-15
4976.1490773559	4.331115E-15
4976.7691498995	4.15092E-15
4977.3892224431	4.246102E-15
4978.0092949867	4.332808E-15
4978.6293675304	4.221419E-15
4979.249440074	4.328289E-15
4979.8695126176	4.353405E-15
4980.4895851612	4.292201E-15
4981.1096577048	4.181678E-15
4981.7297302485	4.063552E-15
4982.3498027921	4.124471E-15
4982.9698753357	4.316482E-15
4983.5899478793	4.172992E-15
4984.2100204229	4.242561E-15
4984.8300929666	4.185876E-15
4985.4501655102	4.255344E-15
4986.0702380538	4.154628E-15
4986.6903105974	4.264481E-15
4987.310383141	4.223149E-15
4987.9304556847	4.359539E-15
4988.5505282283	4.150301E-15
4989.1706007719	4.249876E-15
4989.7906733155	4.282507E-15
4990.4107458592	4.284505E-15
4991.0308184028	4.252338E-15
4991.6508909464	4.303269E-15
4992.27096349	4.246468E-15
4992.8910360336	4.197454E-15
4993.5111085773	4.281269E-15
4994.1311811209	4.168253E-15
4994.7512536645	4.110836E-15
4995.3713262081	4.34019E-15
4995.9913987517	4.262064E-15
4996.6114712954	4.143789E-15
4997.231543839	4.268194E-15
4997.8516163826	4.331169E-15
4998.4716889262	4.255903E-15
4999.0917614699	4.157521E-15
4999.7118340135	4.129496E-15
5000.3319065571	4.202334E-15
5000.9519791007	4.330533E-15
5001.5720516443	4.248325E-15
5002.192124188	4.383052E-15
5002.8121967316	4.261837E-15
5003.4322692752	4.397859E-15
5004.0523418188	4.336178E-15
5004.6724143624	4.196083E-15
5005.2924869061	4.247597E-15
5005.9125594497	4.343694E-15
5006.5326319933	4.375364E-15
5007.1527045369	4.350037E-15
5007.7727770805	4.312616E-15
5008.3928496242	4.399604E-15
5009.0129221678	4.229267E-15
5009.6329947114	4.433892E-15
5010.253067255	4.154561E-15
5010.8731397987	4.218309E-15
5011.4932123423	4.39007E-15
5012.1132848859	4.279947E-15
5012.7333574295	4.336401E-15
5013.3534299731	4.275286E-15
5013.9735025168	4.210694E-15
5014.5935750604	4.462924E-15
5015.213647604	4.300563E-15
5015.8337201476	4.244696E-15
5016.4537926912	4.232133E-15
5017.0738652349	4.264985E-15
5017.6939377785	4.116486E-15
5018.3140103221	4.252855E-15
5018.9340828657	4.230841E-15
5019.5541554093	4.235358E-15
5020.174227953	4.315307E-15
5020.7943004966	4.24816E-15
5021.4143730402	4.180548E-15
5022.0344455838	4.301451E-15
5022.6545181275	4.127069E-15
5023.2745906711	4.255269E-15
5023.8946632147	4.241866E-15
5024.5147357583	4.111834E-15
5025.1348083019	4.32668E-15
5025.7548808456	4.166453E-15
5026.3749533892	4.231973E-15
5026.9950259328	4.37668E-15
5027.6150984764	4.385995E-15
5028.23517102	4.33604E-15
5028.8552435637	4.321934E-15
5029.4753161073	4.362426E-15
5030.0953886509	4.200374E-15
5030.7154611945	4.292094E-15
5031.3355337381	4.36783E-15
5031.9556062818	4.304176E-15
5032.5756788254	4.160696E-15
5033.195751369	4.379391E-15
5033.8158239126	4.149734E-15
5034.4358964563	4.133305E-15
5035.0559689999	4.198768E-15
5035.6760415435	4.174087E-15
5036.2961140871	4.093969E-15
5036.9161866307	4.02484E-15
5037.5362591744	4.162142E-15
5038.156331718	4.125709E-15
5038.7764042616	4.075832E-15
5039.3964768052	4.0925E-15
5040.0165493488	4.151281E-15
5040.6366218925	4.207493E-15
5041.2566944361	4.038317E-15
5041.8767669797	4.114639E-15
5042.4968395233	4.125371E-15
5043.1169120669	4.000195E-15
5043.7369846106	4.148241E-15
5044.3570571542	4.082833E-15
5044.9771296978	3.909957E-15
5045.5972022414	4.116051E-15
5046.2172747851	4.103869E-15
5046.8373473287	4.231357E-15
5047.4574198723	4.219471E-15
5048.0774924159	4.067415E-15
5048.6975649595	4.198383E-15
5049.3176375032	4.098835E-15
5049.9377100468	4.123475E-15
5050.5577825904	4.208351E-15
5051.177855134	4.19725E-15
5051.7979276776	3.974818E-15
5052.4180002213	4.218957E-15
5053.0380727649	4.17435E-15
5053.6581453085	4.200172E-15
5054.2782178521	3.972577E-15
5054.8982903957	4.037218E-15
5055.5183629394	4.055522E-15
5056.138435483	4.164704E-15
5056.7585080266	4.30469E-15
5057.3785805702	4.169559E-15
5057.9986531139	4.090536E-15
5058.6187256575	4.168148E-15
5059.2387982011	4.074187E-15
5059.8588707447	4.119085E-15
5060.4789432883	4.148826E-15
5061.099015832	4.182008E-15
5061.7190883756	4.074772E-15
5062.3391609192	4.017691E-15
5062.9592334628	4.051003E-15
5063.5793060064	3.973279E-15
5064.1993785501	4.042054E-15
5064.8194510937	4.109862E-15
5065.4395236373	4.10575E-15
5066.0595961809	4.116343E-15
5066.6796687245	4.066312E-15
5067.2997412682	4.138714E-15
5067.9198138118	3.959194E-15
5068.5398863554	4.143395E-15
5069.159958899	3.947979E-15
5069.7800314427	4.027784E-15
5070.4001039863	4.139369E-15
5071.0201765299	3.989729E-15
5071.6402490735	3.881889E-15
5072.2603216171	4.11465E-15
5072.8803941608	3.924523E-15
5073.5004667044	4.092884E-15
5074.120539248	3.980536E-15
5074.7406117916	3.99706E-15
5075.3606843352	4.050598E-15
5075.9807568789	4.115467E-15
5076.6008294225	3.957104E-15
5077.2209019661	3.988498E-15
5077.8409745097	4.021362E-15
5078.4610470533	3.960094E-15
5079.081119597	4.053643E-15
5079.7011921406	3.914102E-15
5080.3212646842	4.050725E-15
5080.9413372278	4.072642E-15
5081.5614097715	3.917737E-15
5082.1814823151	3.958148E-15
5082.8015548587	3.937976E-15
5083.4216274023	3.852788E-15
5084.0416999459	3.835396E-15
5084.6617724896	3.885305E-15
5085.2818450332	3.888516E-15
5085.9019175768	3.841306E-15
5086.5219901204	3.890196E-15
5087.142062664	3.876974E-15
5087.7621352077	3.833086E-15
5088.3822077513	3.783987E-15
5089.0022802949	3.837487E-15
5089.6223528385	3.71666E-15
5090.2424253821	3.765057E-15
5090.8624979258	3.665059E-15
5091.4825704694	3.630013E-15
5092.102643013	3.593207E-15
5092.7227155566	3.515317E-15
5093.3427881003	3.510141E-15
5093.9628606439	3.431902E-15
5094.5829331875	3.530302E-15
5095.2030057311	3.52967E-15
5095.8230782747	3.362142E-15
5096.4431508184	3.335574E-15
5097.063223362	3.387856E-15
5097.6832959056	3.155315E-15
5098.3033684492	3.140189E-15
5098.9234409928	3.336402E-15
5099.5435135365	3.13789E-15
5100.1635860801	3.198726E-15
