3955.9592285156  4.070584E-14
3956.57701422861  3.835813E-14
3957.19479994161  3.730161E-14
3957.81258565462  3.662509E-14
3958.43037136762  3.747883E-14
3959.04815708063  3.746991E-14
3959.66594279364  3.770250E-14
3960.28372850664  3.770465E-14
3960.90151421965  3.806182E-14
3961.51929993265  3.834052E-14
3962.13708564566  3.817137E-14
3962.75487135866  3.825936E-14
3963.37265707167  3.853194E-14
3963.99044278467  3.876594E-14
3964.60822849768  3.892819E-14
3965.22601421068  3.930241E-14
3965.84379992369  3.914197E-14
3966.46158563669  3.897021E-14
3967.0793713497  3.888354E-14
3967.6971570627  3.930607E-14
3968.31494277571  3.990500E-14
3968.93272848871  3.969544E-14
3969.55051420172  3.998885E-14
3970.16829991472  4.050865E-14
3970.78608562773  4.025744E-14
3971.40387134073  4.060238E-14
3972.02165705374  4.123397E-14
3972.63944276674  4.065367E-14
3973.25722847975  4.053716E-14
3973.87501419275  4.096847E-14
3974.49279990576  4.133839E-14
3975.11058561876  4.192585E-14
3975.72837133177  4.182678E-14
3976.34615704477  4.168707E-14
3976.96394275778  4.190578E-14
3977.58172847078  4.210678E-14
3978.19951418379  4.261686E-14
3978.8172998968  4.285899E-14
3979.4350856098  4.286589E-14
3980.05287132281  4.341754E-14
3980.67065703581  4.301558E-14
3981.28844274882  4.309498E-14
3981.90622846182  4.383194E-14
3982.52401417483  4.427620E-14
3983.14179988783  4.426095E-14
3983.75958560084  4.457844E-14
3984.37737131384  4.524920E-14
3984.99515702685  4.534215E-14
3985.61294273985  4.542920E-14
3986.23072845286  4.552521E-14
3986.84851416586  4.572686E-14
3987.46629987887  4.630542E-14
3988.08408559187  4.650639E-14
3988.70187130488  4.676392E-14
3989.31965701788  4.691351E-14
3989.93744273089  4.729833E-14
3990.55522844389  4.715942E-14
3991.1730141569  4.744579E-14
3991.7907998699  4.737361E-14
3992.40858558291  4.737061E-14
3993.02637129591  4.806134E-14
3993.64415700892  4.865947E-14
3994.26194272192  4.880695E-14
3994.87972843493  4.902158E-14
3995.49751414793  4.925625E-14
3996.11529986094  4.935163E-14
3996.73308557394  4.959731E-14
3997.35087128695  4.978843E-14
3997.96865699996  4.990960E-14
3998.58644271296  5.061326E-14
3999.20422842597  5.084641E-14
3999.82201413897  5.071843E-14
4000.43979985198  5.032841E-14
4001.05758556498  5.104399E-14
4001.67537127799  5.085538E-14
4002.29315699099  5.085049E-14
4002.910942704  5.106990E-14
4003.528728417  5.142392E-14
4004.14651413001  5.158490E-14
4004.76429984301  5.208535E-14
4005.38208555602  5.153111E-14
4005.99987126902  5.190319E-14
4006.61765698203  5.211147E-14
4007.23544269503  5.207751E-14
4007.85322840804  5.223004E-14
4008.47101412104  5.185135E-14
4009.08879983405  5.160351E-14
4009.70658554705  5.157002E-14
4010.32437126006  5.194741E-14
4010.94215697306  5.188112E-14
4011.55994268607  5.167878E-14
4012.17772839907  5.174347E-14
4012.79551411208  5.176724E-14
4013.41329982508  5.168383E-14
4014.03108553809  5.111361E-14
4014.64887125109  5.150067E-14
4015.2666569641  5.131560E-14
4015.8844426771  5.122665E-14
4016.50222839011  5.159745E-14
4017.12001410312  5.117296E-14
4017.73779981612  5.159808E-14
4018.35558552913  5.182327E-14
4018.97337124213  5.150625E-14
4019.59115695514  5.203379E-14
4020.20894266814  5.226251E-14
4020.82672838115  5.246792E-14
4021.44451409415  5.277088E-14
4022.06229980716  5.239951E-14
4022.68008552016  5.215174E-14
4023.29787123317  5.236063E-14
4023.91565694617  5.243717E-14
4024.53344265918  5.220344E-14
4025.15122837218  5.218326E-14
4025.76901408519  5.261790E-14
4026.38679979819  5.280477E-14
4027.0045855112  5.225877E-14
4027.6223712242  5.221703E-14
4028.24015693721  5.281501E-14
4028.85794265021  5.274550E-14
4029.47572836322  5.279414E-14
4030.09351407622  5.296278E-14
4030.71129978923  5.299104E-14
4031.32908550223  5.295541E-14
4031.94687121524  5.279902E-14
4032.56465692824  5.295265E-14
4033.18244264125  5.271561E-14
4033.80022835425  5.232087E-14
4034.41801406726  5.228217E-14
4035.03579978027  5.197253E-14
4035.65358549327  5.169855E-14
4036.27137120628  5.242437E-14
4036.88915691928  5.230485E-14
4037.50694263229  5.210551E-14
4038.12472834529  5.193610E-14
4038.7425140583  5.194635E-14
4039.3602997713  5.250717E-14
4039.97808548431  5.229861E-14
4040.59587119731  5.200721E-14
4041.21365691032  5.257933E-14
4041.83144262332  5.324596E-14
4042.44922833633  5.301705E-14
4043.06701404933  5.316075E-14
4043.68479976234  5.321140E-14
4044.30258547534  5.335640E-14
4044.92037118835  5.365690E-14
4045.53815690135  5.387183E-14
4046.15594261436  5.383496E-14
4046.77372832736  5.374228E-14
4047.39151404037  5.348393E-14
4048.00929975337  5.401243E-14
4048.62708546638  5.485551E-14
4049.24487117938  5.467697E-14
4049.86265689239  5.426745E-14
4050.48044260539  5.435016E-14
4051.0982283184  5.461954E-14
4051.7160140314  5.435212E-14
4052.33379974441  5.456160E-14
4052.95158545741  5.481983E-14
4053.56937117042  5.460276E-14
4054.18715688343  5.454619E-14
4054.80494259643  5.473739E-14
4055.42272830944  5.492670E-14
4056.04051402244  5.513653E-14
4056.65829973545  5.524203E-14
4057.27608544845  5.510949E-14
4057.89387116146  5.502366E-14
4058.51165687446  5.491516E-14
4059.12944258747  5.441566E-14
4059.74722830047  5.432630E-14
4060.36501401348  5.425157E-14
4060.98279972648  5.425163E-14
4061.60058543949  5.428935E-14
4062.21837115249  5.416007E-14
4062.8361568655  5.426072E-14
4063.4539425785  5.452864E-14
4064.07172829151  5.392857E-14
4064.68951400451  5.389899E-14
4065.30729971752  5.396066E-14
4065.92508543052  5.355139E-14
4066.54287114353  5.321900E-14
4067.16065685653  5.326336E-14
4067.77844256954  5.317166E-14
4068.39622828254  5.344273E-14
4069.01401399555  5.336328E-14
4069.63179970855  5.283644E-14
4070.24958542156  5.271834E-14
4070.86737113456  5.306593E-14
4071.48515684757  5.259354E-14
4072.10294256057  5.238745E-14
4072.72072827358  5.274547E-14
4073.33851398658  5.208893E-14
4073.95629969959  5.184779E-14
4074.57408541259  5.238077E-14
4075.1918711256  5.188389E-14
4075.80965683861  5.155438E-14
4076.42744255161  5.179786E-14
4077.04522826462  5.188307E-14
4077.66301397762  5.106921E-14
4078.28079969063  5.016657E-14
4078.89858540363  5.002779E-14
4079.51637111664  4.996411E-14
4080.13415682964  5.006813E-14
4080.75194254265  4.925732E-14
4081.36972825565  4.909198E-14
4081.98751396866  4.912189E-14
4082.60529968166  4.925298E-14
4083.22308539467  4.876507E-14
4083.84087110767  4.830075E-14
4084.45865682068  4.828715E-14
4085.07644253368  4.781003E-14
4085.69422824669  4.722004E-14
4086.31201395969  4.735816E-14
4086.9297996727  4.763100E-14
4087.5475853857  4.695027E-14
4088.16537109871  4.627844E-14
4088.78315681171  4.635766E-14
4089.40094252472  4.635188E-14
4090.01872823773  4.612494E-14
4090.63651395073  4.604943E-14
4091.25429966373  4.544788E-14
4091.87208537674  4.563386E-14
4092.48987108975  4.566143E-14
4093.10765680275  4.547170E-14
4093.72544251576  4.552128E-14
4094.34322822876  4.542641E-14
4094.96101394177  4.506646E-14
4095.57879965477  4.493502E-14
4096.19658536778  4.464128E-14
4096.81437108078  4.471775E-14
4097.43215679379  4.530435E-14
4098.04994250679  4.519934E-14
4098.6677282198  4.507546E-14
4099.2855139328  4.570954E-14
4099.90329964581  4.617091E-14
4100.52108535881  4.605844E-14
4101.13887107182  4.592492E-14
4101.75665678482  4.631625E-14
4102.37444249783  4.648411E-14
4102.99222821083  4.634491E-14
4103.61001392384  4.644738E-14
4104.22779963684  4.650417E-14
4104.84558534985  4.649239E-14
4105.46337106285  4.667261E-14
4106.08115677586  4.685665E-14
4106.69894248886  4.713217E-14
4107.31672820187  4.720288E-14
4107.93451391487  4.792974E-14
4108.55229962788  4.778703E-14
4109.17008534089  4.764999E-14
4109.78787105389  4.812577E-14
4110.4056567669  4.792705E-14
4111.0234424799  4.777211E-14
4111.6412281929  4.819706E-14
4112.25901390591  4.826774E-14
4112.87679961892  4.845682E-14
4113.49458533192  4.829795E-14
4114.11237104493  4.863414E-14
4114.73015675793  4.915482E-14
4115.34794247094  4.886448E-14
4115.96572818394  4.901013E-14
4116.58351389695  4.966337E-14
4117.20129960995  4.990413E-14
4117.81908532296  5.015846E-14
4118.43687103596  5.043033E-14
4119.05465674897  5.111379E-14
4119.67244246197  5.152168E-14
4120.29022817498  5.140180E-14
4120.90801388798  5.136001E-14
4121.52579960099  5.213754E-14
4122.14358531399  5.226731E-14
4122.761371027  5.262600E-14
4123.37915674  5.309592E-14
4123.99694245301  5.327785E-14
4124.61472816601  5.352376E-14
4125.23251387902  5.386260E-14
4125.85029959202  5.408301E-14
4126.46808530503  5.400756E-14
4127.08587101803  5.419063E-14
4127.70365673104  5.498949E-14
4128.32144244405  5.549583E-14
4128.93922815705  5.515351E-14
4129.55701387005  5.484462E-14
4130.17479958306  5.518250E-14
4130.79258529607  5.571802E-14
4131.41037100907  5.592198E-14
4132.02815672207  5.576567E-14
4132.64594243508  5.579469E-14
4133.26372814809  5.605365E-14
4133.88151386109  5.636951E-14
4134.4992995741  5.640188E-14
4135.1170852871  5.625806E-14
4135.73487100011  5.657077E-14
4136.35265671311  5.668786E-14
4136.97044242612  5.679991E-14
4137.58822813912  5.694094E-14
4138.20601385213  5.778937E-14
4138.82379956513  5.793524E-14
4139.44158527814  5.783481E-14
4140.05937099114  5.783371E-14
4140.67715670415  5.789275E-14
4141.29494241715  5.831635E-14
4141.91272813016  5.856861E-14
4142.53051384316  5.875095E-14
4143.14829955617  5.888408E-14
4143.76608526917  5.946454E-14
4144.38387098218  5.959547E-14
4145.00165669518  5.949635E-14
4145.61944240819  5.963549E-14
4146.23722812119  5.924815E-14
4146.8550138342  5.942247E-14
4147.4727995472  5.967319E-14
4148.09058526021  5.959514E-14
4148.70837097321  5.970591E-14
4149.32615668622  5.934112E-14
4149.94394239923  5.936737E-14
4150.56172811223  5.982113E-14
4151.17951382524  5.983160E-14
4151.79729953824  5.969755E-14
4152.41508525125  5.969825E-14
4153.03287096425  5.981201E-14
4153.65065667726  5.955310E-14
4154.26844239026  6.002399E-14
4154.88622810327  6.029113E-14
4155.50401381627  5.986997E-14
4156.12179952928  6.003126E-14
4156.73958524228  6.014429E-14
4157.35737095529  6.022862E-14
4157.97515666829  6.007225E-14
4158.5929423813  5.984536E-14
4159.2107280943  6.043623E-14
4159.82851380731  6.049566E-14
4160.44629952031  6.034143E-14
4161.06408523332  6.035131E-14
4161.68187094632  6.034955E-14
4162.29965665933  6.024190E-14
4162.91744237233  6.005329E-14
4163.53522808534  6.000082E-14
4164.15301379834  5.979627E-14
4164.77079951135  6.020885E-14
4165.38858522435  5.986541E-14
4166.00637093736  5.971944E-14
4166.62415665036  5.981638E-14
4167.24194236337  5.963001E-14
4167.85972807638  5.944084E-14
4168.47751378938  5.911627E-14
4169.09529950239  5.938863E-14
4169.71308521539  5.937106E-14
4170.33087092839  5.913808E-14
4170.9486566414  5.942366E-14
4171.56644235441  5.951822E-14
4172.18422806741  5.938495E-14
4172.80201378042  5.944093E-14
4173.41979949342  5.950934E-14
4174.03758520643  5.945946E-14
4174.65537091943  5.978280E-14
4175.27315663244  5.984078E-14
4175.89094234544  5.954724E-14
4176.50872805845  5.929397E-14
4177.12651377145  5.929283E-14
4177.74429948446  5.937000E-14
4178.36208519746  5.930444E-14
4178.97987091047  5.963780E-14
4179.59765662347  5.942137E-14
4180.21544233648  5.940579E-14
4180.83322804948  5.944313E-14
4181.45101376249  5.895311E-14
4182.06879947549  5.931268E-14
4182.6865851885  5.940329E-14
4183.3043709015  5.945186E-14
4183.92215661451  5.931982E-14
4184.53994232751  5.917186E-14
4185.15772804052  5.945807E-14
4185.77551375352  5.955667E-14
4186.39329946653  5.962984E-14
4187.01108517953  5.978058E-14
4187.62887089254  5.950879E-14
4188.24665660555  5.977889E-14
4188.86444231855  6.012685E-14
4189.48222803155  5.983660E-14
4190.10001374456  5.994302E-14
4190.71779945757  6.018492E-14
4191.33558517057  5.987892E-14
4191.95337088358  5.977757E-14
4192.57115659658  5.996983E-14
4193.18894230959  5.968924E-14
4193.80672802259  5.938316E-14
4194.4245137356  5.932359E-14
4195.0422994486  5.981184E-14
4195.66008516161  5.943006E-14
4196.27787087461  5.972816E-14
4196.89565658762  6.006563E-14
4197.51344230062  5.991616E-14
4198.13122801363  5.965493E-14
4198.74901372663  5.989358E-14
4199.36679943964  6.012517E-14
4199.98458515264  6.060623E-14
4200.60237086565  6.051954E-14
4201.22015657865  6.020096E-14
4201.83794229166  6.025472E-14
4202.45572800466  6.058994E-14
4203.07351371767  6.024607E-14
4203.69129943067  6.004388E-14
4204.30908514368  6.030941E-14
4204.92687085668  6.075697E-14
4205.54465656969  6.057252E-14
4206.1624422827  6.017884E-14
4206.7802279957  6.038736E-14
4207.39801370871  6.065347E-14
4208.01579942171  6.055468E-14
4208.63358513472  6.082099E-14
4209.25137084772  6.138841E-14
4209.86915656073  6.097000E-14
4210.48694227373  6.113188E-14
4211.10472798674  6.139332E-14
4211.72251369974  6.088705E-14
4212.34029941275  6.077457E-14
4212.95808512575  6.152231E-14
4213.57587083876  6.087431E-14
4214.19365655176  6.066782E-14
4214.81144226477  6.070054E-14
4215.42922797777  6.027537E-14
4216.04701369078  6.028842E-14
4216.66479940378  5.966376E-14
4217.28258511679  5.959588E-14
4217.90037082979  5.960162E-14
4218.5181565428  5.983765E-14
4219.1359422558  5.967344E-14
4219.75372796881  5.976945E-14
4220.37151368181  5.972502E-14
4220.98929939482  5.936010E-14
4221.60708510782  5.954112E-14
4222.22487082083  5.944429E-14
4222.84265653383  5.922507E-14
4223.46044224684  5.958121E-14
4224.07822795984  5.954842E-14
4224.69601367285  5.936170E-14
4225.31379938585  5.980779E-14
4225.93158509886  6.001027E-14
4226.54937081187  5.970022E-14
4227.16715652487  5.932706E-14
4227.78494223788  5.949744E-14
4228.40272795088  5.980417E-14
4229.02051366389  5.978114E-14
4229.63829937689  6.036354E-14
4230.2560850899  6.030099E-14
4230.8738708029  5.946589E-14
4231.49165651591  5.973889E-14
4232.10944222891  6.031420E-14
4232.72722794192  5.975676E-14
4233.34501365492  5.962436E-14
4233.96279936793  5.958522E-14
4234.58058508093  5.936624E-14
4235.19837079394  5.956322E-14
4235.81615650694  5.951363E-14
4236.43394221995  5.966987E-14
4237.05172793295  5.962080E-14
4237.66951364596  5.969529E-14
4238.28729935896  5.966017E-14
4238.90508507197  6.004404E-14
4239.52287078497  6.029299E-14
4240.14065649798  5.981618E-14
4240.75844221098  6.013279E-14
4241.37622792399  6.066157E-14
4241.99401363699  6.038967E-14
4242.61179935  5.993923E-14
4243.229585063  5.972362E-14
4243.84737077601  6.042556E-14
4244.46515648902  6.023160E-14
4245.08294220202  6.050066E-14
4245.70072791502  6.065501E-14
4246.31851362803  6.072303E-14
4246.93629934104  6.107719E-14
4247.55408505404  6.106221E-14
4248.17187076705  6.092759E-14
4248.78965648005  6.066712E-14
4249.40744219306  6.090475E-14
4250.02522790606  6.079792E-14
4250.64301361907  6.045529E-14
4251.26079933207  6.039274E-14
4251.87858504508  6.090832E-14
4252.49637075808  6.080693E-14
4253.11415647109  6.065042E-14
4253.73194218409  6.062381E-14
4254.3497278971  6.045111E-14
4254.9675136101  6.063954E-14
4255.58529932311  6.079155E-14
4256.20308503611  6.082291E-14
4256.82087074912  6.101539E-14
4257.43865646212  6.117268E-14
4258.05644217513  6.116167E-14
4258.67422788813  6.138530E-14
4259.29201360114  6.129975E-14
4259.90979931414  6.095385E-14
4260.52758502715  6.080163E-14
4261.14537074015  6.063460E-14
4261.76315645316  6.040205E-14
4262.38094216617  6.055125E-14
4262.99872787917  6.017951E-14
4263.61651359218  6.023005E-14
4264.23429930518  6.033215E-14
4264.85208501819  6.019291E-14
4265.46987073119  6.029120E-14
4266.08765644419  6.052293E-14
4266.7054421572  6.029374E-14
4267.32322787021  6.005409E-14
4267.94101358321  6.017140E-14
4268.55879929622  6.020479E-14
4269.17658500922  6.035340E-14
4269.79437072223  6.015181E-14
4270.41215643523  5.994069E-14
4271.02994214824  6.016879E-14
4271.64772786124  6.032977E-14
4272.26551357425  5.990368E-14
4272.88329928725  5.990773E-14
4273.50108500026  6.032065E-14
4274.11887071326  6.031493E-14
4274.73665642627  6.021729E-14
4275.35444213927  5.995771E-14
4275.97222785228  5.982975E-14
4276.59001356528  6.001312E-14
4277.20779927829  5.991719E-14
4277.82558499129  5.992537E-14
4278.4433707043  6.011068E-14
4279.0611564173  6.015333E-14
4279.67894213031  6.013026E-14
4280.29672784331  5.994012E-14
4280.91451355632  5.991244E-14
4281.53229926932  5.969719E-14
4282.15008498233  5.987376E-14
4282.76787069534  5.996395E-14
4283.38565640834  5.985230E-14
4284.00344212134  5.972751E-14
4284.62122783435  5.981655E-14
4285.23901354736  6.006160E-14
4285.85679926036  5.965173E-14
4286.47458497337  5.963777E-14
4287.09237068637  5.994935E-14
4287.71015639938  5.984181E-14
4288.32794211238  5.951139E-14
4288.94572782539  5.921886E-14
4289.56351353839  5.942244E-14
4290.1812992514  5.931088E-14
4290.7990849644  5.878716E-14
4291.41687067741  5.866758E-14
4292.03465639041  5.867395E-14
4292.65244210342  5.888028E-14
4293.27022781642  5.891782E-14
4293.88801352943  5.860435E-14
4294.50579924243  5.846526E-14
4295.12358495544  5.876708E-14
4295.74137066844  5.871736E-14
4296.35915638145  5.838332E-14
4296.97694209445  5.845696E-14
4297.59472780746  5.856116E-14
4298.21251352046  5.846934E-14
4298.83029923347  5.857704E-14
4299.44808494647  5.870204E-14
4300.06587065948  5.856210E-14
4300.68365637248  5.807568E-14
4301.30144208549  5.784323E-14
4301.91922779849  5.823284E-14
4302.5370135115  5.824920E-14
4303.15479922451  5.793272E-14
4303.77258493751  5.781586E-14
4304.39037065052  5.773810E-14
4305.00815636352  5.747632E-14
4305.62594207653  5.747525E-14
4306.24372778953  5.717148E-14
4306.86151350254  5.708689E-14
4307.47929921554  5.730376E-14
4308.09708492855  5.723995E-14
4308.71487064155  5.663678E-14
4309.33265635456  5.630760E-14
4309.95044206756  5.688329E-14
4310.56822778057  5.673748E-14
4311.18601349357  5.642111E-14
4311.80379920658  5.663917E-14
4312.42158491958  5.617980E-14
4313.03937063259  5.611895E-14
4313.65715634559  5.638809E-14
4314.2749420586  5.586883E-14
4314.8927277716  5.542229E-14
4315.51051348461  5.514688E-14
4316.12829919761  5.512808E-14
4316.74608491062  5.481212E-14
4317.36387062363  5.441583E-14
4317.98165633663  5.446402E-14
4318.59944204963  5.398952E-14
4319.21722776264  5.386097E-14
4319.83501347564  5.389542E-14
4320.45279918865  5.369918E-14
4321.07058490166  5.324720E-14
4321.68837061466  5.316623E-14
4322.30615632767  5.299508E-14
4322.92394204067  5.269210E-14
4323.54172775368  5.241345E-14
4324.15951346668  5.223673E-14
4324.77729917969  5.199458E-14
4325.39508489269  5.196816E-14
4326.0128706057  5.175889E-14
4326.6306563187  5.136715E-14
4327.24844203171  5.124457E-14
4327.86622774471  5.113962E-14
4328.48401345772  5.076828E-14
4329.10179917072  5.100192E-14
4329.71958488373  5.098806E-14
4330.33737059673  5.061985E-14
4330.95515630974  5.055485E-14
4331.57294202274  5.079146E-14
4332.19072773575  5.078094E-14
4332.80851344875  5.018134E-14
4333.42629916176  4.988345E-14
4334.04408487476  5.022449E-14
4334.66187058777  5.025542E-14
4335.27965630077  5.012359E-14
4335.89744201378  4.996408E-14
4336.51522772678  5.020780E-14
4337.13301343979  5.035683E-14
4337.75079915279  5.001065E-14
4338.3685848658  5.004546E-14
4338.9863705788  5.006304E-14
4339.60415629181  4.997204E-14
4340.22194200481  5.031031E-14
4340.83972771782  5.059745E-14
4341.45751343083  5.078147E-14
4342.07529914383  5.091404E-14
4342.69308485684  5.096254E-14
4343.31087056984  5.104376E-14
4343.92865628285  5.090101E-14
4344.54644199585  5.112113E-14
4345.16422770886  5.130158E-14
4345.78201342186  5.126385E-14
4346.39979913487  5.151581E-14
4347.01758484787  5.159807E-14
4347.63537056088  5.195821E-14
4348.25315627388  5.253051E-14
4348.87094198689  5.265202E-14
4349.48872769989  5.249477E-14
4350.1065134129  5.242434E-14
4350.7242991259  5.248164E-14
4351.34208483891  5.241954E-14
4351.95987055191  5.300724E-14
4352.57765626492  5.335352E-14
4353.19544197792  5.312505E-14
4353.81322769093  5.320031E-14
4354.43101340393  5.368920E-14
4355.04879911694  5.368292E-14
4355.66658482994  5.403615E-14
4356.28437054295  5.426798E-14
4356.90215625595  5.478839E-14
4357.51994196896  5.510423E-14
4358.13772768197  5.518970E-14
4358.75551339497  5.569876E-14
4359.37329910798  5.604603E-14
4359.99108482098  5.621977E-14
4360.60887053398  5.653389E-14
4361.22665624699  5.665555E-14
4361.84444196  5.669755E-14
4362.462227673  5.672545E-14
4363.08001338601  5.685873E-14
4363.69779909901  5.691440E-14
4364.31558481202  5.724835E-14
4364.93337052502  5.738191E-14
4365.55115623803  5.746921E-14
4366.16894195103  5.785927E-14
4366.78672766404  5.804040E-14
4367.40451337704  5.800427E-14
4368.02229909005  5.801960E-14
4368.64008480305  5.801492E-14
4369.25787051606  5.758721E-14
4369.87565622906  5.803895E-14
4370.49344194207  5.821698E-14
4371.11122765507  5.814519E-14
4371.72901336808  5.828523E-14
4372.34679908108  5.870199E-14
4372.96458479409  5.858666E-14
4373.58237050709  5.853694E-14
4374.2001562201  5.875882E-14
4374.8179419331  5.891280E-14
4375.43572764611  5.917182E-14
4376.05351335912  5.927534E-14
4376.67129907212  5.916062E-14
4377.28908478512  5.917264E-14
4377.90687049813  5.932233E-14
4378.52465621114  5.951223E-14
4379.14244192414  6.007408E-14
4379.76022763715  6.021634E-14
4380.37801335015  5.977978E-14
4380.99579906316  5.992306E-14
4381.61358477616  6.004294E-14
4382.23137048917  5.983311E-14
4382.84915620217  5.977171E-14
4383.46694191518  5.974707E-14
4384.08472762818  5.966778E-14
4384.70251334119  5.949247E-14
4385.32029905419  5.948171E-14
4385.9380847672  5.938870E-14
4386.5558704802  5.917022E-14
4387.17365619321  5.950652E-14
4387.79144190621  5.961369E-14
4388.40922761922  5.885378E-14
4389.02701333222  5.914901E-14
4389.64479904523  5.935207E-14
4390.26258475823  5.974102E-14
4390.88037047124  5.881481E-14
4391.49815618424  5.877379E-14
4392.11594189725  5.916373E-14
4392.73372761025  5.875470E-14
4393.35151332326  5.884196E-14
4393.96929903626  5.906410E-14
4394.58708474927  5.875356E-14
4395.20487046227  5.912842E-14
4395.82265617528  5.936949E-14
4396.44044188829  5.894379E-14
4397.05822760129  5.952192E-14
4397.67601331429  5.999671E-14
4398.2937990273  5.970064E-14
4398.91158474031  5.955424E-14
4399.52937045331  5.930807E-14
4400.14715616632  5.951638E-14
4400.76494187932  5.944816E-14
4401.38272759233  5.912640E-14
4402.00051330533  5.959634E-14
4402.61829901834  5.965003E-14
4403.23608473134  5.911477E-14
4403.85387044435  5.922557E-14
4404.47165615735  5.947047E-14
4405.08944187036  5.933952E-14
4405.70722758336  5.911550E-14
4406.32501329637  5.897362E-14
4406.94279900937  5.897186E-14
4407.56058472238  5.928859E-14
4408.17837043538  5.974209E-14
4408.79615614839  5.939572E-14
4409.41394186139  5.976292E-14
4410.0317275744  6.033637E-14
4410.6495132874  6.010288E-14
4411.26729900041  6.030881E-14
4411.88508471341  5.989220E-14
4412.50287042642  5.970271E-14
4413.12065613942  6.019131E-14
4413.73844185243  6.018704E-14
4414.35622756543  6.056568E-14
4414.97401327844  6.000829E-14
4415.59179899144  6.001181E-14
4416.20958470445  6.045782E-14
4416.82737041746  6.019297E-14
4417.44515613046  6.018900E-14
4418.06294184346  6.016090E-14
4418.68072755647  5.979132E-14
4419.29851326948  5.988901E-14
4419.91629898248  6.037359E-14
4420.53408469549  6.024478E-14
4421.15187040849  5.988646E-14
4421.7696561215  5.996671E-14
4422.3874418345  5.992909E-14
4423.00522754751  5.978852E-14
4423.62301326051  5.956797E-14
4424.24079897352  5.957343E-14
4424.85858468652  5.975063E-14
4425.47637039953  5.975734E-14
4426.09415611253  6.002014E-14
4426.71194182554  5.974212E-14
4427.32972753854  5.968153E-14
4427.94751325155  5.978563E-14
4428.56529896455  5.973854E-14
4429.18308467756  6.032232E-14
4429.80087039056  6.056069E-14
4430.41865610357  6.029496E-14
4431.03644181657  6.055590E-14
4431.65422752958  6.028129E-14
4432.27201324258  5.993841E-14
4432.88979895559  5.984677E-14
4433.50758466859  6.010553E-14
4434.1253703816  5.993637E-14
4434.7431560946  5.967048E-14
4435.36094180761  5.972487E-14
4435.97872752062  5.977491E-14
4436.59651323362  5.957383E-14
4437.21429894663  5.905617E-14
4437.83208465963  5.934061E-14
4438.44987037264  5.972868E-14
4439.06765608564  5.951623E-14
4439.68544179865  5.968654E-14
4440.30322751165  5.963613E-14
4440.92101322466  5.954000E-14
4441.53879893766  5.950314E-14
4442.15658465067  5.960882E-14
4442.77437036367  5.991254E-14
4443.39215607668  6.008446E-14
4444.00994178968  5.991460E-14
4444.62772750269  5.970013E-14
4445.24551321569  5.972714E-14
4445.8632989287  5.985376E-14
4446.4810846417  5.979723E-14
4447.09887035471  5.925968E-14
4447.71665606771  5.939361E-14
4448.33444178072  5.983669E-14
4448.95222749372  5.954690E-14
4449.57001320673  5.893115E-14
4450.18779891973  5.909693E-14
4450.80558463274  5.951269E-14
4451.42337034574  5.903805E-14
4452.04115605875  5.917164E-14
4452.65894177175  5.917349E-14
4453.27672748476  5.917791E-14
4453.89451319776  5.900644E-14
4454.51229891077  5.880987E-14
4455.13008462378  5.930561E-14
4455.74787033678  5.893573E-14
4456.36565604979  5.899773E-14
4456.98344176279  5.899181E-14
4457.6012274758  5.817056E-14
4458.2190131888  5.806674E-14
4458.83679890181  5.819081E-14
4459.45458461481  5.844985E-14
4460.07237032782  5.840911E-14
4460.69015604082  5.829524E-14
4461.30794175383  5.853907E-14
4461.92572746683  5.879486E-14
4462.54351317984  5.865604E-14
4463.16129889284  5.926674E-14
4463.77908460585  5.858053E-14
4464.39687031885  5.868767E-14
4465.01465603186  5.872540E-14
4465.63244174486  5.898126E-14
4466.25022745787  5.881736E-14
4466.86801317087  5.905688E-14
4467.48579888388  5.799398E-14
4468.10358459688  5.779040E-14
4468.72137030989  5.814368E-14
4469.33915602289  5.878643E-14
4469.9569417359  5.813821E-14
4470.5747274489  5.794013E-14
4471.19251316191  5.818584E-14
4471.81029887491  5.816525E-14
4472.42808458792  5.795897E-14
4473.04587030092  5.801329E-14
4473.66365601393  5.852783E-14
4474.28144172693  5.821535E-14
4474.89922743994  5.812135E-14
4475.51701315295  5.825242E-14
4476.13479886595  5.831824E-14
4476.75258457896  5.790156E-14
4477.37037029196  5.791339E-14
4477.98815600497  5.784429E-14
4478.60594171797  5.838048E-14
4479.22372743098  5.827277E-14
4479.84151314398  5.780452E-14
4480.45929885699  5.811814E-14
4481.07708456999  5.785745E-14
4481.694870283  5.754684E-14
4482.312655996  5.772661E-14
4482.93044170901  5.754861E-14
4483.54822742201  5.740200E-14
4484.16601313502  5.779968E-14
4484.78379884802  5.795221E-14
4485.40158456103  5.811865E-14
4486.01937027403  5.822931E-14
4486.63715598704  5.888229E-14
4487.25494170004  5.845429E-14
4487.87272741305  5.815750E-14
4488.49051312605  5.828217E-14
4489.10829883906  5.847727E-14
4489.72608455206  5.888459E-14
4490.34387026507  5.813150E-14
4490.96165597807  5.799407E-14
4491.57944169108  5.827505E-14
4492.19722740408  5.865681E-14
4492.81501311709  5.878571E-14
4493.4327988301  5.881732E-14
4494.0505845431  5.880086E-14
4494.66837025611  5.844739E-14
4495.28615596911  5.853631E-14
4495.90394168212  5.936994E-14
4496.52172739512  5.958487E-14
4497.13951310813  5.911135E-14
4497.75729882113  5.918893E-14
4498.37508453414  5.984627E-14
4498.99287024714  5.989452E-14
4499.61065596015  5.959281E-14
4500.22844167315  5.954461E-14
4500.84622738616  5.969190E-14
4501.46401309916  5.966902E-14
4502.08179881217  5.978496E-14
4502.69958452517  5.970251E-14
4503.31737023818  5.975489E-14
4503.93515595118  5.973551E-14
4504.55294166419  5.972604E-14
4505.17072737719  5.968104E-14
4505.7885130902  5.958373E-14
4506.4062988032  5.983956E-14
4507.02408451621  5.966998E-14
4507.64187022921  5.969581E-14
4508.25965594222  6.006783E-14
4508.87744165522  5.965631E-14
4509.49522736823  5.940736E-14
4510.11301308123  5.934905E-14
4510.73079879424  5.984229E-14
4511.34858450724  5.975299E-14
4511.96637022025  5.932417E-14
4512.58415593326  5.978949E-14
4513.20194164626  5.984498E-14
4513.81972735927  6.013727E-14
4514.43751307227  6.024203E-14
4515.05529878528  5.970209E-14
4515.67308449828  5.995256E-14
4516.29087021129  6.000615E-14
4516.90865592429  5.989232E-14
4517.5264416373  5.961433E-14
4518.1442273503  5.989461E-14
4518.76201306331  5.960558E-14
4519.37979877631  5.965564E-14
4519.99758448932  5.965845E-14
4520.61537020232  5.932340E-14
4521.23315591533  5.957566E-14
4521.85094162833  5.992144E-14
4522.46872734134  5.939416E-14
4523.08651305434  5.919499E-14
4523.70429876735  5.885421E-14
4524.32208448035  5.921683E-14
4524.93987019336  5.988497E-14
4525.55765590636  5.974808E-14
4526.17544161937  5.938238E-14
4526.79322733238  5.948620E-14
4527.41101304538  5.944549E-14
4528.02879875838  6.005781E-14
4528.64658447139  6.010809E-14
4529.26437018439  5.913722E-14
4529.8821558974  5.923245E-14
4530.4999416104  5.948093E-14
4531.11772732341  5.926067E-14
4531.73551303641  5.941269E-14
4532.35329874942  5.961810E-14
4532.97108446243  5.943229E-14
4533.58887017543  5.915156E-14
4534.20665588844  5.922543E-14
4534.82444160144  5.907225E-14
4535.44222731445  5.906255E-14
4536.06001302745  5.961337E-14
4536.67779874046  5.896730E-14
4537.29558445346  5.874642E-14
4537.91337016647  5.878349E-14
4538.53115587947  5.870748E-14
4539.14894159248  5.848879E-14
4539.76672730548  5.841987E-14
4540.38451301849  5.877171E-14
4541.00229873149  5.868637E-14
4541.6200844445  5.893593E-14
4542.2378701575  5.878802E-14
4542.85565587051  5.851218E-14
4543.47344158351  5.850460E-14
4544.09122729652  5.874840E-14
4544.70901300952  5.836270E-14
4545.32679872253  5.858912E-14
4545.94458443553  5.887860E-14
4546.56237014854  5.865553E-14
4547.18015586154  5.883751E-14
4547.79794157455  5.897939E-14
4548.41572728755  5.867637E-14
4549.03351300056  5.859165E-14
4549.65129871357  5.887738E-14
4550.26908442657  5.916455E-14
4550.88687013958  5.912955E-14
4551.50465585258  5.896659E-14
4552.12244156559  5.875856E-14
4552.74022727859  5.895848E-14
4553.3580129916  5.909996E-14
4553.9757987046  5.896787E-14
4554.59358441761  5.863342E-14
4555.21137013061  5.836237E-14
4555.82915584362  5.854480E-14
4556.44694155662  5.881090E-14
4557.06472726963  5.885995E-14
4557.68251298263  5.864403E-14
4558.30029869564  5.860522E-14
4558.91808440864  5.869579E-14
4559.53587012165  5.884063E-14
4560.15365583465  5.872845E-14
4560.77144154766  5.870943E-14
4561.38922726066  5.862348E-14
4562.00701297367  5.845696E-14
4562.62479868667  5.850101E-14
4563.24258439968  5.848092E-14
4563.86037011268  5.876588E-14
4564.47815582569  5.868108E-14
4565.09594153869  5.859017E-14
4565.7137272517  5.863997E-14
4566.3315129647  5.823452E-14
4566.94929867771  5.830462E-14
4567.56708439072  5.818264E-14
4568.18487010372  5.818874E-14
4568.80265581672  5.855454E-14
4569.42044152973  5.812058E-14
4570.03822724274  5.774701E-14
4570.65601295574  5.794674E-14
4571.27379866875  5.809602E-14
4571.89158438175  5.819919E-14
4572.50937009476  5.809201E-14
4573.12715580776  5.814572E-14
4573.74494152077  5.799355E-14
4574.36272723377  5.791634E-14
4574.98051294678  5.844639E-14
4575.59829865978  5.838382E-14
4576.21608437279  5.829683E-14
4576.83387008579  5.827150E-14
4577.4516557988  5.801198E-14
4578.0694415118  5.778407E-14
4578.68722722481  5.779814E-14
4579.30501293781  5.822916E-14
4579.92279865082  5.818338E-14
4580.54058436382  5.779152E-14
4581.15837007683  5.788986E-14
4581.77615578983  5.812596E-14
4582.39394150284  5.805468E-14
4583.01172721584  5.811229E-14
4583.62951292885  5.801426E-14
4584.24729864185  5.817552E-14
4584.86508435486  5.830068E-14
4585.48287006786  5.849582E-14
4586.10065578087  5.814648E-14
4586.71844149387  5.778790E-14
4587.33622720688  5.815157E-14
4587.95401291988  5.835260E-14
4588.57179863289  5.837920E-14
4589.18958434589  5.824047E-14
4589.8073700589  5.799122E-14
4590.42515577191  5.836281E-14
4591.04294148491  5.809267E-14
4591.66072719792  5.807408E-14
4592.27851291092  5.795709E-14
4592.89629862393  5.771708E-14
4593.51408433693  5.772567E-14
4594.13187004994  5.782348E-14
4594.74965576294  5.784058E-14
4595.36744147595  5.788338E-14
4595.98522718895  5.798217E-14
4596.60301290196  5.831385E-14
4597.22079861496  5.823745E-14
4597.83858432797  5.771764E-14
4598.45637004097  5.766911E-14
4599.07415575398  5.799031E-14
4599.69194146698  5.807270E-14
4600.30972717999  5.812503E-14
4600.92751289299  5.823382E-14
4601.545298606  5.801948E-14
4602.163084319  5.798058E-14
4602.78087003201  5.804044E-14
4603.39865574501  5.798102E-14
4604.01644145802  5.787670E-14
4604.63422717102  5.801455E-14
4605.25201288403  5.836256E-14
4605.86979859703  5.813910E-14
4606.48758431004  5.833486E-14
4607.10537002304  5.811338E-14
4607.72315573605  5.774745E-14
4608.34094144906  5.762026E-14
4608.95872716206  5.748403E-14
4609.57651287507  5.772898E-14
4610.19429858807  5.771885E-14
4610.81208430108  5.748801E-14
4611.42987001408  5.769761E-14
4612.04765572709  5.766076E-14
4612.66544144009  5.781553E-14
4613.2832271531  5.747731E-14
4613.9010128661  5.727489E-14
4614.51879857911  5.769387E-14
4615.13658429211  5.768057E-14
4615.75437000512  5.758224E-14
4616.37215571812  5.759959E-14
4616.98994143113  5.781083E-14
4617.60772714413  5.762833E-14
4618.22551285714  5.741025E-14
4618.84329857014  5.743657E-14
4619.46108428315  5.758674E-14
4620.07886999615  5.733721E-14
4620.69665570916  5.722992E-14
4621.31444142216  5.689011E-14
4621.93222713517  5.709731E-14
4622.55001284817  5.740804E-14
4623.16779856118  5.714460E-14
4623.78558427418  5.720976E-14
4624.40336998719  5.724796E-14
4625.02115570019  5.715788E-14
4625.6389414132  5.698130E-14
4626.2567271262  5.691243E-14
4626.87451283921  5.740428E-14
4627.49229855221  5.721861E-14
4628.11008426522  5.700836E-14
4628.72786997823  5.674426E-14
4629.34565569123  5.674048E-14
4629.96344140424  5.698346E-14
4630.58122711724  5.713640E-14
4631.19901283025  5.714777E-14
4631.81679854325  5.719646E-14
4632.43458425626  5.725617E-14
4633.05236996926  5.748204E-14
4633.67015568227  5.745052E-14
4634.28794139527  5.704388E-14
4634.90572710828  5.697701E-14
4635.52351282128  5.699746E-14
4636.14129853429  5.712131E-14
4636.75908424729  5.702578E-14
4637.3768699603  5.706930E-14
4637.9946556733  5.723808E-14
4638.61244138631  5.731911E-14
4639.23022709931  5.721905E-14
4639.84801281232  5.738242E-14
4640.46579852532  5.731690E-14
4641.08358423833  5.697554E-14
4641.70136995133  5.710655E-14
4642.31915566434  5.736231E-14
4642.93694137735  5.760239E-14
4643.55472709035  5.774939E-14
4644.17251280336  5.744237E-14
4644.79029851636  5.720512E-14
4645.40808422936  5.750846E-14
4646.02586994237  5.735641E-14
4646.64365565537  5.739564E-14
4647.26144136838  5.736704E-14
4647.87922708138  5.732213E-14
4648.49701279439  5.728352E-14
4649.1147985074  5.752121E-14
4649.7325842204  5.728447E-14
4650.35036993341  5.685923E-14
4650.96815564641  5.721680E-14
4651.58594135942  5.764800E-14
4652.20372707242  5.761790E-14
4652.82151278543  5.732674E-14
4653.43929849843  5.711491E-14
4654.05708421144  5.723517E-14
4654.67486992444  5.711690E-14
4655.29265563745  5.711580E-14
4655.91044135045  5.699609E-14
4656.52822706346  5.690321E-14
4657.14601277646  5.689007E-14
4657.76379848947  5.683062E-14
4658.38158420247  5.680460E-14
4658.99936991548  5.683388E-14
4659.61715562848  5.683773E-14
4660.23494134149  5.671074E-14
4660.85272705449  5.667853E-14
4661.4705127675  5.661592E-14
4662.08829848051  5.643305E-14
4662.70608419351  5.635587E-14
4663.32386990652  5.663557E-14
4663.94165561952  5.685933E-14
4664.55944133253  5.680019E-14
4665.17722704553  5.659845E-14
4665.79501275853  5.647578E-14
4666.41279847154  5.629685E-14
4667.03058418455  5.615205E-14
4667.64836989755  5.671217E-14
4668.26615561056  5.668550E-14
4668.88394132356  5.613398E-14
4669.50172703657  5.635263E-14
4670.11951274957  5.684642E-14
4670.73729846258  5.666394E-14
4671.35508417558  5.665250E-14
4671.97286988859  5.677544E-14
4672.59065560159  5.659539E-14
4673.2084413146  5.659593E-14
4673.8262270276  5.668845E-14
4674.44401274061  5.702102E-14
4675.06179845361  5.694573E-14
4675.67958416662  5.645793E-14
4676.29736987962  5.666769E-14
4676.91515559263  5.685820E-14
4677.53294130563  5.685395E-14
4678.15072701864  5.660625E-14
4678.76851273164  5.674203E-14
4679.38629844465  5.725132E-14
4680.00408415765  5.706678E-14
4680.62186987066  5.695840E-14
4681.23965558366  5.704471E-14
4681.85744129667  5.664466E-14
4682.47522700967  5.675610E-14
4683.09301272268  5.692303E-14
4683.71079843569  5.714075E-14
4684.32858414869  5.700485E-14
4684.9463698617  5.697137E-14
4685.5641555747  5.674600E-14
4686.18194128771  5.632633E-14
4686.79972700071  5.682477E-14
4687.41751271372  5.689856E-14
4688.03529842672  5.654627E-14
4688.65308413973  5.631637E-14
4689.27086985273  5.670493E-14
4689.88865556574  5.671424E-14
4690.50644127874  5.622149E-14
4691.12422699175  5.622776E-14
4691.74201270475  5.632041E-14
4692.35979841776  5.616812E-14
4692.97758413076  5.620591E-14
4693.59536984377  5.616161E-14
4694.21315555677  5.597698E-14
4694.83094126978  5.583929E-14
4695.44872698278  5.586027E-14
4696.06651269579  5.582412E-14
4696.68429840879  5.595679E-14
4697.3020841218  5.622696E-14
4697.9198698348  5.629540E-14
4698.53765554781  5.596715E-14
4699.15544126081  5.578743E-14
4699.77322697382  5.594634E-14
4700.39101268682  5.582742E-14
4701.00879839983  5.559910E-14
4701.62658411284  5.595778E-14
4702.24436982584  5.609377E-14
4702.86215553885  5.575777E-14
4703.47994125185  5.565799E-14
4704.09772696486  5.578004E-14
4704.71551267786  5.593777E-14
4705.33329839087  5.585503E-14
4705.95108410387  5.603663E-14
4706.56886981687  5.636224E-14
4707.18665552988  5.608465E-14
4707.80444124289  5.604161E-14
4708.42222695589  5.587675E-14
4709.0400126689  5.557778E-14
4709.6577983819  5.593921E-14
4710.27558409491  5.588368E-14
4710.89336980791  5.617066E-14
4711.51115552092  5.641436E-14
4712.12894123392  5.605159E-14
4712.74672694693  5.610076E-14
4713.36451265993  5.600072E-14
4713.98229837294  5.578868E-14
4714.60008408594  5.605411E-14
4715.21786979895  5.600253E-14
4715.83565551195  5.571581E-14
4716.45344122496  5.586415E-14
4717.07122693796  5.563503E-14
4717.68901265097  5.553486E-14
4718.30679836397  5.593836E-14
4718.92458407698  5.582790E-14
4719.54236978998  5.580126E-14
4720.16015550299  5.579720E-14
4720.77794121599  5.585914E-14
4721.395726929  5.569528E-14
4722.01351264201  5.556964E-14
4722.63129835501  5.557737E-14
4723.24908406802  5.580133E-14
4723.86686978102  5.581673E-14
4724.48465549403  5.543699E-14
4725.10244120703  5.529966E-14
4725.72022692004  5.542995E-14
4726.33801263304  5.554295E-14
4726.95579834605  5.518578E-14
4727.57358405905  5.507843E-14
4728.19136977206  5.547940E-14
4728.80915548506  5.563268E-14
4729.42694119807  5.539455E-14
4730.04472691107  5.565997E-14
4730.66251262408  5.561482E-14
4731.28029833708  5.554867E-14
4731.89808405009  5.549212E-14
4732.51586976309  5.525256E-14
4733.1336554761  5.545853E-14
4733.7514411891  5.592236E-14
4734.36922690211  5.544591E-14
4734.98701261511  5.550386E-14
4735.60479832812  5.555208E-14
4736.22258404112  5.577960E-14
4736.84036975413  5.577861E-14
4737.45815546713  5.561358E-14
4738.07594118014  5.503775E-14
4738.69372689314  5.531972E-14
4739.31151260615  5.530160E-14
4739.92929831915  5.554836E-14
4740.54708403216  5.567442E-14
4741.16486974517  5.567427E-14
4741.78265545817  5.588083E-14
4742.40044117118  5.584794E-14
4743.01822688418  5.571959E-14
4743.63601259719  5.580373E-14
4744.25379831019  5.602361E-14
4744.8715840232  5.556287E-14
4745.4893697362  5.547055E-14
4746.10715544921  5.570471E-14
4746.72494116221  5.566490E-14
4747.34272687522  5.560799E-14
4747.96051258822  5.542559E-14
4748.57829830123  5.511246E-14
4749.19608401423  5.552672E-14
4749.81386972724  5.564937E-14
4750.43165544024  5.591703E-14
4751.04944115325  5.575310E-14
4751.66722686625  5.561371E-14
4752.28501257926  5.557404E-14
4752.90279829226  5.501418E-14
4753.52058400527  5.526497E-14
4754.13836971827  5.539250E-14
4754.75615543128  5.524000E-14
4755.37394114428  5.552383E-14
4755.99172685729  5.550319E-14
4756.60951257029  5.543196E-14
4757.2272982833  5.519873E-14
4757.84508399631  5.535293E-14
4758.46286970931  5.529404E-14
4759.08065542231  5.519059E-14
4759.69844113532  5.530406E-14
4760.31622684832  5.527938E-14
4760.93401256133  5.502150E-14
4761.55179827433  5.479537E-14
4762.16958398734  5.495790E-14
4762.78736970035  5.513945E-14
4763.40515541335  5.483994E-14
4764.02294112636  5.505216E-14
4764.64072683936  5.484140E-14
4765.25851255237  5.448592E-14
4765.87629826537  5.451421E-14
4766.49408397838  5.481315E-14
4767.11186969138  5.489636E-14
4767.72965540439  5.475100E-14
4768.34744111739  5.474187E-14
4768.9652268304  5.473258E-14
4769.5830125434  5.451466E-14
4770.20079825641  5.434543E-14
4770.81858396941  5.444030E-14
4771.43636968242  5.467935E-14
4772.05415539542  5.496691E-14
4772.67194110843  5.503482E-14
4773.28972682143  5.482019E-14
4773.90751253444  5.477226E-14
4774.52529824744  5.493812E-14
4775.14308396045  5.504881E-14
4775.76086967345  5.513331E-14
4776.37865538646  5.531454E-14
4776.99644109946  5.517340E-14
4777.61422681247  5.484301E-14
4778.23201252547  5.463570E-14
4778.84979823848  5.449890E-14
4779.46758395149  5.465985E-14
4780.08536966449  5.481889E-14
4780.7031553775  5.458358E-14
4781.3209410905  5.464940E-14
4781.93872680351  5.482015E-14
4782.55651251651  5.482907E-14
4783.17429822952  5.483740E-14
4783.79208394252  5.475628E-14
4784.40986965553  5.460725E-14
4785.02765536853  5.467025E-14
4785.64544108154  5.480184E-14
4786.26322679454  5.479648E-14
4786.88101250755  5.457984E-14
4787.49879822055  5.456154E-14
4788.11658393356  5.450374E-14
4788.73436964656  5.466550E-14
4789.35215535957  5.465972E-14
4789.96994107257  5.439735E-14
4790.58772678558  5.446464E-14
4791.20551249858  5.444083E-14
4791.82329821159  5.430073E-14
4792.44108392459  5.447384E-14
4793.0588696376  5.429852E-14
4793.6766553506  5.431622E-14
4794.29444106361  5.432710E-14
4794.91222677661  5.454511E-14
4795.53001248962  5.434280E-14
4796.14779820262  5.420263E-14
4796.76558391563  5.448215E-14
4797.38336962863  5.448821E-14
4798.00115534164  5.465529E-14
4798.61894105465  5.442639E-14
4799.23672676765  5.430229E-14
4799.85451248066  5.453002E-14
4800.47229819366  5.457324E-14
4801.09008390667  5.435812E-14
4801.70786961967  5.380858E-14
4802.32565533268  5.396143E-14
4802.94344104568  5.424105E-14
4803.56122675869  5.427198E-14
4804.17901247169  5.394230E-14
4804.7967981847  5.409362E-14
4805.4145838977  5.439593E-14
4806.03236961071  5.413591E-14
4806.65015532371  5.405729E-14
4807.26794103672  5.413160E-14
4807.88572674972  5.415502E-14
4808.50351246273  5.413223E-14
4809.12129817573  5.416708E-14
4809.73908388874  5.404402E-14
4810.35686960174  5.385304E-14
4810.97465531475  5.368557E-14
4811.59244102775  5.363535E-14
4812.21022674076  5.358499E-14
4812.82801245376  5.355221E-14
4813.44579816677  5.353539E-14
4814.06358387977  5.350482E-14
4814.68136959278  5.355981E-14
4815.29915530578  5.357046E-14
4815.91694101879  5.356609E-14
4816.53472673179  5.387196E-14
4817.1525124448  5.346240E-14
4817.7702981578  5.326255E-14
4818.38808387081  5.353893E-14
4819.00586958381  5.297301E-14
4819.62365529682  5.295024E-14
4820.24144100983  5.299284E-14
4820.85922672283  5.281354E-14
4821.47701243584  5.258182E-14
4822.09479814884  5.261040E-14
4822.71258386185  5.278721E-14
4823.33036957485  5.273134E-14
4823.94815528786  5.240022E-14
4824.56594100086  5.242718E-14
4825.18372671387  5.244992E-14
4825.80151242687  5.228422E-14
4826.41929813988  5.249632E-14
4827.03708385288  5.229806E-14
4827.65486956589  5.195777E-14
4828.27265527889  5.200636E-14
4828.8904409919  5.197031E-14
4829.5082267049  5.169236E-14
4830.12601241791  5.150547E-14
4830.74379813091  5.135222E-14
4831.36158384392  5.111574E-14
4831.97936955692  5.094459E-14
4832.59715526993  5.111155E-14
4833.21494098293  5.124377E-14
4833.83272669594  5.090688E-14
4834.45051240894  5.074626E-14
4835.06829812195  5.068931E-14
4835.68608383495  5.086765E-14
4836.30386954796  5.035797E-14
4836.92165526097  4.996465E-14
4837.53944097397  5.026069E-14
4838.15722668698  4.983315E-14
4838.77501239998  4.932329E-14
4839.39279811299  4.925292E-14
4840.01058382599  4.930594E-14
4840.628369539  4.899888E-14
4841.246155252  4.851948E-14
4841.86394096501  4.850413E-14
4842.48172667801  4.848683E-14
4843.09951239102  4.827050E-14
4843.71729810402  4.769086E-14
4844.33508381703  4.792829E-14
4844.95286953003  4.757720E-14
4845.57065524304  4.700167E-14
4846.18844095604  4.718811E-14
4846.80622666905  4.672074E-14
4847.42401238205  4.649486E-14
4848.04179809506  4.641974E-14
4848.65958380806  4.621910E-14
4849.27736952107  4.632063E-14
4849.89515523407  4.611734E-14
4850.51294094708  4.588301E-14
4851.13072666008  4.624524E-14
4851.74851237309  4.617090E-14
4852.36629808609  4.629255E-14
4852.9840837991  4.606178E-14
4853.60186951211  4.634824E-14
4854.21965522511  4.660596E-14
4854.83744093811  4.664265E-14
4855.45522665112  4.664113E-14
4856.07301236412  4.646236E-14
4856.69079807713  4.618444E-14
4857.30858379014  4.591882E-14
4857.92636950314  4.608726E-14
4858.54415521615  4.633677E-14
4859.16194092915  4.622313E-14
4859.77972664216  4.617796E-14
4860.39751235516  4.616327E-14
4861.01529806817  4.612645E-14
4861.63308378117  4.602170E-14
4862.25086949418  4.624788E-14
4862.86865520718  4.613471E-14
4863.48644092019  4.638034E-14
4864.10422663319  4.598475E-14
4864.7220123462  4.658900E-14
4865.3397980592  4.662472E-14
4865.95758377221  4.688499E-14
4866.57536948521  4.663705E-14
4867.19315519822  4.682666E-14
4867.81094091122  4.688315E-14
4868.42872662423  4.736912E-14
4869.04651233723  4.745701E-14
4869.66429805024  4.730704E-14
4870.28208376325  4.718050E-14
4870.89986947625  4.712955E-14
4871.51765518926  4.730457E-14
4872.13544090226  4.726462E-14
4872.75322661526  4.716343E-14
4873.37101232827  4.715497E-14
4873.98879804127  4.697690E-14
4874.60658375428  4.682933E-14
4875.22436946728  4.732865E-14
4875.84215518029  4.739966E-14
4876.45994089329  4.702749E-14
4877.0777266063  4.703250E-14
4877.69551231931  4.738070E-14
4878.31329803231  4.731180E-14
4878.93108374532  4.735137E-14
4879.54886945832  4.758465E-14
4880.16665517133  4.798497E-14
4880.78444088433  4.811121E-14
4881.40222659734  4.789418E-14
4882.02001231034  4.823175E-14
4882.63779802335  4.855368E-14
4883.25558373635  4.829954E-14
4883.87336944936  4.858162E-14
4884.49115516236  4.914399E-14
4885.10894087537  4.930395E-14
4885.72672658837  4.922727E-14
4886.34451230138  4.920304E-14
4886.96229801438  4.945634E-14
4887.58008372739  4.923299E-14
4888.19786944039  4.965912E-14
4888.8156551534  5.021650E-14
4889.4334408664  5.004595E-14
4890.05122657941  5.029434E-14
4890.66901229242  5.073392E-14
4891.28679800542  5.083076E-14
4891.90458371843  5.083770E-14
4892.52236943143  5.081031E-14
4893.14015514444  5.079872E-14
4893.75794085744  5.103364E-14
4894.37572657045  5.072254E-14
4894.99351228345  5.088451E-14
4895.61129799646  5.103275E-14
4896.22908370946  5.072861E-14
4896.84686942247  5.082719E-14
4897.46465513547  5.014358E-14
4898.08244084848  5.127199E-14
4898.70022656148  5.132112E-14
4899.31801227449  5.117562E-14
4899.93579798749  5.122427E-14
4900.5535837005  5.090547E-14
4901.1713694135  5.090780E-14
4901.78915512651  5.132057E-14
4902.40694083951  5.127952E-14
4903.02472655252  5.133885E-14
4903.64251226552  5.147975E-14
4904.26029797853  5.134236E-14
4904.87808369153  5.109637E-14
4905.49586940454  5.112139E-14
4906.11365511754  5.103437E-14
4906.73144083055  5.077742E-14
4907.34922654355  5.116075E-14
4907.96701225656  5.119892E-14
4908.58479796956  5.096162E-14
4909.20258368257  5.092056E-14
4909.82036939557  5.083567E-14
4910.43815510858  5.091684E-14
4911.05594082159  5.124018E-14
4911.67372653459  5.117692E-14
4912.2915122476  5.088378E-14
4912.9092979606  5.082596E-14
4913.52708367361  5.103190E-14
4914.14486938661  5.112901E-14
4914.76265509961  5.122288E-14
4915.38044081262  5.107848E-14
4915.99822652563  5.123453E-14
4916.61601223863  5.134286E-14
4917.23379795164  5.083241E-14
4917.85158366464  5.126258E-14
4918.46936937765  5.156026E-14
4919.08715509065  5.149208E-14
4919.70494080366  5.130369E-14
4920.32272651666  5.135150E-14
4920.94051222967  5.106984E-14
4921.55829794267  5.088841E-14
4922.17608365568  5.138585E-14
4922.79386936868  5.133611E-14
4923.41165508169  5.122325E-14
4924.02944079469  5.148795E-14
4924.6472265077  5.137724E-14
4925.2650122207  5.119442E-14
4925.88279793371  5.142756E-14
4926.50058364671  5.144456E-14
4927.11836935972  5.150175E-14
4927.73615507272  5.149965E-14
4928.35394078573  5.127952E-14
4928.97172649873  5.141508E-14
4929.58951221174  5.148229E-14
4930.20729792475  5.121515E-14
4930.82508363775  5.135432E-14
4931.44286935076  5.144908E-14
4932.06065506376  5.123716E-14
4932.67844077677  5.135958E-14
4933.29622648977  5.139223E-14
4933.91401220278  5.103939E-14
4934.53179791578  5.096968E-14
4935.14958362879  5.100338E-14
4935.76736934179  5.133794E-14
4936.3851550548  5.142564E-14
4937.0029407678  5.112292E-14
4937.62072648081  5.118986E-14
4938.23851219381  5.136844E-14
4938.85629790682  5.143404E-14
4939.47408361982  5.162585E-14
4940.09186933283  5.158967E-14
4940.70965504583  5.157966E-14
4941.32744075884  5.143668E-14
4941.94522647184  5.144342E-14
4942.56301218485  5.164941E-14
4943.18079789785  5.170461E-14
4943.79858361086  5.146279E-14
4944.41636932386  5.122384E-14
4945.03415503687  5.153698E-14
4945.65194074987  5.156022E-14
4946.26972646288  5.169469E-14
4946.88751217588  5.167928E-14
4947.50529788889  5.165020E-14
4948.1230836019  5.139223E-14
4948.7408693149  5.152720E-14
4949.35865502791  5.145694E-14
4949.97644074091  5.140037E-14
4950.59422645392  5.154602E-14
4951.21201216692  5.128617E-14
4951.82979787993  5.149521E-14
4952.44758359293  5.136981E-14
4953.06536930594  5.151365E-14
4953.68315501894  5.167447E-14
4954.30094073195  5.148464E-14
4954.91872644495  5.164002E-14
4955.53651215796  5.159403E-14
4956.15429787096  5.135506E-14
4956.77208358397  5.148134E-14
4957.38986929697  5.127585E-14
4958.00765500998  5.129394E-14
4958.62544072298  5.150961E-14
4959.24322643599  5.158822E-14
4959.86101214899  5.157562E-14
4960.478797862  5.171388E-14
4961.096583575  5.146926E-14
4961.71436928801  5.144502E-14
4962.33215500101  5.166718E-14
4962.94994071402  5.162483E-14
4963.56772642702  5.169494E-14
4964.18551214003  5.138866E-14
4964.80329785303  5.135767E-14
4965.42108356604  5.145135E-14
4966.03886927904  5.158303E-14
4966.65665499205  5.155823E-14
4967.27444070505  5.171830E-14
4967.89222641806  5.161759E-14
4968.51001213106  5.153223E-14
4969.12779784407  5.164687E-14
4969.74558355708  5.174337E-14
4970.36336927008  5.156454E-14
4970.98115498309  5.119766E-14
4971.59894069609  5.121614E-14
4972.2167264091  5.139251E-14
4972.8345121221  5.133817E-14
4973.45229783511  5.118713E-14
4974.07008354811  5.116840E-14
4974.68786926112  5.132334E-14
4975.30565497412  5.087579E-14
4975.92344068713  5.090990E-14
4976.54122640013  5.098918E-14
4977.15901211314  5.071860E-14
4977.77679782614  5.074307E-14
4978.39458353915  5.085194E-14
4979.01236925215  5.080657E-14
4979.63015496516  5.070558E-14
4980.24794067816  5.086725E-14
4980.86572639117  5.093674E-14
4981.48351210417  5.068288E-14
4982.10129781718  5.077700E-14
4982.71908353018  5.086255E-14
4983.33686924319  5.089127E-14
4983.95465495619  5.078490E-14
4984.5724406692  5.062467E-14
4985.1902263822  5.059688E-14
4985.80801209521  5.054221E-14
4986.42579780821  5.052666E-14
4987.04358352122  5.023663E-14
4987.66136923422  5.053298E-14
4988.27915494723  5.073630E-14
4988.89694066024  5.063751E-14
4989.51472637324  5.052479E-14
4990.13251208625  5.053618E-14
4990.75029779925  5.023749E-14
4991.36808351226  5.002647E-14
4991.98586922526  5.041236E-14
4992.60365493827  5.044950E-14
4993.22144065127  5.054037E-14
4993.83922636428  5.058955E-14
4994.45701207728  5.049393E-14
4995.07479779029  5.033995E-14
4995.69258350329  5.009272E-14
4996.3103692163  5.020915E-14
4996.9281549293  5.023711E-14
4997.54594064231  5.022287E-14
4998.16372635531  5.020422E-14
4998.78151206832  4.987148E-14
4999.39929778132  5.015320E-14
5000.01708349433  5.015584E-14
5000.63486920733  5.021249E-14
5001.25265492034  5.012359E-14
5001.87044063335  4.988844E-14
5002.48822634635  4.969777E-14
5003.10601205935  4.968615E-14
5003.72379777236  4.974075E-14
5004.34158348537  4.982692E-14
5004.95936919837  4.961903E-14
5005.57715491137  4.971389E-14
5006.19494062438  4.941850E-14
5006.81272633739  4.935287E-14
5007.43051205039  4.926697E-14
5008.0482977634  4.913576E-14
5008.6660834764  4.917569E-14
5009.28386918941  4.959569E-14
5009.90165490241  4.964189E-14
5010.51944061542  4.963276E-14
5011.13722632842  4.964451E-14
5011.75501204143  4.969194E-14
5012.37279775443  4.958016E-14
5012.99058346744  4.950812E-14
5013.60836918044  4.942095E-14
5014.22615489345  4.936746E-14
5014.84394060645  4.947353E-14
5015.46172631946  4.939168E-14
5016.07951203246  4.937304E-14
5016.69729774547  4.929338E-14
5017.31508345847  4.958936E-14
5017.93286917148  4.933105E-14
5018.55065488448  4.921319E-14
5019.16844059749  4.912664E-14
5019.78622631049  4.910459E-14
5020.4040120235  4.926249E-14
5021.0217977365  4.907852E-14
5021.63958344951  4.911157E-14
5022.25736916251  4.927230E-14
5022.87515487552  4.903894E-14
5023.49294058852  4.879014E-14
5024.11072630153  4.907184E-14
5024.72851201454  4.894282E-14
5025.34629772754  4.870514E-14
5025.96408344054  4.877033E-14
5026.58186915355  4.895244E-14
5027.19965486656  4.889887E-14
5027.81744057956  4.872978E-14
5028.43522629257  4.861879E-14
5029.05301200557  4.848525E-14
5029.67079771858  4.837572E-14
5030.28858343158  4.847780E-14
5030.90636914459  4.856169E-14
5031.52415485759  4.857223E-14
5032.1419405706  4.865846E-14
5032.7597262836  4.848170E-14
5033.37751199661  4.844770E-14
5033.99529770961  4.872579E-14
5034.61308342262  4.866643E-14
5035.23086913562  4.871125E-14
5035.84865484863  4.858626E-14
5036.46644056163  4.892117E-14
5037.08422627464  4.891657E-14
5037.70201198764  4.870336E-14
5038.31979770065  4.868437E-14
5038.93758341365  4.866107E-14
5039.55536912666  4.864647E-14
5040.17315483967  4.861668E-14
5040.79094055267  4.859962E-14
5041.40872626567  4.837060E-14
5042.02651197868  4.847348E-14
5042.64429769169  4.810360E-14
5043.26208340469  4.825322E-14
5043.87986911769  4.860559E-14
5044.4976548307  4.876811E-14
5045.11544054371  4.856399E-14
5045.73322625671  4.843955E-14
5046.35101196971  4.846070E-14
5046.96879768272  4.848532E-14
5047.58658339573  4.860494E-14
5048.20436910873  4.865130E-14
5048.82215482174  4.873280E-14
5049.43994053474  4.830282E-14
5050.05772624775  4.832207E-14
5050.67551196075  4.877695E-14
5051.29329767376  4.878501E-14
5051.91108338676  4.838125E-14
5052.52886909977  4.826137E-14
5053.14665481277  4.848421E-14
5053.76444052578  4.868673E-14
5054.38222623878  4.861194E-14
5055.00001195179  4.841091E-14
5055.61779766479  4.823613E-14
5056.2355833778  4.838509E-14
5056.8533690908  4.845224E-14
5057.47115480381  4.845420E-14
5058.08894051681  4.841281E-14
5058.70672622982  4.838732E-14
5059.32451194282  4.830897E-14
5059.94229765583  4.823212E-14
5060.56008336884  4.838940E-14
5061.17786908184  4.845114E-14
5061.79565479484  4.830232E-14
5062.41344050785  4.835464E-14
5063.03122622085  4.848350E-14
5063.64901193386  4.851627E-14
5064.26679764686  4.845887E-14
5064.88458335987  4.849599E-14
5065.50236907288  4.823583E-14
5066.12015478588  4.802178E-14
5066.73794049889  4.833274E-14
5067.35572621189  4.820121E-14
5067.9735119249  4.821340E-14
5068.5912976379  4.820543E-14
5069.20908335091  4.825263E-14
5069.82686906391  4.817200E-14
5070.44465477692  4.835656E-14
5071.06244048992  4.837849E-14
5071.68022620293  4.849428E-14
5072.29801191593  4.831063E-14
5072.91579762894  4.857122E-14
5073.53358334194  4.829615E-14
5074.15136905495  4.846919E-14
5074.76915476795  4.856586E-14
5075.38694048096  4.834008E-14
5076.00472619396  4.859213E-14
5076.62251190697  4.851908E-14
5077.24029761997  4.841668E-14
5077.85808333298  4.862625E-14
5078.47586904598  4.857614E-14
5079.09365475899  4.853473E-14
5079.71144047199  4.854007E-14
5080.329226185  4.847723E-14
5080.94701189801  4.869020E-14
5081.56479761101  4.843303E-14
5082.18258332401  4.832209E-14
5082.80036903702  4.822472E-14
5083.41815475003  4.832610E-14
5084.03594046303  4.858916E-14
5084.65372617604  4.863011E-14
5085.27151188904  4.838462E-14
5085.88929760205  4.858488E-14
5086.50708331505  4.859140E-14
5087.12486902806  4.863138E-14
5087.74265474106  4.834292E-14
5088.36044045407  4.833750E-14
5088.97822616707  4.871312E-14
5089.59601188008  4.889901E-14
5090.21379759308  4.855387E-14
5090.83158330609  4.842018E-14
5091.44936901909  4.858508E-14
5092.0671547321  4.862080E-14
5092.6849404451  4.847736E-14
5093.30272615811  4.850869E-14
5093.92051187111  4.846897E-14
5094.53829758412  4.871625E-14
5095.15608329712  4.876426E-14
5095.77386901013  4.852658E-14
5096.39165472313  4.850553E-14
5097.00944043614  4.877763E-14
5097.62722614914  4.894776E-14
5098.24501186215  4.899307E-14
5098.86279757516  4.894128E-14
5099.48058328816  4.901837E-14
5100.09836900117  4.886529E-14
5100.71615471417  4.856480E-14
5101.33394042718  4.865811E-14
5101.95172614018  4.887720E-14
5102.56951185318  4.875554E-14
5103.18729756619  4.862802E-14
5103.8050832792  4.837847E-14
5104.4228689922  4.859918E-14
5105.0406547052  4.892677E-14
5105.65844041821  4.885305E-14
5106.27622613122  4.883436E-14
5106.89401184422  4.871326E-14
5107.51179755723  4.876954E-14
5108.12958327023  4.861732E-14
5108.74736898324  4.898523E-14
5109.36515469624  4.888756E-14
5109.98294040925  4.858899E-14
5110.60072612225  4.859590E-14
5111.21851183526  4.876147E-14
5111.83629754826  4.881165E-14
5112.45408326127  4.883987E-14
5113.07186897427  4.872174E-14
5113.68965468728  4.853139E-14
5114.30744040028  4.844341E-14
5114.92522611329  4.853540E-14
5115.5430118263  4.875660E-14
5116.1607975393  4.877506E-14
5116.7785832523  4.877879E-14
5117.39636896531  4.860478E-14
5118.01415467831  4.862585E-14
5118.63194039132  4.863862E-14
5119.24972610433  4.865717E-14
5119.86751181733  4.860851E-14
5120.48529753034  4.861445E-14
5121.10308324334  4.862558E-14
5121.72086895635  4.868823E-14
5122.33865466935  4.881806E-14
5122.95644038236  4.859902E-14
5123.57422609536  4.869988E-14
5124.19201180837  4.879675E-14
5124.80979752137  4.874494E-14
5125.42758323438  4.868142E-14
5126.04536894738  4.875371E-14
5126.66315466039  4.876678E-14
5127.28094037339  4.833999E-14
5127.8987260864  4.823753E-14
5128.5165117994  4.822795E-14
5129.13429751241  4.824151E-14
5129.75208322541  4.812556E-14
5130.36986893842  4.812510E-14
5130.98765465142  4.818716E-14
5131.60544036443  4.814460E-14
5132.22322607743  4.809566E-14
5132.84101179044  4.788303E-14
5133.45879750344  4.797958E-14
5134.07658321645  4.813853E-14
5134.69436892945  4.824150E-14
5135.31215464246  4.797627E-14
5135.92994035546  4.800092E-14
5136.54772606847  4.820235E-14
5137.16551178147  4.791406E-14
5137.78329749448  4.837425E-14
5138.40108320748  4.844700E-14
5139.01886892049  4.853074E-14
5139.6366546335  4.843713E-14
5140.2544403465  4.838611E-14
5140.87222605951  4.863233E-14
5141.49001177251  4.853801E-14
5142.10779748552  4.866080E-14
5142.72558319852  4.880275E-14
5143.34336891153  4.855494E-14
5143.96115462453  4.834948E-14
5144.57894033754  4.868042E-14
5145.19672605054  4.886644E-14
5145.81451176355  4.892081E-14
5146.43229747655  4.894476E-14
5147.05008318956  4.893801E-14
5147.66786890256  4.894340E-14
5148.28565461557  4.913822E-14
5148.90344032857  4.892370E-14
5149.52122604158  4.878040E-14
5150.13901175458  4.900492E-14
5150.75679746759  4.890491E-14
5151.37458318059  4.890176E-14
5151.9923688936  4.877377E-14
5152.6101546066  4.884246E-14
5153.22794031961  4.896638E-14
5153.84572603261  4.890637E-14
5154.46351174562  4.859327E-14
5155.08129745862  4.845970E-14
5155.69908317163  4.823894E-14
5156.31686888464  4.821224E-14
5156.93465459764  4.809838E-14
5157.55244031065  4.795621E-14
5158.17022602365  4.788547E-14
5158.78801173666  4.751925E-14
5159.40579744966  4.768603E-14
5160.02358316267  4.751177E-14
5160.64136887567  4.729727E-14
5161.25915458868  4.742138E-14
5161.87694030168  4.731655E-14
5162.49472601469  4.728279E-14
5163.11251172769  4.715301E-14
5163.7302974407  4.688738E-14
5164.3480831537  4.702976E-14
5164.96586886671  4.718898E-14
5165.58365457971  4.698259E-14
5166.20144029272  4.690932E-14
5166.81922600572  4.710382E-14
5167.43701171873  4.700326E-14
