3832.43408203125  6.316286E-16
3833.0544102788  6.220898E-16
3833.67473852635  6.052074E-16
3834.2950667739  6.045049E-16
3834.91539502144  6.176763E-16
3835.53572326899  6.151442E-16
3836.15605151654  6.094091E-16
3836.77637976408  6.129175E-16
3837.39670801163  6.212657E-16
3838.01703625918  6.507998E-16
3838.63736450672  6.832918E-16
3839.25769275427  6.543393E-16
3839.87802100182  6.490047E-16
3840.49834924937  6.868881E-16
3841.11867749691  6.771284E-16
3841.73900574446  6.493679E-16
3842.35933399201  6.651627E-16
3842.97966223956  7.143118E-16
3843.5999904871  7.172912E-16
3844.22031873465  7.079210E-16
3844.8406469822  6.772532E-16
3845.46097522974  6.356594E-16
3846.08130347729  6.329914E-16
3846.70163172484  6.526428E-16
3847.32195997239  6.451091E-16
3847.94228821993  6.199490E-16
3848.56261646748  6.126924E-16
3849.18294471503  6.057898E-16
3849.80327296257  5.844894E-16
3850.42360121012  5.965246E-16
3851.04392945767  6.101545E-16
3851.66425770522  5.728257E-16
3852.28458595276  5.627995E-16
3852.90491420031  5.969922E-16
3853.52524244786  6.257874E-16
3854.1455706954  6.534250E-16
3854.76589894295  6.344891E-16
3855.3862271905  6.233302E-16
3856.00655543805  6.445256E-16
3856.62688368559  6.289080E-16
3857.24721193314  5.689654E-16
3857.86754018069  5.487952E-16
3858.48786842823  5.903765E-16
3859.10819667578  6.139630E-16
3859.72852492333  6.121285E-16
3860.34885317088  6.214165E-16
3860.96918141842  6.280509E-16
3861.58950966597  6.879026E-16
3862.20983791352  7.261790E-16
3862.83016616107  6.783395E-16
3863.45049440861  6.520279E-16
3864.07082265616  6.554789E-16
3864.6911509037  6.460574E-16
3865.31147915125  6.456252E-16
3865.9318073988  6.542487E-16
3866.55213564635  6.494171E-16
3867.17246389389  6.648509E-16
3867.79279214144  6.540477E-16
3868.41312038899  6.212924E-16
3869.03344863654  6.224781E-16
3869.65377688408  6.345434E-16
3870.27410513163  6.137271E-16
3870.89443337918  5.830652E-16
3871.51476162673  5.841814E-16
3872.13508987427  5.993642E-16
3872.75541812182  6.232331E-16
3873.37574636937  6.474673E-16
3873.99607461691  6.377697E-16
3874.61640286446  6.160644E-16
3875.23673111201  6.233405E-16
3875.85705935955  6.462802E-16
3876.4773876071  6.471287E-16
3877.09771585465  6.662041E-16
3877.7180441022  7.094767E-16
3878.33837234974  7.211067E-16
3878.95870059729  7.401888E-16
3879.57902884484  7.333359E-16
3880.19935709238  7.387337E-16
3880.81968533993  7.414980E-16
3881.44001358748  6.950456E-16
3882.06034183503  6.593833E-16
3882.68067008257  6.892552E-16
3883.30099833012  7.160306E-16
3883.92132657767  7.170758E-16
3884.54165482521  7.023429E-16
3885.16198307276  6.683252E-16
3885.78231132031  6.545648E-16
3886.40263956786  6.543776E-16
3887.0229678154  6.400868E-16
3887.64329606295  6.393784E-16
3888.2636243105  6.645142E-16
3888.88395255805  6.708075E-16
3889.50428080559  6.653353E-16
3890.12460905314  6.803887E-16
3890.74493730069  6.934732E-16
3891.36526554823  7.115798E-16
3891.98559379578  7.056088E-16
3892.60592204333  7.212230E-16
3893.22625029087  7.343343E-16
3893.84657853842  7.228748E-16
3894.46690678597  7.241923E-16
3895.08723503352  7.347062E-16
3895.70756328106  7.168826E-16
3896.32789152861  6.870579E-16
3896.94821977616  7.080625E-16
3897.5685480237  7.757253E-16
3898.18887627125  7.956511E-16
3898.8092045188  7.634135E-16
3899.42953276635  7.223085E-16
3900.04986101389  6.824474E-16
3900.67018926144  6.973365E-16
3901.29051750899  7.232355E-16
3901.91084575653  6.763963E-16
3902.53117400408  6.258967E-16
3903.15150225163  6.147147E-16
3903.77183049918  6.282901E-16
3904.39215874672  6.116027E-16
3905.01248699427  6.256203E-16
3905.63281524182  6.818295E-16
3906.25314348937  6.684576E-16
3906.87347173691  6.334431E-16
3907.49379998446  6.431584E-16
3908.11412823201  6.596380E-16
3908.73445647955  6.463379E-16
3909.3547847271  6.232343E-16
3909.97511297465  6.102976E-16
3910.59544122219  6.294126E-16
3911.21576946974  6.894465E-16
3911.83609771729  7.210986E-16
3912.45642596484  6.949172E-16
3913.07675421238  6.791151E-16
3913.69708245993  6.893348E-16
3914.31741070748  6.644153E-16
3914.93773895503  6.308687E-16
3915.55806720257  6.486716E-16
3916.17839545012  6.484129E-16
3916.79872369767  6.515783E-16
3917.41905194521  6.648645E-16
3918.03938019276  6.844274E-16
3918.65970844031  7.069865E-16
3919.28003668786  7.322290E-16
3919.9003649354  7.435043E-16
3920.52069318295  7.396124E-16
3921.1410214305  7.299459E-16
3921.76134967804  7.569651E-16
3922.38167792559  8.053995E-16
3923.00200617314  8.268962E-16
3923.62233442069  8.393824E-16
3924.24266266823  8.247492E-16
3924.86299091578  8.166316E-16
3925.48331916333  8.596795E-16
3926.10364741087  8.761872E-16
3926.72397565842  8.697771E-16
3927.34430390597  8.760754E-16
3927.96463215352  8.830150E-16
3928.58496040106  8.445392E-16
3929.20528864861  8.119917E-16
3929.82561689616  8.102926E-16
3930.4459451437  8.287094E-16
3931.06627339125  8.357067E-16
3931.6866016388  8.299031E-16
3932.30692988635  7.831327E-16
3932.92725813389  7.376410E-16
3933.54758638144  7.094972E-16
3934.16791462899  6.746608E-16
3934.78824287653  6.954394E-16
3935.40857112408  7.603505E-16
3936.02889937163  7.769061E-16
3936.64922761917  7.797133E-16
3937.26955586672  8.291365E-16
3937.88988411427  8.803174E-16
3938.51021236182  8.677242E-16
3939.13054060936  8.258683E-16
3939.75086885691  7.938971E-16
3940.37119710446  7.632200E-16
3940.99152535201  8.022259E-16
3941.61185359955  8.712391E-16
3942.2321818471  8.623037E-16
3942.85251009465  8.296176E-16
3943.47283834219  7.919431E-16
3944.09316658974  7.282826E-16
3944.71349483729  6.877738E-16
3945.33382308484  6.887538E-16
3945.95415133238  7.027770E-16
3946.57447957993  7.164842E-16
3947.19480782748  7.060073E-16
3947.81513607502  6.943467E-16
3948.43546432257  6.740434E-16
3949.05579257012  6.534244E-16
3949.67612081767  6.737023E-16
3950.29644906521  6.949515E-16
3950.91677731276  6.883966E-16
3951.53710556031  6.867891E-16
3952.15743380785  6.882278E-16
3952.7777620554  6.951982E-16
3953.39809030295  6.938790E-16
3954.0184185505  6.550328E-16
3954.63874679804  6.519158E-16
3955.25907504559  6.449695E-16
3955.87940329314  6.278560E-16
3956.49973154068  6.874406E-16
3957.12005978823  7.586525E-16
3957.74038803578  7.928759E-16
3958.36071628333  8.060632E-16
3958.98104453087  8.600625E-16
3959.60137277842  9.003854E-16
3960.22170102597  9.268784E-16
3960.84202927351  9.322161E-16
3961.46235752106  9.218355E-16
3962.08268576861  9.091424E-16
3962.70301401616  8.948461E-16
3963.3233422637  8.763653E-16
3963.94367051125  8.561374E-16
3964.5639987588  8.500555E-16
3965.18432700634  8.603762E-16
3965.80465525389  8.444994E-16
3966.42498350144  8.007575E-16
3967.04531174899  7.660791E-16
3967.66563999653  7.418160E-16
3968.28596824408  7.227697E-16
3968.90629649163  7.307494E-16
3969.52662473918  7.751597E-16
3970.14695298672  7.923072E-16
3970.76728123427  7.663760E-16
3971.38760948182  7.397728E-16
3972.00793772936  7.403444E-16
3972.62826597691  7.712747E-16
3973.24859422446  8.156672E-16
3973.868922472  8.465691E-16
3974.48925071955  8.163145E-16
3975.1095789671  8.384585E-16
3975.72990721465  8.857835E-16
3976.35023546219  8.753296E-16
3976.97056370974  8.515159E-16
3977.59089195729  8.319180E-16
3978.21122020483  8.030817E-16
3978.83154845238  7.760478E-16
3979.45187669993  7.841234E-16
3980.07220494748  8.089914E-16
3980.69253319502  7.847183E-16
3981.31286144257  7.338539E-16
3981.93318969012  6.970458E-16
3982.55351793766  6.650765E-16
3983.17384618521  6.379006E-16
3983.79417443276  6.445249E-16
3984.41450268031  6.515040E-16
3985.03483092785  6.453540E-16
3985.6551591754  6.398271E-16
3986.27548742295  6.725576E-16
3986.89581567049  7.193316E-16
3987.51614391804  6.984497E-16
3988.13647216559  6.361912E-16
3988.75680041314  5.819784E-16
3989.37712866068  5.636266E-16
3989.99745690823  5.785732E-16
3990.61778515578  5.987829E-16
3991.23811340333  6.206905E-16
3991.85844165087  6.066785E-16
3992.47876989842  6.089314E-16
3993.09909814597  6.559428E-16
3993.71942639351  6.824719E-16
3994.33975464106  6.861362E-16
3994.96008288861  6.654487E-16
3995.58041113616  6.553017E-16
3996.2007393837  6.597792E-16
3996.82106763125  6.657935E-16
3997.4413958788  6.760322E-16
3998.06172412634  6.772706E-16
3998.68205237389  6.910752E-16
3999.30238062144  7.157716E-16
3999.92270886898  7.006805E-16
4000.54303711653  6.560126E-16
4001.16336536408  6.605520E-16
4001.78369361163  7.064150E-16
4002.40402185917  7.291657E-16
4003.02435010672  7.177866E-16
4003.64467835427  6.826385E-16
4004.26500660181  6.720194E-16
4004.88533484936  6.891757E-16
4005.50566309691  6.866127E-16
4006.12599134446  6.914527E-16
4006.746319592  7.047444E-16
4007.36664783955  7.147594E-16
4007.9869760871  6.928694E-16
4008.60730433464  6.929080E-16
4009.22763258219  7.101952E-16
4009.84796082974  6.971201E-16
4010.46828907729  6.813456E-16
4011.08861732483  6.928559E-16
4011.70894557238  7.089209E-16
4012.32927381993  7.303305E-16
4012.94960206748  7.525552E-16
4013.56993031502  7.599882E-16
4014.19025856257  7.563843E-16
4014.81058681012  7.370837E-16
4015.43091505766  7.077430E-16
4016.05124330521  7.126446E-16
4016.67157155276  7.283302E-16
4017.29189980031  7.301893E-16
4017.91222804785  7.439319E-16
4018.5325562954  7.500506E-16
4019.15288454295  7.227298E-16
4019.77321279049  7.206939E-16
4020.39354103804  7.359485E-16
4021.01386928559  7.551215E-16
4021.63419753314  7.625653E-16
4022.25452578068  7.554726E-16
4022.87485402823  7.863236E-16
4023.49518227578  8.221666E-16
4024.11551052332  8.102163E-16
4024.73583877087  7.645092E-16
4025.35616701842  7.627573E-16
4025.97649526596  7.729663E-16
4026.59682351351  7.476482E-16
4027.21715176106  7.343232E-16
4027.83748000861  7.519602E-16
4028.45780825615  7.939101E-16
4029.0781365037  8.102375E-16
4029.69846475125  7.867848E-16
4030.3187929988  7.667962E-16
4030.93912124634  7.746963E-16
4031.55944949389  7.901880E-16
4032.17977774144  8.136772E-16
4032.80010598898  8.280057E-16
4033.42043423653  8.035606E-16
4034.04076248408  7.670086E-16
4034.66109073163  7.527659E-16
4035.28141897917  7.289293E-16
4035.90174722672  7.429387E-16
4036.52207547427  7.792001E-16
4037.14240372181  8.059421E-16
4037.76273196936  8.152433E-16
4038.38306021691  7.604760E-16
4039.00338846446  7.081765E-16
4039.623716712  7.414863E-16
4040.24404495955  7.601925E-16
4040.8643732071  7.367231E-16
4041.48470145464  7.345149E-16
4042.10502970219  7.339764E-16
4042.72535794974  7.573262E-16
4043.34568619729  7.859889E-16
4043.96601444483  7.976451E-16
4044.58634269238  8.109294E-16
4045.20667093993  7.849473E-16
4045.82699918747  7.582696E-16
4046.44732743502  7.895659E-16
4047.06765568257  7.910179E-16
4047.68798393012  7.541244E-16
4048.30831217766  7.602286E-16
4048.92864042521  7.721170E-16
4049.54896867276  7.650278E-16
4050.1692969203  7.855898E-16
4050.78962516785  7.622668E-16
4051.4099534154  7.202838E-16
4052.03028166295  7.059366E-16
4052.65060991049  7.114853E-16
4053.27093815804  7.309116E-16
4053.89126640559  7.438788E-16
4054.51159465313  7.354076E-16
4055.13192290068  7.285833E-16
4055.75225114823  7.461762E-16
4056.37257939578  7.427255E-16
4056.99290764332  7.188879E-16
4057.61323589087  7.172789E-16
4058.23356413842  7.068609E-16
4058.85389238596  6.797120E-16
4059.47422063351  6.820099E-16
4060.09454888106  7.225141E-16
4060.7148771286  7.567771E-16
4061.33520537615  7.561414E-16
4061.9555336237  7.308429E-16
4062.57586187125  7.311674E-16
4063.19619011879  7.500676E-16
4063.81651836634  7.465481E-16
4064.43684661389  7.291755E-16
4065.05717486144  6.997610E-16
4065.67750310898  6.887973E-16
4066.29783135653  7.079284E-16
4066.91815960408  7.262532E-16
4067.53848785162  7.234739E-16
4068.15881609917  7.273074E-16
4068.77914434672  7.411282E-16
4069.39947259427  7.496694E-16
4070.01980084181  7.555696E-16
4070.64012908936  7.381831E-16
4071.26045733691  7.008314E-16
4071.88078558445  6.723678E-16
4072.501113832  6.643386E-16
4073.12144207955  6.859642E-16
4073.7417703271  6.980256E-16
4074.36209857464  6.852324E-16
4074.98242682219  6.842491E-16
4075.60275506974  6.739978E-16
4076.22308331728  6.884614E-16
4076.84341156483  7.043589E-16
4077.46373981238  6.806219E-16
4078.08406805993  6.700152E-16
4078.70439630747  6.569242E-16
4079.32472455502  6.561007E-16
4079.94505280257  6.817893E-16
4080.56538105011  6.732542E-16
4081.18570929766  6.702159E-16
4081.80603754521  6.806460E-16
4082.42636579276  6.514871E-16
4083.0466940403  6.367297E-16
4083.66702228785  6.414592E-16
4084.2873505354  6.464519E-16
4084.90767878294  6.742922E-16
4085.52800703049  6.974730E-16
4086.14833527804  7.154794E-16
4086.76866352559  7.214817E-16
4087.38899177313  7.140090E-16
4088.00932002068  7.312509E-16
4088.62964826823  7.421084E-16
4089.24997651577  7.336643E-16
4089.87030476332  7.416055E-16
4090.49063301087  7.630058E-16
4091.11096125842  7.820586E-16
4091.73128950596  8.022930E-16
4092.35161775351  8.367280E-16
4092.97194600106  8.175493E-16
4093.59227424861  7.760022E-16
4094.21260249615  7.917280E-16
4094.8329307437  8.228585E-16
4095.45325899125  8.028586E-16
4096.07358723879  7.863318E-16
4096.69391548634  8.046101E-16
4097.31424373389  8.051900E-16
4097.93457198144  7.822533E-16
4098.55490022898  7.717715E-16
4099.17522847653  7.506580E-16
4099.79555672408  7.265443E-16
4100.41588497162  7.184510E-16
4101.03621321917  7.132033E-16
4101.65654146672  7.196208E-16
4102.27686971427  7.192607E-16
4102.89719796181  6.959471E-16
4103.51752620936  6.832789E-16
4104.13785445691  6.940738E-16
4104.75818270445  7.192121E-16
4105.378510952  7.315322E-16
4105.99883919955  7.433388E-16
4106.61916744709  7.586669E-16
4107.23949569464  7.593071E-16
4107.85982394219  7.402725E-16
4108.48015218974  7.706186E-16
4109.10048043728  8.272670E-16
4109.72080868483  8.203161E-16
4110.34113693238  8.064499E-16
4110.96146517992  8.122317E-16
4111.58179342747  8.001999E-16
4112.20212167502  7.571860E-16
4112.82244992257  7.296412E-16
4113.44277817011  7.597701E-16
4114.06310641766  7.730256E-16
4114.68343466521  7.327303E-16
4115.30376291276  6.907324E-16
4115.9240911603  6.632372E-16
4116.54441940785  6.556119E-16
4117.1647476554  6.623442E-16
4117.78507590294  6.495442E-16
4118.40540415049  6.365256E-16
4119.02573239804  6.467376E-16
4119.64606064558  6.414450E-16
4120.26638889313  6.153851E-16
4120.88671714068  6.177452E-16
4121.50704538823  6.500960E-16
4122.12737363577  6.632397E-16
4122.74770188332  6.548293E-16
4123.36803013087  6.499701E-16
4123.98835837842  6.600616E-16
4124.60868662596  6.408212E-16
4125.22901487351  6.325437E-16
4125.84934312106  6.598340E-16
4126.4696713686  6.719310E-16
4127.08999961615  6.734458E-16
4127.7103278637  6.659065E-16
4128.33065611124  6.509831E-16
4128.95098435879  6.548194E-16
4129.57131260634  6.753066E-16
4130.19164085389  6.799772E-16
4130.81196910143  6.808206E-16
4131.43229734898  6.773287E-16
4132.05262559653  6.847249E-16
4132.67295384407  7.077371E-16
4133.29328209162  7.074873E-16
4133.91361033917  6.982300E-16
4134.53393858672  7.049411E-16
4135.15426683426  7.010128E-16
4135.77459508181  6.877598E-16
4136.39492332936  6.930671E-16
4137.01525157691  6.994809E-16
4137.63557982445  6.832987E-16
4138.255908072  6.912141E-16
4138.87623631955  6.881948E-16
4139.49656456709  6.711643E-16
4140.11689281464  6.744635E-16
4140.73722106219  7.125517E-16
4141.35754930974  7.223244E-16
4141.97787755728  6.982925E-16
4142.59820580483  6.861770E-16
4143.21853405238  7.174067E-16
4143.83886229992  7.571611E-16
4144.45919054747  7.594447E-16
4145.07951879502  7.460015E-16
4145.69984704257  7.316370E-16
4146.32017529011  7.175217E-16
4146.94050353766  7.119267E-16
4147.56083178521  7.311272E-16
4148.18116003275  7.468989E-16
4148.8014882803  7.584463E-16
4149.42181652785  7.558178E-16
4150.0421447754  7.186609E-16
4150.66247302294  6.902941E-16
4151.28280127049  7.000521E-16
4151.90312951804  7.276530E-16
4152.52345776558  7.373157E-16
4153.14378601313  7.591450E-16
4153.76411426068  7.630382E-16
4154.38444250822  7.229383E-16
4155.00477075577  6.870504E-16
4155.62509900332  6.971922E-16
4156.24542725087  7.252161E-16
4156.86575549841  7.080970E-16
4157.48608374596  6.873769E-16
4158.10641199351  6.882250E-16
4158.72674024106  7.076314E-16
4159.3470684886  7.314458E-16
4159.96739673615  7.390001E-16
4160.5877249837  7.513338E-16
4161.20805323124  7.707970E-16
4161.82838147879  7.672442E-16
4162.44870972634  7.387230E-16
4163.06903797389  7.491949E-16
4163.68936622143  8.182245E-16
4164.30969446898  8.362796E-16
4164.93002271653  7.858991E-16
4165.55035096407  7.527893E-16
4166.17067921162  7.471466E-16
4166.79100745917  7.536498E-16
4167.41133570672  7.708845E-16
4168.03166395426  7.897673E-16
4168.65199220181  7.713585E-16
4169.27232044936  7.480258E-16
4169.8926486969  7.668191E-16
4170.51297694445  8.035290E-16
4171.133305192  8.178131E-16
4171.75363343955  8.110915E-16
4172.37396168709  8.140896E-16
4172.99428993464  8.182123E-16
4173.61461818219  8.124668E-16
4174.23494642973  8.075904E-16
4174.85527467728  7.872576E-16
4175.47560292483  7.835514E-16
4176.09593117238  8.069880E-16
4176.71625941992  8.446596E-16
4177.33658766747  8.422633E-16
4177.95691591502  8.181421E-16
4178.57724416256  8.377126E-16
4179.19757241011  8.650623E-16
4179.81790065766  8.724924E-16
4180.43822890521  8.450119E-16
4181.05855715275  8.228399E-16
4181.6788854003  8.159626E-16
4182.29921364785  8.118276E-16
4182.91954189539  8.313462E-16
4183.53987014294  8.421321E-16
4184.16019839049  8.281854E-16
4184.78052663804  8.433922E-16
4185.40085488558  8.502026E-16
4186.02118313313  8.430336E-16
4186.64151138068  8.300379E-16
4187.26183962822  8.219167E-16
4187.88216787577  8.259572E-16
4188.50249612332  8.345178E-16
4189.12282437086  8.367314E-16
4189.74315261841  8.339016E-16
4190.36348086596  8.114446E-16
4190.98380911351  7.847516E-16
4191.60413736105  7.740347E-16
4192.2244656086  7.880167E-16
4192.84479385615  8.035149E-16
4193.4651221037  8.075052E-16
4194.08545035124  7.952719E-16
4194.70577859879  7.902051E-16
4195.32610684634  7.845114E-16
4195.94643509388  7.722563E-16
4196.56676334143  7.864863E-16
4197.18709158898  7.981117E-16
4197.80741983653  7.956004E-16
4198.42774808407  7.967089E-16
4199.04807633162  7.854990E-16
4199.66840457917  7.993321E-16
4200.28873282671  8.179270E-16
4200.90906107426  8.242479E-16
4201.52938932181  8.327188E-16
4202.14971756936  8.374432E-16
4202.7700458169  8.235911E-16
4203.39037406445  7.819837E-16
4204.010702312  7.712521E-16
4204.63103055954  8.062650E-16
4205.25135880709  8.324684E-16
4205.87168705464  8.589228E-16
4206.49201530219  8.430556E-16
4207.11234354973  8.116337E-16
4207.73267179728  8.022565E-16
4208.35300004483  8.161101E-16
4208.97332829237  8.081532E-16
4209.59365653992  7.977062E-16
4210.21398478747  7.997151E-16
4210.83431303502  8.204324E-16
4211.45464128256  8.435189E-16
4212.07496953011  8.374847E-16
4212.69529777766  8.349157E-16
4213.31562602521  8.636499E-16
4213.93595427275  8.711137E-16
4214.5562825203  8.628793E-16
4215.17661076785  8.518612E-16
4215.79693901539  8.269945E-16
4216.41726726294  8.059924E-16
4217.03759551049  7.867837E-16
4217.65792375803  7.878731E-16
4218.27825200558  8.070850E-16
4218.89858025313  8.142827E-16
4219.51890850068  8.012104E-16
4220.13923674822  7.902282E-16
4220.75956499577  7.958238E-16
4221.37989324332  8.093740E-16
4222.00022149086  8.214707E-16
4222.62054973841  8.217712E-16
4223.24087798596  8.192578E-16
4223.86120623351  8.525670E-16
4224.48153448105  8.765549E-16
4225.1018627286  8.435368E-16
4225.72219097615  8.406552E-16
4226.34251922369  8.597713E-16
4226.96284747124  8.469714E-16
4227.58317571879  8.213935E-16
4228.20350396634  8.250366E-16
4228.82383221388  8.338714E-16
4229.44416046143  8.294320E-16
4230.06448870898  8.399284E-16
4230.68481695652  8.496490E-16
4231.30514520407  8.366046E-16
4231.92547345162  8.344064E-16
4232.54580169917  8.217282E-16
4233.16612994671  8.116658E-16
4233.78645819426  8.364693E-16
4234.40678644181  8.422912E-16
4235.02711468935  8.359800E-16
4235.6474429369  8.404285E-16
4236.26777118445  8.375339E-16
4236.888099432  8.460089E-16
4237.50842767954  8.549205E-16
4238.12875592709  8.414546E-16
4238.74908417464  8.397066E-16
4239.36941242219  8.108677E-16
4239.98974066973  7.865256E-16
4240.61006891728  7.883879E-16
4241.23039716483  8.043201E-16
4241.85072541237  8.172472E-16
4242.47105365992  8.240088E-16
4243.09138190747  8.382215E-16
4243.71171015501  8.176287E-16
4244.33203840256  7.931415E-16
4244.95236665011  7.940348E-16
4245.57269489766  8.086543E-16
4246.1930231452  8.184902E-16
4246.81335139275  8.228271E-16
4247.4336796403  8.262041E-16
4248.05400788785  8.123904E-16
4248.67433613539  7.898849E-16
4249.29466438294  7.656101E-16
4249.91499263049  7.477674E-16
4250.53532087803  7.665877E-16
4251.15564912558  7.990496E-16
4251.77597737313  8.018932E-16
4252.39630562067  7.751749E-16
4253.01663386822  7.644563E-16
4253.63696211577  7.732649E-16
4254.25729036332  7.748456E-16
4254.87761861086  7.734131E-16
4255.49794685841  7.659894E-16
4256.11827510596  7.387669E-16
4256.7386033535  7.427294E-16
4257.35893160105  7.642990E-16
4257.9792598486  7.835974E-16
4258.59958809615  7.764768E-16
4259.21991634369  7.818471E-16
4259.84024459124  7.882670E-16
4260.46057283879  7.740641E-16
4261.08090108633  7.619854E-16
4261.70122933388  7.481047E-16
4262.32155758143  7.114190E-16
4262.94188582898  7.029196E-16
4263.56221407652  7.368363E-16
4264.18254232407  7.508730E-16
4264.80287057162  7.451243E-16
4265.42319881917  7.480055E-16
4266.04352706671  7.628549E-16
4266.66385531426  7.571477E-16
4267.28418356181  7.328464E-16
4267.90451180935  7.207486E-16
4268.5248400569  7.324548E-16
4269.14516830445  7.600705E-16
4269.765496552  7.751218E-16
4270.38582479954  7.599710E-16
4271.00615304709  7.445099E-16
4271.62648129464  7.514554E-16
4272.24680954218  7.629844E-16
4272.86713778973  7.732848E-16
4273.48746603728  7.818049E-16
4274.10779428483  7.652553E-16
4274.72812253237  7.299439E-16
4275.34845077992  7.107754E-16
4275.96877902747  7.005352E-16
4276.58910727501  7.039426E-16
4277.20943552256  7.146270E-16
4277.82976377011  7.438647E-16
4278.45009201765  7.614036E-16
4279.0704202652  7.476087E-16
4279.69074851275  7.521230E-16
4280.3110767603  7.482582E-16
4280.93140500784  7.383884E-16
4281.55173325539  7.341896E-16
4282.17206150294  7.390938E-16
4282.79238975049  7.538636E-16
4283.41271799803  7.656564E-16
4284.03304624558  7.940641E-16
4284.65337449313  8.046708E-16
4285.27370274067  7.541843E-16
4285.89403098822  7.057998E-16
4286.51435923577  7.020787E-16
4287.13468748332  7.219278E-16
4287.75501573086  7.336180E-16
4288.37534397841  7.260141E-16
4288.99567222596  7.367100E-16
4289.6160004735  7.583485E-16
4290.23632872105  7.507377E-16
4290.8566569686  7.277388E-16
4291.47698521615  7.142576E-16
4292.09731346369  7.094881E-16
4292.71764171124  7.023808E-16
4293.33796995879  7.051194E-16
4293.95829820634  6.939099E-16
4294.57862645388  7.078648E-16
4295.19895470143  7.379330E-16
4295.81928294898  7.431531E-16
4296.43961119652  7.752825E-16
4297.05993944407  7.761689E-16
4297.68026769162  7.567388E-16
4298.30059593917  7.232913E-16
4298.92092418671  7.088577E-16
4299.54125243426  6.954906E-16
4300.16158068181  6.827046E-16
4300.78190892935  6.887324E-16
4301.4022371769  6.943796E-16
4302.02256542445  6.841458E-16
4302.64289367199  6.887802E-16
4303.26322191954  7.097147E-16
4303.88355016709  7.257908E-16
4304.50387841464  7.130530E-16
4305.12420666218  6.955170E-16
4305.74453490973  6.670561E-16
4306.36486315728  6.359496E-16
4306.98519140482  6.437250E-16
4307.60551965237  6.732411E-16
4308.22584789992  6.875498E-16
4308.84617614747  6.701437E-16
4309.46650439501  6.562957E-16
4310.08683264256  6.589952E-16
4310.70716089011  6.520028E-16
4311.32748913766  6.444567E-16
4311.9478173852  6.306791E-16
4312.56814563275  6.251429E-16
4313.1884738803  6.177670E-16
4313.80880212784  6.013270E-16
4314.42913037539  6.048298E-16
4315.04945862294  6.263532E-16
4315.66978687049  6.354800E-16
4316.29011511803  6.184559E-16
4316.91044336558  5.939991E-16
4317.53077161313  5.890630E-16
4318.15109986067  6.120575E-16
4318.77142810822  6.350006E-16
4319.39175635577  6.476455E-16
4320.01208460332  6.225931E-16
4320.63241285086  6.062302E-16
4321.25274109841  6.296623E-16
4321.87306934596  6.574895E-16
4322.4933975935  6.643184E-16
4323.11372584105  6.529113E-16
4323.7340540886  6.388996E-16
4324.35438233614  6.597580E-16
4324.97471058369  6.605620E-16
4325.59503883124  6.425540E-16
4326.21536707879  6.616067E-16
4326.83569532633  7.117944E-16
4327.45602357388  7.341183E-16
4328.07635182143  7.287273E-16
4328.69668006898  7.283761E-16
4329.31700831652  7.574083E-16
4329.93733656407  8.215745E-16
4330.55766481162  8.546953E-16
4331.17799305916  8.376155E-16
4331.79832130671  8.278675E-16
4332.41864955426  8.559574E-16
4333.03897780181  8.567503E-16
4333.65930604935  8.065150E-16
4334.2796342969  7.846621E-16
4334.89996254445  8.168395E-16
4335.52029079199  8.354987E-16
4336.14061903954  8.204746E-16
4336.76094728709  7.993035E-16
4337.38127553463  7.958120E-16
4338.00160378218  7.892226E-16
4338.62193202973  7.670070E-16
4339.24226027728  7.656388E-16
4339.86258852482  7.519330E-16
4340.48291677237  7.469626E-16
4341.10324501992  7.597556E-16
4341.72357326746  7.461666E-16
4342.34390151501  7.389262E-16
4342.96422976256  7.594059E-16
4343.58455801011  7.655660E-16
4344.20488625765  7.767423E-16
4344.8252145052  7.800442E-16
4345.44554275275  7.780900E-16
4346.0658710003  7.942958E-16
4346.68619924784  8.240292E-16
4347.30652749539  8.437260E-16
4347.92685574294  8.501695E-16
4348.54718399048  8.561013E-16
4349.16751223803  8.415745E-16
4349.78784048558  7.986204E-16
4350.40816873313  7.633529E-16
4351.02849698067  7.586574E-16
4351.64882522822  7.453537E-16
4352.26915347577  7.068721E-16
4352.88948172331  6.911331E-16
4353.50980997086  6.812559E-16
4354.13013821841  6.622680E-16
4354.75046646596  6.555850E-16
4355.3707947135  6.544126E-16
4355.99112296105  6.393273E-16
4356.6114512086  6.049732E-16
4357.23177945614  6.103516E-16
4357.85210770369  6.426046E-16
4358.47243595124  6.509230E-16
4359.09276419878  6.422794E-16
4359.71309244633  6.263571E-16
4360.33342069388  6.148565E-16
4360.95374894143  6.210283E-16
4361.57407718897  6.181632E-16
4362.19440543652  5.961962E-16
4362.81473368407  5.727949E-16
4363.43506193162  5.867999E-16
4364.05539017916  6.246378E-16
4364.67571842671  6.459498E-16
4365.29604667426  6.397001E-16
4365.9163749218  6.133156E-16
4366.53670316935  5.851661E-16
4367.1570314169  5.832885E-16
4367.77735966445  6.043334E-16
4368.39768791199  6.111085E-16
4369.01801615954  6.261754E-16
4369.63834440709  6.348145E-16
4370.25867265463  6.358290E-16
4370.87900090218  6.427526E-16
4371.49932914973  6.522919E-16
4372.11965739728  6.774253E-16
4372.73998564482  6.680387E-16
4373.36031389237  6.548867E-16
4373.98064213992  6.529868E-16
4374.60097038746  6.370103E-16
4375.22129863501  6.566488E-16
4375.84162688256  6.787519E-16
4376.46195513011  6.745131E-16
4377.08228337765  6.627332E-16
4377.7026116252  6.597141E-16
4378.32293987275  6.783339E-16
4378.94326812029  6.791858E-16
4379.56359636784  6.515099E-16
4380.18392461539  6.250950E-16
4380.80425286294  6.077480E-16
4381.42458111048  6.064460E-16
4382.04490935803  6.301003E-16
4382.66523760558  6.376168E-16
4383.28556585312  6.485147E-16
4383.90589410067  6.989590E-16
4384.52622234822  7.047498E-16
4385.14655059577  6.807512E-16
4385.76687884331  6.774517E-16
4386.38720709086  6.717102E-16
4387.00753533841  6.604823E-16
4387.62786358596  6.741413E-16
4388.2481918335  7.084824E-16
4388.86852008105  7.191331E-16
4389.4888483286  6.981868E-16
4390.10917657614  6.693279E-16
4390.72950482369  6.586116E-16
4391.34983307124  6.731740E-16
4391.97016131878  6.867163E-16
4392.59048956633  7.060722E-16
4393.21081781388  7.250221E-16
4393.83114606143  7.242899E-16
4394.45147430897  7.100195E-16
4395.07180255652  6.978456E-16
4395.69213080407  7.249212E-16
4396.31245905161  7.270834E-16
4396.93278729916  6.945328E-16
4397.55311554671  6.768991E-16
4398.17344379426  6.713703E-16
4398.7937720418  6.708616E-16
4399.41410028935  6.690781E-16
4400.0344285369  6.633626E-16
4400.65475678444  6.504233E-16
4401.27508503199  6.696146E-16
4401.89541327954  6.921750E-16
4402.51574152709  6.741517E-16
4403.13606977463  6.595941E-16
4403.75639802218  6.707812E-16
4404.37672626973  6.956213E-16
4404.99705451727  7.121958E-16
4405.61738276482  7.257073E-16
4406.23771101237  7.403504E-16
4406.85803925992  7.244790E-16
4407.47836750746  7.045789E-16
4408.09869575501  6.798261E-16
4408.71902400256  6.817572E-16
4409.3393522501  6.912994E-16
4409.95968049765  6.840625E-16
4410.5800087452  6.566389E-16
4411.20033699275  6.548908E-16
4411.82066524029  6.785956E-16
4412.44099348784  6.994546E-16
4413.06132173539  7.133169E-16
4413.68164998294  7.104407E-16
4414.30197823048  7.095941E-16
4414.92230647803  7.113248E-16
4415.54263472558  6.854778E-16
4416.16296297312  6.776479E-16
4416.78329122067  7.023036E-16
4417.40361946822  7.242934E-16
4418.02394771577  7.249558E-16
4418.64427596331  7.035737E-16
4419.26460421086  6.828661E-16
4419.88493245841  6.969781E-16
4420.50526070595  7.236568E-16
4421.1255889535  7.594276E-16
4421.74591720105  7.437825E-16
4422.3662454486  7.117282E-16
4422.98657369614  7.065325E-16
4423.60690194369  7.106521E-16
4424.22723019124  7.261728E-16
4424.84755843878  7.214038E-16
4425.46788668633  7.176329E-16
4426.08821493388  7.117087E-16
4426.70854318142  7.133367E-16
4427.32887142897  7.398402E-16
4427.94919967652  7.470261E-16
4428.56952792407  7.239748E-16
4429.18985617161  7.086897E-16
4429.81018441916  7.043815E-16
4430.43051266671  7.066551E-16
4431.05084091425  7.253934E-16
4431.6711691618  7.381878E-16
4432.29149740935  7.294984E-16
4432.9118256569  7.097014E-16
4433.53215390444  6.919888E-16
4434.15248215199  6.813100E-16
4434.77281039954  6.895565E-16
4435.39313864708  7.104475E-16
4436.01346689463  7.151092E-16
4436.63379514218  7.088400E-16
4437.25412338973  7.104990E-16
4437.87445163727  7.395963E-16
4438.49477988482  7.569503E-16
4439.11510813237  7.162415E-16
4439.73543637992  6.901676E-16
4440.35576462746  6.953788E-16
4440.97609287501  7.054456E-16
4441.59642112256  6.971313E-16
4442.2167493701  6.846972E-16
4442.83707761765  6.902326E-16
4443.4574058652  7.284626E-16
4444.07773411274  7.454594E-16
4444.69806236029  7.416162E-16
4445.31839060784  7.493362E-16
4445.93871885539  7.727410E-16
4446.55904710293  7.815058E-16
4447.17937535048  7.551077E-16
4447.79970359803  7.334891E-16
4448.42003184557  7.147836E-16
4449.04036009312  7.201950E-16
4449.66068834067  7.248778E-16
4450.28101658822  7.162650E-16
4450.90134483576  7.099973E-16
4451.52167308331  6.951766E-16
4452.14200133086  7.047130E-16
4452.76232957841  7.241004E-16
4453.38265782595  7.645750E-16
4454.0029860735  7.825966E-16
4454.62331432105  7.603606E-16
4455.24364256859  7.225249E-16
4455.86397081614  7.023146E-16
4456.48429906369  7.029470E-16
4457.10462731124  7.048281E-16
4457.72495555878  7.252395E-16
4458.34528380633  7.559634E-16
4458.96561205388  7.690754E-16
4459.58594030142  7.676892E-16
4460.20626854897  7.683412E-16
4460.82659679652  7.695172E-16
4461.44692504406  7.647422E-16
4462.06725329161  7.610342E-16
4462.68758153916  7.484613E-16
4463.30790978671  7.386150E-16
4463.92823803425  7.430896E-16
4464.5485662818  7.769793E-16
4465.16889452935  8.193239E-16
4465.7892227769  8.105061E-16
4466.40955102444  7.791842E-16
4467.02987927199  7.782018E-16
4467.65020751954  7.690727E-16
4468.27053576708  7.643602E-16
4468.89086401463  7.774569E-16
4469.51119226218  7.622015E-16
4470.13152050972  7.456593E-16
4470.75184875727  7.481834E-16
4471.37217700482  7.604071E-16
4471.99250525237  7.502309E-16
4472.61283349991  7.440397E-16
4473.23316174746  7.615719E-16
4473.85348999501  7.718869E-16
4474.47381824256  7.771383E-16
4475.0941464901  7.892570E-16
4475.71447473765  7.881549E-16
4476.3348029852  7.604704E-16
4476.95513123274  7.414850E-16
4477.57545948029  7.257438E-16
4478.19578772784  7.081065E-16
4478.81611597539  7.275931E-16
4479.43644422293  7.575978E-16
4480.05677247048  7.601833E-16
4480.67710071803  7.518619E-16
4481.29742896557  7.538753E-16
4481.91775721312  7.663903E-16
4482.53808546067  7.615985E-16
4483.15841370822  7.341522E-16
4483.77874195576  7.146989E-16
4484.39907020331  6.909587E-16
4485.01939845086  6.787317E-16
4485.6397266984  6.987798E-16
4486.26005494595  7.388713E-16
4486.8803831935  7.492258E-16
4487.50071144105  7.283995E-16
4488.12103968859  7.240080E-16
4488.74136793614  7.328760E-16
4489.36169618369  7.466386E-16
4489.98202443123  7.493866E-16
4490.60235267878  7.486564E-16
4491.22268092633  7.589198E-16
4491.84300917388  7.424454E-16
4492.46333742142  7.188620E-16
4493.08366566897  7.248970E-16
4493.70399391652  7.426988E-16
4494.32432216406  7.550338E-16
4494.94465041161  7.424518E-16
4495.56497865916  7.327462E-16
4496.18530690671  7.249394E-16
4496.80563515425  7.344473E-16
4497.4259634018  7.733002E-16
4498.04629164935  7.675903E-16
4498.66661989689  7.123719E-16
4499.28694814444  6.892712E-16
4499.90727639199  7.128177E-16
4500.52760463954  7.355330E-16
4501.14793288708  7.342208E-16
4501.76826113463  7.520131E-16
4502.38858938218  7.642164E-16
4503.00891762972  7.640955E-16
4503.62924587727  7.752891E-16
4504.24957412482  7.719373E-16
4504.86990237236  7.582427E-16
4505.49023061991  7.532487E-16
4506.11055886746  7.439669E-16
4506.73088711501  7.261097E-16
4507.35121536255  7.262052E-16
4507.9715436101  7.294941E-16
4508.59187185765  7.371715E-16
4509.2122001052  7.467171E-16
4509.83252835274  7.608363E-16
4510.45285660029  7.827254E-16
4511.07318484784  7.885380E-16
4511.69351309539  7.850977E-16
4512.31384134293  7.748424E-16
4512.93416959048  7.510751E-16
4513.55449783802  7.295989E-16
4514.17482608557  7.399991E-16
4514.79515433312  7.537343E-16
4515.41548258067  7.353336E-16
4516.03581082822  7.353083E-16
4516.65613907576  7.380276E-16
4517.27646732331  7.209449E-16
4517.89679557086  7.218010E-16
4518.5171238184  7.443185E-16
4519.13745206595  7.605433E-16
4519.7577803135  7.575786E-16
4520.37810856104  7.344424E-16
4520.99843680859  7.312126E-16
4521.61876505614  7.538414E-16
4522.23909330369  7.645103E-16
4522.85942155123  7.758139E-16
4523.47974979878  7.874102E-16
4524.10007804633  7.844436E-16
4524.72040629387  8.017699E-16
4525.34073454142  8.140232E-16
4525.96106278897  7.962583E-16
4526.58139103652  7.606474E-16
4527.20171928406  7.430298E-16
4527.82204753161  7.369812E-16
4528.44237577916  7.336703E-16
4529.0627040267  7.371533E-16
4529.68303227425  7.400210E-16
4530.3033605218  7.520033E-16
4530.92368876935  7.642756E-16
4531.54401701689  7.330874E-16
4532.16434526444  7.109240E-16
4532.78467351199  7.182830E-16
4533.40500175954  7.381477E-16
4534.02533000708  7.300207E-16
4534.64565825463  7.269726E-16
4535.26598650218  7.532190E-16
4535.88631474972  7.791824E-16
4536.50664299727  7.865348E-16
4537.12697124482  7.746494E-16
4537.74729949236  7.756927E-16
4538.36762773991  7.747828E-16
4538.98795598746  7.446408E-16
4539.60828423501  7.372891E-16
4540.22861248255  7.451740E-16
4540.8489407301  7.332868E-16
4541.46926897765  7.413686E-16
4542.08959722519  7.599217E-16
4542.70992547274  7.694692E-16
4543.33025372029  7.509640E-16
4543.95058196784  7.425128E-16
4544.57091021538  7.663446E-16
4545.19123846293  7.813569E-16
4545.81156671048  7.842151E-16
4546.43189495802  7.607516E-16
4547.05222320557  7.581309E-16
4547.67255145312  7.626286E-16
4548.29287970067  7.545870E-16
4548.91320794821  7.405731E-16
4549.53353619576  7.218792E-16
4550.15386444331  7.426009E-16
4550.77419269085  7.686840E-16
4551.3945209384  7.603750E-16
4552.01484918595  7.397766E-16
4552.6351774335  7.616320E-16
4553.25550568104  7.763174E-16
4553.87583392859  7.787030E-16
4554.49616217614  7.783409E-16
4555.11649042368  7.512109E-16
4555.73681867123  7.462497E-16
4556.35714691878  7.776978E-16
4556.97747516633  7.732853E-16
4557.59780341387  7.722764E-16
4558.21813166142  7.851029E-16
4558.83845990897  7.737702E-16
4559.45878815651  7.587878E-16
4560.07911640406  7.519432E-16
4560.69944465161  7.606576E-16
4561.31977289916  7.687327E-16
4561.9401011467  7.538197E-16
4562.56042939425  7.453022E-16
4563.1807576418  7.474529E-16
4563.80108588935  7.616332E-16
4564.42141413689  7.446760E-16
4565.04174238444  7.047212E-16
4565.66207063199  6.814713E-16
4566.28239887953  7.013680E-16
4566.90272712708  7.393719E-16
4567.52305537463  7.641093E-16
4568.14338362218  7.837337E-16
4568.76371186972  7.890556E-16
4569.38404011727  7.654343E-16
4570.00436836482  7.465626E-16
4570.62469661236  7.553853E-16
4571.24502485991  7.448827E-16
4571.86535310746  7.365100E-16
4572.48568135501  7.546385E-16
4573.10600960255  7.841233E-16
4573.7263378501  7.761314E-16
4574.34666609765  7.683966E-16
4574.96699434519  7.738408E-16
4575.58732259274  7.592018E-16
4576.20765084029  7.353621E-16
4576.82797908783  7.372906E-16
4577.44830733538  7.499751E-16
4578.06863558293  7.515839E-16
4578.68896383048  7.568617E-16
4579.30929207802  7.887125E-16
4579.92962032557  8.081808E-16
4580.54994857312  7.995156E-16
4581.17027682067  7.932184E-16
4581.79060506821  7.857719E-16
4582.41093331576  7.710597E-16
4583.03126156331  7.582327E-16
4583.65158981085  7.723521E-16
4584.2719180584  7.607329E-16
4584.89224630595  7.477208E-16
4585.5125745535  7.380169E-16
4586.13290280104  7.444587E-16
4586.75323104859  7.715799E-16
4587.37355929614  7.641030E-16
4587.99388754368  7.431260E-16
4588.61421579123  7.382126E-16
4589.23454403878  7.209913E-16
4589.85487228633  7.093961E-16
4590.47520053387  6.986920E-16
4591.09552878142  6.957036E-16
4591.71585702897  6.988678E-16
4592.33618527651  7.021943E-16
4592.95651352406  7.066261E-16
4593.57684177161  7.199508E-16
4594.19717001915  7.472308E-16
4594.8174982667  7.727831E-16
4595.43782651425  7.831924E-16
4596.0581547618  7.782432E-16
4596.67848300934  7.709615E-16
4597.29881125689  7.387106E-16
4597.91913950444  7.287201E-16
4598.53946775199  7.543745E-16
4599.15979599953  7.267059E-16
4599.78012424708  6.889760E-16
4600.40045249463  7.142075E-16
4601.02078074217  7.442000E-16
4601.64110898972  7.374040E-16
4602.26143723727  7.233705E-16
4602.88176548482  6.971496E-16
4603.50209373236  7.051348E-16
4604.12242197991  6.923447E-16
4604.74275022746  6.877001E-16
4605.363078475  7.098893E-16
4605.98340672255  7.131316E-16
4606.6037349701  7.095471E-16
4607.22406321765  6.841855E-16
4607.84439146519  6.911887E-16
4608.46471971274  7.308317E-16
4609.08504796029  7.270067E-16
4609.70537620783  7.145187E-16
4610.32570445538  6.951333E-16
4610.94603270293  6.818473E-16
4611.56636095048  6.880240E-16
4612.18668919802  7.144981E-16
4612.80701744557  7.442655E-16
4613.42734569312  7.455211E-16
4614.04767394066  7.263834E-16
4614.66800218821  7.089625E-16
4615.28833043576  6.948488E-16
4615.90865868331  6.884637E-16
4616.52898693085  6.966182E-16
4617.1493151784  7.194040E-16
4617.76964342595  7.326635E-16
4618.38997167349  7.341827E-16
4619.01029992104  7.115626E-16
4619.63062816859  7.168275E-16
4620.25095641614  7.367684E-16
4620.87128466368  7.363502E-16
4621.49161291123  7.196088E-16
4622.11194115878  6.934185E-16
4622.73226940632  6.936575E-16
4623.35259765387  7.054940E-16
4623.97292590142  6.916361E-16
4624.59325414897  6.868341E-16
4625.21358239651  7.161664E-16
4625.83391064406  7.169490E-16
4626.45423889161  6.971303E-16
4627.07456713915  6.955841E-16
4627.6948953867  7.077200E-16
4628.31522363425  7.068681E-16
4628.9355518818  6.846945E-16
4629.55588012934  6.660455E-16
4630.17620837689  6.773713E-16
4630.79653662444  6.756370E-16
4631.41686487198  6.595368E-16
4632.03719311953  6.686893E-16
4632.65752136708  6.861977E-16
4633.27784961463  7.059433E-16
4633.89817786217  7.217664E-16
4634.51850610972  7.095824E-16
4635.13883435727  7.084038E-16
4635.75916260482  7.394417E-16
4636.37949085236  7.432885E-16
4636.99981909991  7.237300E-16
4637.62014734746  7.192255E-16
4638.240475595  7.228700E-16
4638.86080384255  7.199358E-16
4639.4811320901  7.137549E-16
4640.10146033765  7.005231E-16
4640.72178858519  6.882612E-16
4641.34211683274  6.850805E-16
4641.96244508029  6.538830E-16
4642.58277332783  6.544164E-16
4643.20310157538  7.064861E-16
4643.82342982293  7.142345E-16
4644.44375807047  6.999405E-16
4645.06408631802  7.039925E-16
4645.68441456557  7.179078E-16
4646.30474281312  7.400660E-16
4646.92507106066  7.419872E-16
4647.54539930821  7.156080E-16
4648.16572755576  7.123387E-16
4648.7860558033  7.155995E-16
4649.40638405085  7.026615E-16
4650.0267122984  6.985778E-16
4650.64704054595  6.935999E-16
4651.26736879349  6.929489E-16
4651.88769704104  6.875102E-16
4652.50802528859  6.664574E-16
4653.12835353613  6.687841E-16
4653.74868178368  6.715364E-16
4654.36901003123  6.533337E-16
4654.98933827878  6.487508E-16
4655.60966652632  6.455397E-16
4656.22999477387  6.706901E-16
4656.85032302142  7.075870E-16
4657.47065126896  6.973517E-16
4658.09097951651  6.795178E-16
4658.71130776406  6.744714E-16
4659.33163601161  6.742055E-16
4659.95196425915  6.921793E-16
4660.5722925067  7.096439E-16
4661.19262075425  7.199006E-16
4661.81294900179  7.104400E-16
4662.43327724934  6.930102E-16
4663.05360549689  6.989595E-16
4663.67393374444  7.073241E-16
4664.29426199198  6.850029E-16
4664.91459023953  6.811223E-16
4665.53491848708  6.927401E-16
4666.15524673462  6.844219E-16
4666.77557498217  6.739183E-16
4667.39590322972  6.795949E-16
4668.01623147727  6.854430E-16
4668.63655972481  6.975777E-16
4669.25688797236  7.101464E-16
4669.87721621991  7.179238E-16
4670.49754446745  7.152554E-16
4671.117872715  7.033208E-16
4671.73820096255  7.015120E-16
4672.3585292101  6.948769E-16
4672.97885745764  6.826660E-16
4673.59918570519  6.841405E-16
4674.21951395274  6.769455E-16
4674.83984220028  6.801133E-16
4675.46017044783  6.795561E-16
4676.08049869538  6.645441E-16
4676.70082694293  6.624682E-16
4677.32115519047  6.837634E-16
4677.94148343802  6.922292E-16
4678.56181168557  6.894224E-16
4679.18213993311  6.870384E-16
4679.80246818066  6.821885E-16
4680.42279642821  6.707185E-16
4681.04312467576  6.603362E-16
4681.6634529233  6.514740E-16
4682.28378117085  6.447903E-16
4682.9041094184  6.512660E-16
4683.52443766594  6.616671E-16
4684.14476591349  6.514905E-16
4684.76509416104  6.425846E-16
4685.38542240859  6.499745E-16
4686.00575065613  6.606959E-16
4686.62607890368  6.674903E-16
4687.24640715123  6.801909E-16
4687.86673539877  6.868114E-16
4688.48706364632  6.748875E-16
4689.10739189387  6.716611E-16
4689.72772014142  6.836582E-16
4690.34804838896  6.852266E-16
4690.96837663651  6.750889E-16
4691.58870488406  6.693234E-16
4692.20903313161  6.597081E-16
4692.82936137915  6.480746E-16
4693.4496896267  6.425709E-16
4694.07001787425  6.391439E-16
4694.69034612179  6.457836E-16
4695.31067436934  6.532550E-16
4695.93100261689  6.547477E-16
4696.55133086443  6.519301E-16
4697.17165911198  6.422983E-16
4697.79198735953  6.485068E-16
4698.41231560708  6.534164E-16
4699.03264385462  6.481575E-16
4699.65297210217  6.556279E-16
4700.27330034972  6.626197E-16
4700.89362859727  6.705150E-16
4701.51395684481  6.868197E-16
4702.13428509236  6.969086E-16
4702.75461333991  6.886879E-16
4703.37494158745  6.809926E-16
4703.995269835  6.868377E-16
4704.61559808255  6.712993E-16
4705.2359263301  6.546129E-16
4705.85625457764  6.325329E-16
4706.47658282519  6.359793E-16
4707.09691107274  6.446445E-16
4707.71723932028  6.409085E-16
4708.33756756783  6.326943E-16
4708.95789581538  6.240198E-16
4709.57822406293  6.174649E-16
4710.19855231047  6.249563E-16
4710.81888055802  6.439106E-16
4711.43920880557  6.405195E-16
4712.05953705311  6.262539E-16
4712.67986530066  6.198981E-16
4713.30019354821  6.308212E-16
4713.92052179575  6.231268E-16
4714.5408500433  6.195344E-16
4715.16117829085  6.189026E-16
4715.7815065384  6.395235E-16
4716.40183478594  6.532868E-16
4717.02216303349  6.413192E-16
4717.64249128104  6.251074E-16
4718.26281952859  6.336714E-16
4718.88314777613  6.634196E-16
4719.50347602368  6.754611E-16
4720.12380427123  6.622304E-16
4720.74413251877  6.545156E-16
4721.36446076632  6.661982E-16
4721.98478901387  6.536017E-16
4722.60511726141  6.250727E-16
4723.22544550896  6.104861E-16
4723.84577375651  6.162898E-16
4724.46610200406  6.222188E-16
4725.0864302516  6.120776E-16
4725.70675849915  6.108775E-16
4726.3270867467  6.249190E-16
4726.94741499425  6.225096E-16
4727.56774324179  6.254244E-16
4728.18807148934  6.361151E-16
4728.80839973689  6.311593E-16
4729.42872798443  6.184517E-16
4730.04905623198  6.161598E-16
4730.66938447953  6.356116E-16
4731.28971272707  6.466288E-16
4731.91004097462  6.413954E-16
4732.53036922217  6.421833E-16
4733.15069746972  6.386402E-16
4733.77102571726  6.360539E-16
4734.39135396481  6.327473E-16
4735.01168221236  6.126447E-16
4735.63201045991  6.082377E-16
4736.25233870745  6.141630E-16
4736.872666955  6.135494E-16
4737.49299520255  6.173039E-16
4738.11332345009  6.115956E-16
4738.73365169764  6.021565E-16
4739.35397994519  6.109613E-16
4739.97430819274  6.284131E-16
4740.59463644028  6.242022E-16
4741.21496468783  6.045634E-16
4741.83529293538  5.887783E-16
4742.45562118292  5.876431E-16
4743.07594943047  5.944479E-16
4743.69627767802  6.188151E-16
4744.31660592557  6.286068E-16
4744.93693417311  6.190221E-16
4745.55726242066  6.195417E-16
4746.17759066821  6.122595E-16
4746.79791891575  5.997338E-16
4747.4182471633  6.094256E-16
4748.03857541085  6.218442E-16
4748.6589036584  6.070704E-16
4749.27923190594  5.903140E-16
4749.89956015349  6.015702E-16
4750.51988840104  6.113053E-16
4751.14021664858  5.985375E-16
4751.76054489613  5.962009E-16
4752.38087314368  5.947217E-16
4753.00120139123  5.931245E-16
4753.62152963877  6.048881E-16
4754.24185788632  6.045149E-16
4754.86218613387  5.832715E-16
4755.48251438141  5.753035E-16
4756.10284262896  5.803793E-16
4756.72317087651  5.887239E-16
4757.34349912405  6.061074E-16
4757.9638273716  6.269163E-16
4758.58415561915  6.261785E-16
4759.2044838667  6.244755E-16
4759.82481211424  6.205264E-16
4760.44514036179  6.011804E-16
4761.06546860934  6.053467E-16
4761.68579685689  6.142878E-16
4762.30612510443  5.945242E-16
4762.92645335198  5.783872E-16
4763.54678159953  5.818394E-16
4764.16710984707  5.898557E-16
4764.78743809462  5.790565E-16
4765.40776634217  5.823593E-16
4766.02809458972  5.955616E-16
4766.64842283726  5.941693E-16
4767.26875108481  5.807724E-16
4767.88907933236  5.736171E-16
4768.5094075799  5.795484E-16
4769.12973582745  5.936893E-16
4769.750064075  5.993635E-16
4770.37039232255  5.905071E-16
4770.99072057009  5.923998E-16
4771.61104881764  5.834017E-16
4772.23137706519  5.618647E-16
4772.85170531273  5.689609E-16
4773.47203356028  5.712807E-16
4774.09236180783  5.685960E-16
4774.71269005538  5.653933E-16
4775.33301830292  5.523612E-16
4775.95334655047  5.553712E-16
4776.57367479802  5.757302E-16
4777.19400304556  6.018412E-16
4777.81433129311  6.092642E-16
4778.43465954066  5.947351E-16
4779.05498778821  5.862379E-16
4779.67531603575  5.929419E-16
4780.2956442833  5.929600E-16
4780.91597253085  5.796574E-16
4781.53630077839  5.656059E-16
4782.15662902594  5.691967E-16
4782.77695727349  5.690296E-16
4783.39728552103  5.613652E-16
4784.01761376858  5.613005E-16
4784.63794201613  5.503566E-16
4785.25827026368  5.315931E-16
4785.87859851123  5.254972E-16
4786.49892675877  5.434011E-16
4787.11925500632  5.645785E-16
4787.73958325387  5.689385E-16
4788.35991150141  5.646613E-16
4788.98023974896  5.633125E-16
4789.60056799651  5.483037E-16
4790.22089624406  5.420128E-16
4790.8412244916  5.595482E-16
4791.46155273915  5.448685E-16
4792.0818809867  5.260095E-16
4792.70220923424  5.460702E-16
4793.32253748179  5.664582E-16
4793.94286572934  5.603451E-16
4794.56319397689  5.522364E-16
4795.18352222443  5.541131E-16
4795.80385047198  5.465401E-16
4796.42417871953  5.406662E-16
4797.04450696707  5.437339E-16
4797.66483521462  5.451743E-16
4798.28516346217  5.462021E-16
4798.90549170972  5.312533E-16
4799.52581995726  5.405433E-16
4800.14614820481  5.357440E-16
4800.76647645236  5.252233E-16
4801.3868046999  5.375199E-16
4802.00713294745  5.505607E-16
4802.627461195  5.374862E-16
4803.24778944255  5.256548E-16
4803.86811769009  5.437971E-16
4804.48844593764  5.616656E-16
4805.10877418519  5.482612E-16
4805.72910243273  5.245001E-16
4806.34943068028  5.065642E-16
4806.96975892783  4.941853E-16
4807.59008717538  5.022045E-16
4808.21041542292  5.244138E-16
4808.83074367047  5.322108E-16
4809.45107191802  5.381154E-16
4810.07140016556  5.248983E-16
4810.69172841311  5.150955E-16
4811.31205666066  5.174928E-16
4811.9323849082  5.229042E-16
4812.55271315575  5.294163E-16
4813.1730414033  5.224383E-16
4813.79336965085  5.202875E-16
4814.41369789839  5.261989E-16
4815.03402614594  5.286703E-16
4815.65435439349  5.245561E-16
4816.27468264104  5.074688E-16
4816.89501088858  5.222432E-16
4817.51533913613  5.361414E-16
4818.13566738368  5.329907E-16
4818.75599563122  5.113154E-16
4819.37632387877  4.964808E-16
4819.99665212632  4.979315E-16
4820.61698037387  5.109437E-16
4821.23730862141  5.239953E-16
4821.85763686896  5.189870E-16
4822.47796511651  5.065336E-16
4823.09829336405  5.120634E-16
4823.7186216116  5.167331E-16
4824.33894985915  5.178702E-16
4824.9592781067  5.222171E-16
4825.57960635424  5.273927E-16
4826.19993460179  5.376586E-16
4826.82026284934  5.065844E-16
4827.44059109688  4.736012E-16
4828.06091934443  4.830435E-16
4828.68124759198  4.984029E-16
4829.30157583952  4.999465E-16
4829.92190408707  5.120879E-16
4830.54223233462  5.132082E-16
4831.16256058217  5.144657E-16
4831.78288882971  5.036052E-16
4832.40321707726  4.850244E-16
4833.02354532481  4.814888E-16
4833.64387357236  4.820373E-16
4834.2642018199  4.871377E-16
4834.88453006745  4.833100E-16
4835.504858315  4.656087E-16
4836.12518656254  4.570668E-16
4836.74551481009  4.648094E-16
4837.36584305764  4.761630E-16
4837.98617130519  4.868038E-16
4838.60649955273  4.935320E-16
4839.22682780028  5.026039E-16
4839.84715604783  5.122129E-16
4840.46748429538  5.184761E-16
4841.08781254292  5.339934E-16
4841.70814079047  5.517847E-16
4842.32846903802  5.429834E-16
4842.94879728556  5.448250E-16
4843.56912553311  5.608644E-16
4844.18945378066  5.841284E-16
4844.8097820282  5.953396E-16
4845.43011027575  6.214317E-16
4846.0504385233  6.536519E-16
4846.67076677085  6.598979E-16
4847.29109501839  6.637965E-16
4847.91142326594  6.775359E-16
4848.53175151349  7.144536E-16
4849.15207976104  7.535145E-16
4849.77240800858  7.930441E-16
4850.39273625613  8.350837E-16
4851.01306450368  8.640402E-16
4851.63339275122  8.660471E-16
4852.25372099877  8.501893E-16
4852.87404924632  8.483379E-16
4853.49437749387  8.459188E-16
4854.11470574141  8.430525E-16
4854.73503398896  8.432228E-16
4855.35536223651  8.300661E-16
4855.97569048405  8.107687E-16
4856.5960187316  7.807141E-16
4857.21634697915  7.602564E-16
4857.8366752267  7.555263E-16
4858.45700347424  7.477644E-16
4859.07733172179  7.440308E-16
4859.69765996934  7.513750E-16
4860.31798821688  7.531117E-16
4860.93831646443  7.389430E-16
4861.55864471198  7.161841E-16
4862.17897295952  7.187104E-16
4862.79930120707  7.320756E-16
4863.41962945462  7.260783E-16
4864.03995770217  7.330564E-16
4864.66028594971  7.597903E-16
4865.28061419726  7.737377E-16
4865.90094244481  7.822036E-16
4866.52127069235  8.003539E-16
4867.1415989399  8.126416E-16
4867.76192718745  8.210510E-16
4868.382255435  8.131657E-16
4869.00258368254  8.123903E-16
4869.62291193009  8.294129E-16
4870.24324017764  8.359626E-16
4870.86356842518  8.289538E-16
4871.48389667273  8.235902E-16
4872.10422492028  8.128856E-16
4872.72455316783  7.812828E-16
4873.34488141537  7.418027E-16
4873.96520966292  7.366125E-16
4874.58553791047  7.228489E-16
4875.20586615802  6.939388E-16
4875.82619440556  6.702447E-16
4876.44652265311  6.473249E-16
4877.06685090066  6.014405E-16
4877.6871791482  5.738952E-16
4878.30750739575  5.573997E-16
4878.9278356433  5.415289E-16
4879.54816389084  5.267855E-16
4880.16849213839  5.419548E-16
4880.78882038594  5.679658E-16
4881.40914863349  5.722225E-16
4882.02947688103  5.585138E-16
4882.64980512858  5.411884E-16
4883.27013337613  5.100852E-16
4883.89046162367  4.854598E-16
4884.51078987122  4.792974E-16
4885.13111811877  4.729002E-16
4885.75144636632  4.745580E-16
4886.37177461386  4.939502E-16
4886.99210286141  5.117520E-16
4887.61243110896  5.209720E-16
4888.23275935651  5.062193E-16
4888.85308760405  5.022472E-16
4889.4734158516  5.136719E-16
4890.09374409915  4.999355E-16
4890.71407234669  4.948648E-16
4891.33440059424  4.908477E-16
4891.95472884179  4.745263E-16
4892.57505708934  4.800649E-16
4893.19538533688  4.862834E-16
4893.81571358443  4.748824E-16
4894.43604183198  4.813695E-16
4895.05637007952  4.978810E-16
4895.67669832707  5.051092E-16
4896.29702657462  4.962190E-16
4896.91735482217  4.805674E-16
4897.53768306971  4.706149E-16
4898.15801131726  4.798598E-16
4898.77833956481  4.953362E-16
4899.39866781235  5.139164E-16
4900.0189960599  5.317531E-16
4900.63932430745  5.303326E-16
4901.259652555  5.192287E-16
4901.87998080254  5.180135E-16
4902.50030905009  5.246838E-16
4903.12063729764  5.325401E-16
4903.74096554518  5.364669E-16
4904.36129379273  5.107886E-16
4904.98162204028  4.974575E-16
4905.60195028782  5.168645E-16
4906.22227853537  5.561917E-16
4906.84260678292  5.403323E-16
4907.46293503047  5.003247E-16
4908.08326327801  4.846358E-16
4908.70359152556  4.895375E-16
4909.32391977311  5.143251E-16
4909.94424802066  5.240740E-16
4910.5645762682  5.108944E-16
4911.18490451575  5.223243E-16
4911.8052327633  5.394826E-16
4912.42556101084  5.560138E-16
4913.04588925839  5.653775E-16
4913.66621750594  5.747261E-16
4914.28654575349  5.725367E-16
4914.90687400103  5.713339E-16
4915.52720224858  5.612724E-16
4916.14753049613  5.563652E-16
4916.76785874367  5.542265E-16
4917.38818699122  5.460397E-16
4918.00851523877  5.348055E-16
4918.62884348632  5.195020E-16
4919.24917173386  5.248429E-16
4919.86949998141  5.326028E-16
4920.48982822896  5.486014E-16
4921.1101564765  5.714827E-16
4921.73048472405  5.625388E-16
4922.3508129716  5.496608E-16
4922.97114121915  5.569005E-16
4923.59146946669  5.658791E-16
4924.21179771424  5.716770E-16
4924.83212596179  5.501244E-16
4925.45245420933  5.401294E-16
4926.07278245688  5.520852E-16
4926.69311070443  5.671635E-16
4927.31343895198  5.807669E-16
4927.93376719952  5.748123E-16
4928.55409544707  5.484216E-16
4929.17442369462  5.396345E-16
4929.79475194216  5.677503E-16
4930.41508018971  5.680055E-16
4931.03540843726  5.622569E-16
4931.6557366848  5.620813E-16
4932.27606493235  5.600435E-16
4932.8963931799  5.622229E-16
4933.51672142745  5.730180E-16
4934.13704967499  5.754807E-16
4934.75737792254  5.694572E-16
4935.37770617009  5.768820E-16
4935.99803441764  5.733648E-16
4936.61836266518  5.684357E-16
4937.23869091273  5.683389E-16
4937.85901916028  5.627652E-16
4938.47934740782  5.534023E-16
4939.09967565537  5.485436E-16
4939.72000390292  5.482958E-16
4940.34033215046  5.431957E-16
4940.96066039801  5.378533E-16
4941.58098864556  5.298170E-16
4942.20131689311  5.273155E-16
4942.82164514065  5.365461E-16
4943.4419733882  5.426497E-16
4944.06230163575  5.690232E-16
4944.6826298833  5.724063E-16
4945.30295813084  5.692179E-16
4945.92328637839  5.781557E-16
4946.54361462594  5.847453E-16
4947.16394287348  5.842831E-16
4947.78427112103  5.595816E-16
4948.40459936858  5.519204E-16
4949.02492761613  5.504690E-16
4949.64525586367  5.521597E-16
4950.26558411122  5.631943E-16
4950.88591235877  5.493715E-16
4951.50624060631  5.277570E-16
4952.12656885386  5.173752E-16
4952.74689710141  5.205504E-16
4953.36722534896  5.544176E-16
4953.9875535965  5.698253E-16
4954.60788184405  5.676728E-16
4955.2282100916  5.583752E-16
4955.84853833914  5.528771E-16
4956.46886658669  5.468883E-16
4957.08919483424  5.441007E-16
4957.70952308179  5.378976E-16
4958.32985132933  5.447805E-16
4958.95017957688  5.799693E-16
4959.57050782443  5.887989E-16
4960.19083607197  5.791678E-16
4960.81116431952  5.696841E-16
4961.43149256707  5.598210E-16
4962.05182081462  5.673214E-16
4962.67214906216  5.764684E-16
4963.29247730971  5.436422E-16
4963.91280555726  5.166840E-16
4964.53313380481  5.167064E-16
4965.15346205235  5.291910E-16
4965.7737902999  5.362256E-16
4966.39411854745  5.377966E-16
4967.01444679499  5.386019E-16
4967.63477504254  5.393793E-16
4968.25510329009  5.401540E-16
4968.87543153763  5.403201E-16
4969.49575978518  5.375110E-16
4970.11608803273  5.398103E-16
4970.73641628028  5.625126E-16
4971.35674452782  5.742122E-16
4971.97707277537  5.549218E-16
4972.59740102292  5.451824E-16
4973.21772927046  5.492597E-16
4973.83805751801  5.569586E-16
4974.45838576556  5.614805E-16
4975.07871401311  5.497521E-16
4975.69904226065  5.469027E-16
4976.3193705082  5.460122E-16
4976.93969875575  5.543857E-16
4977.56002700329  5.585822E-16
4978.18035525084  5.347047E-16
4978.80068349839  5.171585E-16
4979.42101174594  5.210084E-16
4980.04133999348  5.322999E-16
4980.66166824103  5.442667E-16
4981.28199648858  5.385401E-16
4981.90232473612  5.273864E-16
4982.52265298367  5.332336E-16
4983.14298123122  5.375632E-16
4983.76330947877  5.286299E-16
4984.38363772631  5.083584E-16
4985.00396597386  5.025979E-16
4985.62429422141  5.346701E-16
4986.24462246896  5.649728E-16
4986.8649507165  5.684092E-16
4987.48527896405  5.506126E-16
4988.1056072116  5.405913E-16
4988.72593545914  5.481463E-16
4989.34626370669  5.592063E-16
4989.96659195424  5.723877E-16
4990.58692020178  5.814455E-16
4991.20724844933  5.920262E-16
4991.82757669688  6.039719E-16
4992.44790494443  5.871745E-16
4993.06823319197  5.587177E-16
4993.68856143952  5.388031E-16
4994.30888968707  5.395926E-16
4994.92921793461  5.252070E-16
4995.54954618216  5.529437E-16
4996.16987442971  5.921164E-16
4996.79020267726  5.902089E-16
4997.4105309248  5.704905E-16
4998.03085917235  5.561721E-16
4998.6511874199  5.677771E-16
4999.27151566745  5.785758E-16
4999.89184391499  5.720537E-16
5000.51217216254  5.590754E-16
5001.13250041009  5.644615E-16
5001.75282865764  5.805226E-16
5002.37315690518  5.801051E-16
5002.99348515273  5.540329E-16
5003.61381340028  5.287477E-16
5004.23414164782  5.354019E-16
5004.85446989537  5.675728E-16
5005.47479814292  5.795161E-16
5006.09512639046  5.738352E-16
5006.71545463801  5.657316E-16
5007.33578288556  5.575552E-16
5007.95611113311  5.493847E-16
5008.57643938065  5.412216E-16
5009.1967676282  5.363245E-16
5009.81709587575  5.540383E-16
5010.43742412329  5.953032E-16
5011.05775237084  6.016744E-16
5011.67808061839  5.796532E-16
5012.29840886594  5.625692E-16
5012.91873711348  5.555372E-16
5013.53906536103  5.696918E-16
5014.15939360858  5.846416E-16
5014.77972185612  5.962524E-16
5015.40005010367  5.879716E-16
5016.02037835122  5.587922E-16
5016.64070659877  5.605921E-16
5017.26103484631  5.715935E-16
5017.88136309386  5.622925E-16
5018.50169134141  5.616326E-16
5019.12201958895  5.606306E-16
5019.7423478365  5.602681E-16
5020.36267608405  5.602648E-16
5020.9830043316  5.574207E-16
5021.60333257914  5.509468E-16
5022.22366082669  5.598968E-16
5022.84398907424  5.630616E-16
5023.46431732178  5.490984E-16
5024.08464556933  5.522861E-16
5024.70497381688  5.670778E-16
5025.32530206443  5.725844E-16
5025.94563031197  5.768710E-16
5026.56595855952  5.763193E-16
5027.18628680707  5.947592E-16
5027.80661505461  6.035296E-16
5028.42694330216  5.943022E-16
5029.04727154971  5.852494E-16
5029.66759979726  5.725603E-16
5030.2879280448  5.812059E-16
5030.90825629235  5.881101E-16
5031.5285845399  5.756883E-16
5032.14891278744  5.529186E-16
5032.76924103499  5.375137E-16
5033.38956928254  5.272327E-16
5034.00989753009  5.459401E-16
5034.63022577763  5.697025E-16
5035.25055402518  5.590995E-16
5035.87088227273  5.444645E-16
5036.49121052028  5.535401E-16
5037.11153876782  5.592994E-16
5037.73186701537  5.760724E-16
5038.35219526292  5.684385E-16
5038.97252351046  5.474927E-16
5039.59285175801  5.486195E-16
5040.21318000556  5.519822E-16
5040.8335082531  5.405498E-16
5041.45383650065  5.331763E-16
5042.0741647482  5.372786E-16
5042.69449299575  5.334800E-16
5043.31482124329  5.360666E-16
5043.93514949084  5.310257E-16
5044.55547773839  5.317045E-16
5045.17580598593  5.423049E-16
5045.79613423348  5.294819E-16
5046.41646248103  5.233933E-16
5047.03679072858  5.376447E-16
5047.65711897612  5.490507E-16
5048.27744722367  5.453501E-16
5048.89777547122  5.432833E-16
5049.51810371876  5.639258E-16
5050.13843196631  5.581035E-16
5050.75876021386  5.305741E-16
5051.37908846141  5.046876E-16
5051.99941670895  5.141250E-16
5052.6197449565  5.566479E-16
5053.24007320405  5.644156E-16
5053.86040145159  5.521337E-16
5054.48072969914  5.575643E-16
5055.10105794669  5.562142E-16
5055.72138619424  5.466080E-16
5056.34171444178  5.291383E-16
5056.96204268933  5.217062E-16
5057.58237093688  5.251320E-16
5058.20269918442  5.203806E-16
5058.82302743197  5.223434E-16
5059.44335567952  5.293303E-16
5060.06368392707  5.126891E-16
5060.68401217461  5.059215E-16
5061.30434042216  5.230187E-16
5061.92466866971  5.399785E-16
5062.54499691725  5.289016E-16
5063.1653251648  5.285221E-16
5063.78565341235  5.463928E-16
5064.4059816599  5.464947E-16
5065.02630990744  5.202933E-16
5065.64663815499  5.161263E-16
5066.26696640254  5.453386E-16
5066.88729465008  5.576810E-16
5067.50762289763  5.412696E-16
5068.12795114518  5.349671E-16
5068.74827939273  5.394010E-16
5069.36860764027  5.357522E-16
5069.98893588782  5.211651E-16
5070.60926413537  5.179887E-16
5071.22959238292  5.200469E-16
5071.84992063046  5.200802E-16
5072.47024887801  5.185294E-16
5073.09057712556  5.173154E-16
5073.7109053731  5.100399E-16
5074.33123362065  5.046083E-16
5074.9515618682  5.072420E-16
5075.57189011575  5.046708E-16
5076.19221836329  5.164787E-16
5076.81254661084  5.310266E-16
5077.43287485839  5.466363E-16
5078.05320310593  5.417905E-16
5078.67353135348  5.188928E-16
5079.29385960103  5.233477E-16
5079.91418784857  5.357442E-16
5080.53451609612  5.425406E-16
5081.15484434367  5.552993E-16
5081.77517259122  5.695462E-16
5082.39550083876  5.549763E-16
5083.01582908631  5.382561E-16
5083.63615733386  5.320266E-16
5084.2564855814  5.265103E-16
5084.87681382895  5.170912E-16
5085.4971420765  4.982830E-16
5086.11747032405  5.095890E-16
5086.73779857159  5.208903E-16
5087.35812681914  5.159045E-16
5087.97845506669  5.214761E-16
5088.59878331423  5.295862E-16
5089.21911156178  5.328104E-16
5089.83943980933  5.227263E-16
5090.45976805688  5.019548E-16
5091.08009630442  4.929488E-16
5091.70042455197  4.906836E-16
5092.32075279952  4.706292E-16
5092.94108104707  4.617661E-16
5093.56140929461  4.608741E-16
5094.18173754216  4.669453E-16
5094.80206578971  4.641268E-16
5095.42239403725  4.544267E-16
5096.0427222848  4.614864E-16
5096.66305053235  4.624839E-16
5097.28337877989  4.658906E-16
5097.90370702744  4.537026E-16
5098.52403527499  4.349400E-16
5099.14436352254  4.261528E-16
5099.76469177008  4.299285E-16
5100.38502001763  4.371846E-16
5101.00534826518  4.319891E-16
