2799.9243164063	2.363081E-016	2.363081
2802.7520878315	2.250087E-016	2.250087
2805.5798592568	2.7699E-016	2.7699
2808.407630682	3.034303E-016	3.034303
2811.2354021072	3.192782E-016	3.192782
2814.0631735325	2.037082E-016	2.037082
2816.8909449577	2.663861E-017	0.2663861
2819.718716383	-5.202876E-017	-0.5202876
2822.5464878082	-2.921395E-017	-0.2921395
2825.3742592335	5.083014E-016	5.083014
2828.2020306587	-9.353044E-016	-9.353044
2831.029802084	-8.596836E-016	-8.596836
2833.8575735092	-1.288645E-016	-1.288645
2836.6853449345	1.084986E-016	1.084986
2839.5131163597	9.180543E-017	0.9180543
2842.340887785	-2.194342E-016	-2.194342
2845.1686592102	-3.917524E-016	-3.917524
2847.9964306355	-7.106082E-016	-7.106082
2850.8242020607	-3.050862E-016	-3.050862
2853.651973486	-8.922358E-016	-8.922358
2856.4797449112	-3.598308E-016	-3.598308
2859.3075163364	2.472669E-016	2.472669
2862.1352877617	1.970253E-016	1.970253
2864.9630591869	6.833099E-017	0.6833099
2867.7908306122	-2.054217E-016	-2.054217
2870.6186020374	1.06677E-016	1.06677
2873.4463734627	-1.849795E-017	-0.1849795
2876.2741448879	-1.63573E-016	-1.63573
2879.1019163132	5.041647E-017	0.5041647
2881.9296877384	6.12018E-016	6.12018
2884.7574591637	-3.867015E-016	-3.867015
2887.5852305889	-1.279321E-017	-0.1279321
2890.4130020142	-1.481395E-016	-1.481395
2893.2407734394	-2.984664E-016	-2.984664
2896.0685448647	7.014236E-016	7.014236
2898.8963162899	-7.211136E-017	-0.7211136
2901.7240877152	-7.818493E-017	-0.7818493
2904.5518591404	-6.818376E-018	-0.06818376
2907.3796305657	4.87908E-017	0.487908
2910.2074019909	1.1966E-016	1.1966
2913.0351734161	-4.077903E-016	-4.077903
2915.8629448414	8.647902E-018	0.08647902
2918.6907162666	-3.430909E-016	-3.430909
2921.5184876919	2.178734E-016	2.178734
2924.3462591171	-2.084814E-017	-0.2084814
2927.1740305424	1.09735E-016	1.09735
2930.0018019676	-1.909011E-017	-0.1909011
2932.8295733929	2.231751E-016	2.231751
2935.6573448181	-4.466515E-017	-0.4466515
2938.4851162434	-4.187677E-017	-0.4187677
2941.3128876686	-1.210768E-016	-1.210768
2944.1406590939	-4.355571E-016	-4.355571
2946.9684305191	2.299332E-016	2.299332
2949.7962019444	-3.080881E-016	-3.080881
2952.6239733696	-2.655819E-016	-2.655819
2955.4517447949	-2.633895E-016	-2.633895
2958.2795162201	1.658412E-017	0.1658412
2961.1072876453	-5.644739E-016	-5.644739
2963.9350590706	-7.891533E-017	-0.7891533
2966.7628304958	3.383238E-016	3.383238
2969.5906019211	-2.139392E-016	-2.139392
2972.4183733463	2.452208E-016	2.452208
2975.2461447716	1.706813E-016	1.706813
2978.0739161968	-1.822482E-016	-1.822482
2980.9016876221	1.104942E-016	1.104942
2983.7294590473	2.156093E-017	0.2156093
2986.5572304726	-1.133882E-016	-1.133882
2989.3850018978	-4.837271E-017	-0.4837271
2992.2127733231	5.034008E-017	0.5034008
2995.0405447483	7.156449E-017	0.7156449
2997.8683161736	2.522313E-016	2.522313
3000.6960875988	3.001853E-018	0.03001853
3003.5238590241	-2.06609E-016	-2.06609
3006.3516304493	-3.591726E-016	-3.591726
3009.1794018746	7.987394E-017	0.7987394
3012.0071732998	7.162328E-017	0.7162328
3014.834944725	-4.919394E-017	-0.4919394
3017.6627161503	-5.905278E-017	-0.5905278
3020.4904875755	-1.907738E-016	-1.907738
3023.3182590008	2.338951E-017	0.2338951
3026.146030426	-7.237111E-017	-0.7237111
3028.9738018513	-1.510284E-016	-1.510284
3031.8015732765	1.005608E-016	1.005608
3034.6293447018	-1.778276E-016	-1.778276
3037.457116127	-7.408366E-017	-0.7408366
3040.2848875523	1.443185E-016	1.443185
3043.1126589775	-3.432288E-016	-3.432288
3045.9404304028	-2.940342E-017	-0.2940342
3048.768201828	4.847308E-017	0.4847308
3051.5959732533	-1.021094E-016	-1.021094
3054.4237446785	-1.934892E-016	-1.934892
3057.2515161038	6.784897E-017	0.6784897
3060.079287529	2.752703E-018	0.02752703
3062.9070589542	-2.712708E-017	-0.2712708
3065.7348303795	-1.284072E-016	-1.284072
3068.5626018047	-2.110308E-017	-0.2110308
3071.39037323	1.798523E-016	1.798523
3074.2181446552	-2.607005E-016	-2.607005
3077.0459160805	-1.23014E-017	-0.123014
3079.8736875057	7.920129E-017	0.7920129
3082.701458931	7.063096E-017	0.7063096
3085.5292303562	-2.899386E-017	-0.2899386
3088.3570017815	5.207762E-017	0.5207762
3091.1847732067	-6.531769E-017	-0.6531769
3094.012544632	-1.333986E-016	-1.333986
3096.8403160572	-6.456012E-017	-0.6456012
3099.6680874825	-8.212994E-017	-0.8212994
3102.4958589077	1.339203E-016	1.339203
3105.323630333	1.01951E-016	1.01951
3108.1514017582	-1.607421E-018	-0.01607421
3110.9791731834	2.626452E-017	0.2626452
3113.8069446087	3.642593E-017	0.3642593
3116.6347160339	5.626241E-017	0.5626241
3119.4624874592	1.129355E-016	1.129355
3122.2902588844	1.111402E-017	0.1111402
3125.1180303097	-3.040762E-017	-0.3040762
3127.9458017349	-2.578595E-018	-0.02578595
3130.7735731602	-3.128375E-017	-0.3128375
3133.6013445854	4.52048E-017	0.452048
3136.4291160107	6.296751E-017	0.6296751
3139.2568874359	-3.188711E-017	-0.3188711
3142.0846588612	7.824227E-017	0.7824227
3144.9124302864	4.508009E-017	0.4508009
3147.7402017117	-4.185666E-018	-0.04185666
3150.5679731369	-5.843302E-017	-0.5843302
3153.3957445622	-7.26497E-017	-0.726497
3156.2235159874	-2.090925E-017	-0.2090925
3159.0512874127	-5.659214E-017	-0.5659214
3161.8790588379	2.157236E-017	0.2157236
3164.7068302631	6.58359E-017	0.658359
3167.5346016884	-7.003074E-017	-0.7003074
3170.3623731136	6.089073E-017	0.6089073
3173.1901445389	1.086655E-017	0.1086655
3176.0179159641	-6.849662E-017	-0.6849662
3178.8456873894	1.262398E-016	1.262398
3181.6734588146	1.289267E-017	0.1289267
3184.5012302399	-6.58154E-017	-0.658154
3187.3290016651	8.578925E-018	0.08578925
3190.1567730904	-8.374596E-017	-0.8374596
3192.9845445156	-5.8038E-017	-0.58038
3195.8123159409	6.547225E-017	0.6547225
3198.6400873661	2.742716E-017	0.2742716
3201.4678587914	-3.4916E-017	-0.34916
3204.2956302166	-4.142636E-017	-0.4142636
3207.1234016419	-4.692706E-017	-0.4692706
3209.9511730671	2.814487E-017	0.2814487
3212.7789444923	2.579184E-017	0.2579184
3215.6067159176	6.026692E-017	0.6026692
3218.4344873428	2.364461E-017	0.2364461
3221.2622587681	5.407296E-017	0.5407296
3224.0900301933	1.746755E-017	0.1746755
3226.9178016186	-8.688161E-017	-0.8688161
3229.7455730438	7.476674E-018	0.07476674
3232.5733444691	-2.806845E-017	-0.2806845
3235.4011158943	-5.147606E-018	-0.05147606
3238.2288873196	2.826244E-017	0.2826244
3241.0566587448	1.230785E-017	0.1230785
3243.8844301701	5.824059E-017	0.5824059
3246.7122015953	7.206317E-017	0.7206317
3249.5399730206	-5.452368E-017	-0.5452368
3252.3677444458	-1.118392E-016	-1.118392
3255.1955158711	-6.033465E-017	-0.6033465
3258.0232872963	2.138335E-017	0.2138335
3260.8510587216	-5.166361E-017	-0.5166361
3263.6788301468	3.885483E-017	0.3885483
3266.506601572	1.48058E-017	0.148058
3269.3343729973	4.276645E-017	0.4276645
3272.1621444225	3.843937E-017	0.3843937
3274.9899158478	-5.043285E-018	-0.05043285
3277.817687273	2.400408E-017	0.2400408
3280.6454586983	2.16524E-018	0.0216524
3283.4732301235	4.934729E-017	0.4934729
3286.3010015488	6.511278E-017	0.6511278
3289.128772974	5.785725E-017	0.5785725
3291.9565443993	-1.903494E-017	-0.1903494
3294.7843158245	2.47975E-017	0.247975
3297.6120872498	-6.612608E-017	-0.6612608
3300.439858675	3.605555E-017	0.3605555
3303.2676301003	-6.035652E-017	-0.6035652
3306.0954015255	1.575728E-017	0.1575728
3308.9231729508	8.842893E-018	0.08842893
3311.750944376	5.044784E-017	0.5044784
3314.5787158012	5.771803E-017	0.5771803
3317.4064872265	6.025436E-017	0.6025436
3320.2342586517	1.095643E-016	1.095643
3323.062030077	2.184251E-017	0.2184251
3325.8898015022	-6.64966E-018	-0.0664966
3328.7175729275	1.697804E-017	0.1697804
3331.5453443527	1.989429E-017	0.1989429
3334.373115778	1.375329E-016	1.375329
3337.2008872032	1.057232E-016	1.057232
3340.0286586285	-1.412627E-017	-0.1412627
3342.8564300537	2.798725E-017	0.2798725
3345.684201479	1.066631E-017	0.1066631
3348.5119729042	6.621625E-017	0.6621625
3351.3397443295	3.925037E-017	0.3925037
3354.1675157547	-3.860731E-017	-0.3860731
3356.99528718	-1.460278E-018	-0.01460278
3359.8230586052	4.089283E-017	0.4089283
3362.6508300305	8.613667E-018	0.08613667
3365.4786014557	2.699743E-017	0.2699743
3368.3063728809	9.499426E-017	0.9499426
3371.1341443062	4.735893E-017	0.4735893
3373.9619157314	2.602793E-017	0.2602793
3376.7896871567	4.284717E-017	0.4284717
3379.6174585819	2.566017E-017	0.2566017
3382.4452300072	2.179892E-017	0.2179892
3385.2730014324	2.72363E-017	0.272363
3388.1007728577	-1.431951E-017	-0.1431951
3390.9285442829	2.960832E-017	0.2960832
3393.7563157082	2.307349E-017	0.2307349
3396.5840871334	8.216249E-017	0.8216249
3399.4118585587	7.925136E-017	0.7925136
3402.2396299839	-1.264367E-017	-0.1264367
3405.0674014092	4.563865E-017	0.4563865
3407.8951728344	5.302992E-017	0.5302992
3410.7229442597	1.415892E-017	0.1415892
3413.5507156849	6.089483E-017	0.6089483
3416.3784871101	5.019373E-017	0.5019373
3419.2062585354	4.735805E-017	0.4735805
3422.0340299606	6.898801E-017	0.6898801
3424.8618013859	4.266181E-017	0.4266181
3427.6895728111	2.763001E-017	0.2763001
3430.5173442364	7.480808E-017	0.7480808
3433.3451156616	2.906806E-017	0.2906806
3436.1728870869	5.866401E-017	0.5866401
3439.0006585121	9.822944E-017	0.9822944
3441.8284299374	2.254656E-017	0.2254656
3444.6562013626	9.992409E-018	0.09992409
3447.4839727879	4.504985E-017	0.4504985
3450.3117442131	1.069591E-016	1.069591
3453.1395156384	3.867361E-017	0.3867361
3455.9672870636	3.414953E-017	0.3414953
3458.7950584889	4.158481E-017	0.4158481
3461.6228299141	5.58419E-017	0.558419
3464.4506013393	7.373124E-017	0.7373124
3467.2783727646	1.210619E-016	1.210619
3470.1061441898	4.020676E-017	0.4020676
3472.9339156151	6.815451E-017	0.6815451
3475.7616870403	8.273231E-017	0.8273231
3478.5894584656	9.029276E-017	0.9029276
3481.4172298908	3.274887E-017	0.3274887
3484.2450013161	5.562401E-017	0.5562401
3487.0727727413	7.805085E-017	0.7805085
3489.9005441666	7.212668E-017	0.7212668
3492.7283155918	1.630537E-017	0.1630537
3495.5560870171	4.695952E-017	0.4695952
3498.3838584423	3.191059E-017	0.3191059
3501.2116298676	9.407266E-017	0.9407266
3504.0394012928	2.815776E-017	0.2815776
3506.8671727181	7.561656E-017	0.7561656
3509.6949441433	7.681158E-017	0.7681158
3512.5227155686	4.076811E-017	0.4076811
3515.3504869938	5.377313E-017	0.5377313
3518.178258419	-3.682733E-018	-0.03682733
3521.0060298443	2.123334E-017	0.2123334
3523.8338012695	5.408578E-017	0.5408578
3526.6615726948	2.902075E-017	0.2902075
3529.48934412	3.152073E-017	0.3152073
3532.3171155453	9.527692E-017	0.9527692
3535.1448869705	1.060428E-017	0.1060428
3537.9726583958	9.173632E-017	0.9173632
3540.800429821	1.292097E-016	1.292097
3543.6282012463	-3.457121E-018	-0.03457121
3546.4559726715	2.182769E-017	0.2182769
3549.2837440968	2.522918E-017	0.2522918
3552.111515522	3.056945E-017	0.3056945
3554.9392869473	1.478829E-017	0.1478829
3557.7670583725	9.587025E-017	0.9587025
3560.5948297978	-4.767464E-018	-0.04767464
3563.422601223	6.398732E-017	0.6398732
3566.2503726482	9.257404E-017	0.9257404
3569.0781440735	7.1325E-017	0.71325
3571.9059154987	5.210322E-017	0.5210322
3574.733686924	8.32395E-017	0.832395
3577.5614583492	5.335749E-017	0.5335749
3580.3892297745	7.713594E-017	0.7713594
3583.2170011997	8.239698E-017	0.8239698
3586.044772625	3.034671E-017	0.3034671
3588.8725440502	4.79079E-017	0.479079
3591.7003154755	6.274731E-017	0.6274731
3594.5280869007	7.321715E-017	0.7321715
3597.355858326	5.287974E-017	0.5287974
3600.1836297512	4.840957E-017	0.4840957
3603.0114011765	8.78856E-017	0.878856
3605.8391726017	6.948394E-017	0.6948394
3608.666944027	6.565955E-017	0.6565955
3611.4947154522	6.043962E-017	0.6043962
3614.3224868775	7.197056E-017	0.7197056
3617.1502583027	7.363343E-017	0.7363343
3619.9780297279	4.943812E-017	0.4943812
3622.8058011532	9.044758E-017	0.9044758
3625.6335725784	5.618631E-017	0.5618631
3628.4613440037	5.722752E-017	0.5722752
3631.2891154289	6.742676E-017	0.6742676
3634.1168868542	6.606343E-017	0.6606343
3636.9446582794	7.586836E-017	0.7586836
3639.7724297047	8.363163E-017	0.8363163
3642.6002011299	7.089347E-017	0.7089347
3645.4279725552	3.490089E-017	0.3490089
3648.2557439804	5.330418E-017	0.5330418
3651.0835154057	5.174249E-017	0.5174249
3653.9112868309	6.127704E-017	0.6127704
3656.7390582562	9.035062E-017	0.9035062
3659.5668296814	6.193701E-017	0.6193701
3662.3946011067	4.114404E-017	0.4114404
3665.2223725319	5.562042E-017	0.5562042
3668.0501439571	4.592138E-017	0.4592138
3670.8779153824	9.233576E-017	0.9233576
3673.7056868076	1.125416E-016	1.125416
3676.5334582329	2.663722E-017	0.2663722
3679.3612296581	6.435446E-017	0.6435446
3682.1890010834	4.982319E-017	0.4982319
3685.0167725086	8.336091E-017	0.8336091
3687.8445439339	8.636116E-017	0.8636116
3690.6723153591	1.058533E-016	1.058533
3693.5000867844	3.326554E-017	0.3326554
3696.3278582096	7.51266E-017	0.751266
3699.1556296349	6.129759E-017	0.6129759
3701.9834010601	1.180568E-016	1.180568
3704.8111724854	5.881535E-017	0.5881535
3707.6389439106	5.87542E-017	0.587542
3710.4667153359	6.012118E-017	0.6012118
3713.2944867611	8.415635E-017	0.8415635
3716.1222581863	1.239438E-016	1.239438
3718.9500296116	1.12652E-016	1.12652
3721.7778010368	5.409124E-017	0.5409124
3724.6055724621	7.0063E-017	0.70063
3727.4333438873	1.222745E-016	1.222745
3730.2611153126	1.006488E-016	1.006488
3733.0888867378	7.71912E-017	0.771912
3735.9166581631	5.309303E-017	0.5309303
3738.7444295883	6.671341E-017	0.6671341
3741.5722010136	8.786466E-017	0.8786466
3744.3999724388	9.5714E-017	0.95714
3747.2277438641	1.293155E-016	1.293155
3750.0555152893	7.606323E-017	0.7606323
3752.8832867146	7.9725E-017	0.79725
3755.7110581398	9.844806E-017	0.9844806
3758.5388295651	5.907021E-017	0.5907021
3761.3666009903	8.628302E-017	0.8628302
3764.1943724156	1.045384E-016	1.045384
3767.0221438408	9.057421E-017	0.9057421
3769.849915266	9.607433E-017	0.9607433
3772.6776866913	1.079015E-016	1.079015
3775.5054581165	8.779253E-017	0.8779253
3778.3332295418	8.98443E-017	0.898443
3781.161000967	8.092208E-017	0.8092208
3783.9887723923	1.142533E-016	1.142533
3786.8165438175	8.193268E-017	0.8193268
3789.6443152428	1.12458E-016	1.12458
3792.472086668	5.828942E-017	0.5828942
3795.2998580933	1.261794E-016	1.261794
3798.1276295185	1.083943E-016	1.083943
3800.9554009438	8.108876E-017	0.8108876
3803.783172369	1.114311E-016	1.114311
3806.6109437943	8.006183E-017	0.8006183
3809.4387152195	7.66864E-017	0.766864
3812.2664866448	1.35323E-016	1.35323
3815.09425807	1.261449E-016	1.261449
3817.9220294952	1.396087E-016	1.396087
3820.7498009205	1.65808E-016	1.65808
3823.5775723457	9.578075E-017	0.9578075
3826.405343771	9.9825E-017	0.99825
3829.2331151962	1.316051E-016	1.316051
3832.0608866215	1.384845E-016	1.384845
3834.8886580467	1.37568E-016	1.37568
3837.716429472	1.038504E-016	1.038504
3840.5442008972	8.011262E-017	0.8011262
3843.3719723225	1.071981E-016	1.071981
3846.1997437477	1.52526E-016	1.52526
3849.027515173	1.192079E-016	1.192079
3851.8552865982	1.374443E-016	1.374443
3854.6830580235	1.177331E-016	1.177331
3857.5108294487	1.151748E-016	1.151748
3860.338600874	1.093371E-016	1.093371
3863.1663722992	1.155631E-016	1.155631
3865.9941437245	7.065223E-017	0.7065223
3868.8219151497	1.475993E-016	1.475993
3871.6496865749	1.774433E-016	1.774433
3874.4774580002	1.361869E-016	1.361869
3877.3052294254	1.41546E-016	1.41546
3880.1330008507	1.653063E-016	1.653063
3882.9607722759	1.49063E-016	1.49063
3885.7885437012	1.574388E-016	1.574388
3888.6163151264	1.635202E-016	1.635202
3891.4440865517	1.442561E-016	1.442561
3894.2718579769	1.336868E-016	1.336868
3897.0996294022	1.396638E-016	1.396638
3899.9274008274	1.55331E-016	1.55331
3902.7551722527	1.46285E-016	1.46285
3905.5829436779	1.348571E-016	1.348571
3908.4107151032	1.488285E-016	1.488285
3911.2384865284	1.165021E-016	1.165021
3914.0662579537	1.427517E-016	1.427517
3916.8940293789	1.652862E-016	1.652862
3919.7218008041	1.411989E-016	1.411989
3922.5495722294	1.596001E-016	1.596001
3925.3773436546	1.29343E-016	1.29343
3928.2051150799	1.236066E-016	1.236066
3931.0328865051	1.576322E-016	1.576322
3933.8606579304	1.687412E-016	1.687412
3936.6884293556	1.494393E-016	1.494393
3939.5162007809	1.647716E-016	1.647716
3942.3439722061	1.449528E-016	1.449528
3945.1717436314	1.836509E-016	1.836509
3947.9995150566	1.482574E-016	1.482574
3950.8272864819	1.334355E-016	1.334355
3953.6550579071	1.513576E-016	1.513576
3956.4828293324	1.498443E-016	1.498443
3959.3106007576	1.567462E-016	1.567462
3962.1383721829	1.601088E-016	1.601088
3964.9661436081	1.444448E-016	1.444448
3967.7939150333	1.575282E-016	1.575282
3970.6216864586	1.810116E-016	1.810116
3973.4494578838	1.788963E-016	1.788963
3976.2772293091	1.885118E-016	1.885118
3979.1050007343	1.611375E-016	1.611375
3981.9327721596	2.085698E-016	2.085698
3984.7605435848	1.822603E-016	1.822603
3987.5883150101	1.69534E-016	1.69534
3990.4160864353	1.512425E-016	1.512425
3993.2438578606	1.525017E-016	1.525017
3996.0716292858	1.608895E-016	1.608895
3998.8994007111	1.21915E-016	1.21915
4001.7271721363	1.341654E-016	1.341654
4004.5549435616	1.722021E-016	1.722021
4007.3827149868	1.878857E-016	1.878857
4010.2104864121	1.730115E-016	1.730115
4013.0382578373	1.604492E-016	1.604492
4015.8660292626	1.058141E-016	1.058141
4018.6938006878	1.385904E-016	1.385904
4021.521572113	1.48981E-016	1.48981
4024.3493435383	1.311206E-016	1.311206
4027.1771149635	1.502699E-016	1.502699
4030.0048863888	1.545868E-016	1.545868
4032.832657814	1.466894E-016	1.466894
4035.6604292393	1.438356E-016	1.438356
4038.4882006645	1.335017E-016	1.335017
4041.3159720898	1.399842E-016	1.399842
4044.143743515	1.439689E-016	1.439689
4046.9715149403	1.257842E-016	1.257842
4049.7992863655	1.511067E-016	1.511067
4052.6270577908	1.747007E-016	1.747007
4055.454829216	1.425891E-016	1.425891
4058.2826006413	1.340139E-016	1.340139
4061.1103720665	1.42918E-016	1.42918
4063.9381434918	1.44336E-016	1.44336
4066.765914917	1.343081E-016	1.343081
4069.5936863422	1.355475E-016	1.355475
4072.4214577675	1.5804E-016	1.5804
4075.2492291927	1.557092E-016	1.557092
4078.077000618	1.188457E-016	1.188457
4080.9047720432	1.440763E-016	1.440763
4083.7325434685	1.809908E-016	1.809908
4086.5603148937	1.29974E-016	1.29974
4089.388086319	1.607261E-016	1.607261
4092.2158577442	1.530783E-016	1.530783
4095.0436291695	1.712137E-016	1.712137
4097.8714005947	1.35956E-016	1.35956
4100.69917202	1.573326E-016	1.573326
4103.5269434452	1.456735E-016	1.456735
4106.3547148705	1.477957E-016	1.477957
4109.1824862957	1.331332E-016	1.331332
4112.010257721	1.787842E-016	1.787842
4114.8380291462	1.739892E-016	1.739892
4117.6658005715	1.75346E-016	1.75346
4120.4935719967	1.810857E-016	1.810857
4123.3213434219	1.618316E-016	1.618316
4126.1491148472	1.620683E-016	1.620683
4128.9768862724	1.655644E-016	1.655644
4131.8046576977	1.366462E-016	1.366462
4134.6324291229	1.613366E-016	1.613366
4137.4602005482	1.519559E-016	1.519559
4140.2879719734	1.230396E-016	1.230396
4143.1157433987	1.225174E-016	1.225174
4145.9435148239	1.543571E-016	1.543571
4148.7712862492	1.660557E-016	1.660557
4151.5990576744	1.48928E-016	1.48928
4154.4268290997	1.635418E-016	1.635418
4157.2546005249	1.831235E-016	1.831235
4160.0823719502	1.362442E-016	1.362442
4162.9101433754	1.375856E-016	1.375856
4165.7379148007	1.554818E-016	1.554818
4168.5656862259	1.835752E-016	1.835752
4171.3934576511	1.601312E-016	1.601312
4174.2212290764	1.637223E-016	1.637223
4177.0490005016	1.560186E-016	1.560186
4179.8767719269	1.487467E-016	1.487467
4182.7045433521	1.730861E-016	1.730861
4185.5323147774	1.479653E-016	1.479653
4188.3600862026	1.753825E-016	1.753825
4191.1878576279	1.616631E-016	1.616631
4194.0156290531	1.815318E-016	1.815318
4196.8434004784	1.521713E-016	1.521713
4199.6711719036	1.79552E-016	1.79552
4202.4989433289	1.581475E-016	1.581475
4205.3267147541	1.644293E-016	1.644293
4208.1544861794	1.68676E-016	1.68676
4210.9822576046	1.746166E-016	1.746166
4213.8100290299	1.686964E-016	1.686964
4216.6378004551	1.628189E-016	1.628189
4219.4655718803	1.77867E-016	1.77867
4222.2933433056	1.773365E-016	1.773365
4225.1211147308	1.410216E-016	1.410216
4227.9488861561	1.636571E-016	1.636571
4230.7766575813	1.718998E-016	1.718998
4233.6044290066	1.734831E-016	1.734831
4236.4322004318	1.785045E-016	1.785045
4239.2599718571	1.588141E-016	1.588141
4242.0877432823	1.600272E-016	1.600272
4244.9155147076	1.530461E-016	1.530461
4247.7432861328	1.727567E-016	1.727567
4250.5710575581	1.830816E-016	1.830816
4253.3988289833	1.732467E-016	1.732467
4256.2266004086	2.008009E-016	2.008009
4259.0543718338	1.874733E-016	1.874733
4261.8821432591	1.612883E-016	1.612883
4264.7099146843	1.545363E-016	1.545363
4267.5376861096	1.628731E-016	1.628731
4270.3654575348	1.605245E-016	1.605245
4273.19322896	1.632084E-016	1.632084
4276.0210003853	1.76432E-016	1.76432
4278.8487718105	1.681112E-016	1.681112
4281.6765432358	1.693594E-016	1.693594
4284.504314661	1.632032E-016	1.632032
4287.3320860863	1.499734E-016	1.499734
4290.1598575115	1.881599E-016	1.881599
4292.9876289368	1.768219E-016	1.768219
4295.815400362	1.747327E-016	1.747327
4298.6431717873	1.80033E-016	1.80033
4301.4709432125	1.636228E-016	1.636228
4304.2987146378	1.529886E-016	1.529886
4307.126486063	1.586412E-016	1.586412
4309.9542574883	1.818602E-016	1.818602
4312.7820289135	1.620045E-016	1.620045
4315.6098003388	1.671981E-016	1.671981
4318.437571764	1.820231E-016	1.820231
4321.2653431892	1.939457E-016	1.939457
4324.0931146145	1.949072E-016	1.949072
4326.9208860397	1.910685E-016	1.910685
4329.748657465	1.933585E-016	1.933585
4332.5764288902	2.299257E-016	2.299257
4335.4042003155	2.266948E-016	2.266948
4338.2319717407	1.9907E-016	1.9907
4341.059743166	1.915098E-016	1.915098
4343.8875145912	1.930098E-016	1.930098
4346.7152860165	2.075844E-016	2.075844
4349.5430574417	2.18343E-016	2.18343
4352.370828867	1.962158E-016	1.962158
4355.1986002922	2.210803E-016	2.210803
4358.0263717175	1.994613E-016	1.994613
4360.8541431427	1.869138E-016	1.869138
4363.681914568	1.900388E-016	1.900388
4366.5096859932	1.932297E-016	1.932297
4369.3374574185	1.572202E-016	1.572202
4372.1652288437	1.744889E-016	1.744889
4374.9930002689	1.523857E-016	1.523857
4377.8207716942	1.491066E-016	1.491066
4380.6485431194	1.562119E-016	1.562119
4383.4763145447	1.620553E-016	1.620553
4386.3040859699	1.491035E-016	1.491035
4389.1318573952	1.745778E-016	1.745778
4391.9596288204	1.669046E-016	1.669046
4394.7874002457	1.495828E-016	1.495828
4397.6151716709	1.537638E-016	1.537638
4400.4429430962	1.848755E-016	1.848755
4403.2707145214	1.6354E-016	1.6354
4406.0984859467	1.749646E-016	1.749646
4408.9262573719	1.667802E-016	1.667802
4411.7540287972	1.749851E-016	1.749851
4414.5818002224	1.853013E-016	1.853013
4417.4095716477	1.720362E-016	1.720362
4420.2373430729	1.691952E-016	1.691952
4423.0651144981	1.486052E-016	1.486052
4425.8928859234	1.635586E-016	1.635586
4428.7206573486	1.367829E-016	1.367829
4431.5484287739	1.947505E-016	1.947505
4434.3762001991	1.885428E-016	1.885428
4437.2039716244	1.599871E-016	1.599871
4440.0317430496	1.773827E-016	1.773827
4442.8595144749	1.59581E-016	1.59581
4445.6872859001	1.704018E-016	1.704018
4448.5150573254	1.900956E-016	1.900956
4451.3428287506	1.891465E-016	1.891465
4454.1706001759	1.913425E-016	1.913425
4456.9983716011	1.99688E-016	1.99688
4459.8261430264	1.888341E-016	1.888341
4462.6539144516	1.908036E-016	1.908036
4465.4816858769	1.866579E-016	1.866579
4468.3094573021	1.808176E-016	1.808176
4471.1372287274	1.947623E-016	1.947623
4473.9650001526	1.894088E-016	1.894088
4476.7927715778	1.76234E-016	1.76234
4479.6205430031	1.728224E-016	1.728224
4482.4483144283	1.743339E-016	1.743339
4485.2760858536	2.042079E-016	2.042079
4488.1038572788	1.744522E-016	1.744522
4490.9316287041	1.680673E-016	1.680673
4493.7594001293	2.040287E-016	2.040287
4496.5871715546	1.970618E-016	1.970618
4499.4149429798	1.860992E-016	1.860992
4502.2427144051	2.069969E-016	2.069969
4505.0704858303	1.923407E-016	1.923407
4507.8982572556	1.925669E-016	1.925669
4510.7260286808	1.911451E-016	1.911451
4513.5538001061	2.046701E-016	2.046701
4516.3815715313	2.100213E-016	2.100213
4519.2093429566	1.695687E-016	1.695687
4522.0371143818	1.800362E-016	1.800362
4524.864885807	1.971158E-016	1.971158
4527.6926572323	1.737395E-016	1.737395
4530.5204286575	2.012628E-016	2.012628
4533.3482000828	1.894339E-016	1.894339
4536.175971508	1.851236E-016	1.851236
4539.0037429333	2.001813E-016	2.001813
4541.8315143585	1.949365E-016	1.949365
4544.6592857838	1.955033E-016	1.955033
4547.487057209	1.913754E-016	1.913754
4550.3148286343	1.883692E-016	1.883692
4553.1426000595	1.705043E-016	1.705043
4555.9703714848	2.045334E-016	2.045334
4558.79814291	1.926578E-016	1.926578
4561.6259143353	2.042086E-016	2.042086
4564.4536857605	1.899157E-016	1.899157
4567.2814571858	1.833965E-016	1.833965
4570.109228611	1.988939E-016	1.988939
4572.9370000362	2.066294E-016	2.066294
4575.7647714615	1.958903E-016	1.958903
4578.5925428867	1.655521E-016	1.655521
4581.420314312	1.820425E-016	1.820425
4584.2480857372	1.902138E-016	1.902138
4587.0758571625	1.911138E-016	1.911138
4589.9036285877	1.946259E-016	1.946259
4592.731400013	1.870935E-016	1.870935
4595.5591714382	2.062073E-016	2.062073
4598.3869428635	1.803827E-016	1.803827
4601.2147142887	1.889514E-016	1.889514
4604.042485714	1.845235E-016	1.845235
4606.8702571392	1.855491E-016	1.855491
4609.6980285645	1.818973E-016	1.818973
4612.5257999897	1.884109E-016	1.884109
4615.353571415	1.991125E-016	1.991125
4618.1813428402	1.941741E-016	1.941741
4621.0091142655	1.911578E-016	1.911578
4623.8368856907	1.754938E-016	1.754938
4626.6646571159	1.939883E-016	1.939883
4629.4924285412	1.92342E-016	1.92342
4632.3201999664	1.536025E-016	1.536025
4635.1479713917	1.709209E-016	1.709209
4637.9757428169	1.949164E-016	1.949164
4640.8035142422	1.857651E-016	1.857651
4643.6312856674	1.674386E-016	1.674386
4646.4590570927	1.79446E-016	1.79446
4649.2868285179	1.83367E-016	1.83367
4652.1145999432	1.781348E-016	1.781348
4654.9423713684	1.796836E-016	1.796836
4657.7701427937	1.784583E-016	1.784583
4660.5979142189	1.737562E-016	1.737562
4663.4256856442	1.862486E-016	1.862486
4666.2534570694	1.761945E-016	1.761945
4669.0812284947	1.920171E-016	1.920171
4671.9089999199	1.982245E-016	1.982245
4674.7367713451	1.907563E-016	1.907563
4677.5645427704	1.797074E-016	1.797074
4680.3923141956	1.896164E-016	1.896164
4683.2200856209	2.02252E-016	2.02252
4686.0478570461	1.996091E-016	1.996091
4688.8756284714	1.970685E-016	1.970685
4691.7033998966	1.76162E-016	1.76162
4694.5311713219	1.908337E-016	1.908337
4697.3589427471	1.902652E-016	1.902652
4700.1867141724	2.018206E-016	2.018206
4703.0144855976	1.806235E-016	1.806235
4705.8422570229	1.82635E-016	1.82635
4708.6700284481	1.665245E-016	1.665245
4711.4977998734	1.674183E-016	1.674183
4714.3255712986	1.733182E-016	1.733182
4717.1533427239	1.80381E-016	1.80381
4719.9811141491	1.934616E-016	1.934616
4722.8088855744	1.898166E-016	1.898166
4725.6366569996	1.993004E-016	1.993004
4728.4644284248	1.829971E-016	1.829971
4731.2921998501	1.878941E-016	1.878941
4734.1199712753	2.031798E-016	2.031798
4736.9477427006	1.619156E-016	1.619156
4739.7755141258	1.610353E-016	1.610353
4742.6032855511	1.831108E-016	1.831108
4745.4310569763	1.707434E-016	1.707434
4748.2588284016	1.606318E-016	1.606318
4751.0865998268	1.744156E-016	1.744156
4753.9143712521	1.871506E-016	1.871506
4756.7421426773	1.636261E-016	1.636261
4759.5699141026	1.676403E-016	1.676403
4762.3976855278	1.651003E-016	1.651003
4765.2254569531	1.645556E-016	1.645556
4768.0532283783	1.647572E-016	1.647572
4770.8809998036	1.793997E-016	1.793997
4773.7087712288	1.771288E-016	1.771288
4776.536542654	1.69392E-016	1.69392
4779.3643140793	1.799902E-016	1.799902
4782.1920855045	1.740184E-016	1.740184
4785.0198569298	1.709884E-016	1.709884
4787.847628355	1.904597E-016	1.904597
4790.6753997803	1.650391E-016	1.650391
4793.5031712055	1.600746E-016	1.600746
4796.3309426308	1.70983E-016	1.70983
4799.158714056	1.734862E-016	1.734862
4801.9864854813	1.496256E-016	1.496256
4804.8142569065	1.471676E-016	1.471676
4807.6420283318	1.534041E-016	1.534041
4810.469799757	1.404144E-016	1.404144
4813.2975711823	1.348039E-016	1.348039
4816.1253426075	1.538344E-016	1.538344
4818.9531140328	1.640571E-016	1.640571
4821.780885458	1.441308E-016	1.441308
4824.6086568832	1.49968E-016	1.49968
4827.4364283085	1.810139E-016	1.810139
4830.2641997337	1.596807E-016	1.596807
4833.091971159	1.818687E-016	1.818687
4835.9197425842	1.937019E-016	1.937019
4838.7475140095	2.044574E-016	2.044574
4841.5752854347	2.263476E-016	2.263476
4844.40305686	2.46405E-016	2.46405
4847.2308282852	2.55571E-016	2.55571
4850.0585997105	2.723372E-016	2.723372
4852.8863711357	2.640178E-016	2.640178
4855.714142561	2.4826E-016	2.4826
4858.5419139862	2.40266E-016	2.40266
4861.3696854115	2.547716E-016	2.547716
4864.1974568367	2.749098E-016	2.749098
4867.025228262	2.699393E-016	2.699393
4869.8529996872	2.687376E-016	2.687376
4872.6807711125	2.71403E-016	2.71403
4875.5085425377	2.39035E-016	2.39035
4878.3363139629	2.308896E-016	2.308896
4881.1640853882	2.290811E-016	2.290811
4883.9918568134	1.936635E-016	1.936635
4886.8196282387	1.882296E-016	1.882296
4889.6473996639	1.723978E-016	1.723978
4892.4751710892	1.659972E-016	1.659972
4895.3029425144	1.822734E-016	1.822734
4898.1307139397	1.796445E-016	1.796445
4900.9584853649	1.858818E-016	1.858818
4903.7862567902	1.762811E-016	1.762811
4906.6140282154	1.668777E-016	1.668777
4909.4417996407	1.78948E-016	1.78948
4912.2695710659	1.809388E-016	1.809388
4915.0973424912	1.452033E-016	1.452033
4917.9251139164	1.703888E-016	1.703888
4920.7528853417	1.517347E-016	1.517347
4923.5806567669	1.657568E-016	1.657568
4926.4084281921	1.739758E-016	1.739758
4929.2361996174	1.832807E-016	1.832807
4932.0639710426	1.736085E-016	1.736085
4934.8917424679	1.886403E-016	1.886403
4937.7195138931	1.787951E-016	1.787951
4940.5472853184	1.780997E-016	1.780997
4943.3750567436	1.722735E-016	1.722735
4946.2028281689	1.819845E-016	1.819845
4949.0305995941	1.581387E-016	1.581387
4951.8583710194	1.712972E-016	1.712972
4954.6861424446	1.872147E-016	1.872147
4957.5139138699	1.643599E-016	1.643599
4960.3416852951	1.789672E-016	1.789672
4963.1694567204	1.6717E-016	1.6717
4965.9972281456	1.69342E-016	1.69342
4968.8249995709	1.835256E-016	1.835256
4971.6527709961	1.772473E-016	1.772473
4974.4805424214	1.719903E-016	1.719903
4977.3083138466	1.625877E-016	1.625877
4980.1360852718	1.626649E-016	1.626649
4982.9638566971	1.779163E-016	1.779163
4985.7916281223	1.804217E-016	1.804217
4988.6193995476	1.686098E-016	1.686098
4991.4471709728	1.70917E-016	1.70917
4994.2749423981	1.800494E-016	1.800494
4997.1027138233	1.854769E-016	1.854769
4999.9304852486	1.742743E-016	1.742743
5002.7582566738	1.840495E-016	1.840495
5005.5860280991	2.071169E-016	2.071169
5008.4137995243	1.924952E-016	1.924952
5011.2415709496	1.873754E-016	1.873754
5014.0693423748	1.812405E-016	1.812405
5016.8971138001	1.880844E-016	1.880844
5019.7248852253	1.836155E-016	1.836155
5022.5526566506	1.843877E-016	1.843877
5025.3804280758	1.834132E-016	1.834132
5028.208199501	1.930643E-016	1.930643
5031.0359709263	1.85731E-016	1.85731
5033.8637423515	1.922295E-016	1.922295
5036.6915137768	2.026336E-016	2.026336
5039.519285202	1.862225E-016	1.862225
5042.3470566273	1.974356E-016	1.974356
5045.1748280525	2.06214E-016	2.06214
5048.0025994778	1.769744E-016	1.769744
5050.830370903	1.881064E-016	1.881064
5053.6581423283	1.882865E-016	1.882865
5056.4859137535	1.71405E-016	1.71405
5059.3136851788	1.787131E-016	1.787131
5062.141456604	1.859563E-016	1.859563
5064.9692280293	1.836246E-016	1.836246
5067.7969994545	1.690703E-016	1.690703
5070.6247708798	1.981917E-016	1.981917
5073.452542305	1.75191E-016	1.75191
5076.2803137302	1.795323E-016	1.795323
5079.1080851555	1.764949E-016	1.764949
5081.9358565807	1.723597E-016	1.723597
5084.763628006	1.921417E-016	1.921417
5087.5913994312	1.862785E-016	1.862785
5090.4191708565	1.609395E-016	1.609395
5093.2469422817	1.806176E-016	1.806176
5096.074713707	1.812933E-016	1.812933
5098.9024851322	1.941179E-016	1.941179
5101.7302565575	1.910047E-016	1.910047
5104.5580279827	1.842573E-016	1.842573
5107.385799408	2.129057E-016	2.129057
5110.2135708332	1.957809E-016	1.957809
5113.0413422585	1.859253E-016	1.859253
5115.8691136837	1.710446E-016	1.710446
5118.696885109	1.895926E-016	1.895926
5121.5246565342	1.915983E-016	1.915983
5124.3524279595	1.940951E-016	1.940951
5127.1801993847	1.908633E-016	1.908633
5130.0079708099	1.978362E-016	1.978362
5132.8357422352	1.961841E-016	1.961841
5135.6635136604	1.893373E-016	1.893373
5138.4912850857	1.725511E-016	1.725511
5141.3190565109	1.915542E-016	1.915542
5144.1468279362	1.976074E-016	1.976074
5146.9745993614	1.882459E-016	1.882459
5149.8023707867	2.043165E-016	2.043165
5152.6301422119	1.91622E-016	1.91622
5155.4579136372	2.078531E-016	2.078531
5158.2856850624	2.022699E-016	2.022699
5161.1134564877	1.843627E-016	1.843627
5163.9412279129	1.828606E-016	1.828606
5166.7689993382	2.091042E-016	2.091042
5169.5967707634	2.206476E-016	2.206476
5172.4245421887	2.147274E-016	2.147274
5175.2523136139	2.077218E-016	2.077218
5178.0800850391	2.106609E-016	2.106609
5180.9078564644	2.011936E-016	2.011936
5183.7356278896	1.895554E-016	1.895554
5186.5633993149	2.02289E-016	2.02289
5189.3911707401	1.890481E-016	1.890481
5192.2189421654	2.030836E-016	2.030836
5195.0467135906	1.858719E-016	1.858719
5197.8744850159	1.634185E-016	1.634185
5200.7022564411	1.622025E-016	1.622025
5203.5300278664	1.719443E-016	1.719443
5206.3577992916	1.980841E-016	1.980841
5209.1855707169	1.945949E-016	1.945949
5212.0133421421	1.901699E-016	1.901699
5214.8411135674	1.771871E-016	1.771871
5217.6688849926	1.841121E-016	1.841121
5220.4966564179	1.774302E-016	1.774302
5223.3244278431	1.909716E-016	1.909716
5226.1521992684	1.684693E-016	1.684693
5228.9799706936	1.700206E-016	1.700206
5231.8077421188	1.992342E-016	1.992342
5234.6355135441	1.844186E-016	1.844186
5237.4632849693	1.773756E-016	1.773756
5240.2910563946	1.823213E-016	1.823213
5243.1188278198	1.796658E-016	1.796658
5245.9465992451	1.76719E-016	1.76719
5248.7743706703	2.120436E-016	2.120436
5251.6021420956	1.785367E-016	1.785367
5254.4299135208	1.962897E-016	1.962897
5257.2576849461	1.857679E-016	1.857679
5260.0854563713	1.994415E-016	1.994415
5262.9132277966	1.847997E-016	1.847997
5265.7409992218	1.836356E-016	1.836356
5268.5687706471	1.768733E-016	1.768733
5271.3965420723	1.926951E-016	1.926951
5274.2243134976	1.873147E-016	1.873147
5277.0520849228	1.831284E-016	1.831284
5279.879856348	1.721345E-016	1.721345
5282.7076277733	1.774661E-016	1.774661
5285.5353991985	1.783688E-016	1.783688
5288.3631706238	1.717113E-016	1.717113
5291.190942049	1.852337E-016	1.852337
5294.0187134743	1.816644E-016	1.816644
5296.8464848995	1.74856E-016	1.74856
5299.6742563248	1.852153E-016	1.852153
5302.50202775	1.910983E-016	1.910983
5305.3297991753	1.832089E-016	1.832089
5308.1575706005	1.839843E-016	1.839843
5310.9853420258	1.837218E-016	1.837218
5313.813113451	1.788697E-016	1.788697
5316.6408848763	1.729874E-016	1.729874
5319.4686563015	1.958732E-016	1.958732
5322.2964277268	1.932803E-016	1.932803
5325.124199152	1.847264E-016	1.847264
5327.9519705772	1.870581E-016	1.870581
5330.7797420025	1.788613E-016	1.788613
5333.6075134277	1.829889E-016	1.829889
5336.435284853	1.690884E-016	1.690884
5339.2630562782	1.760692E-016	1.760692
5342.0908277035	1.710111E-016	1.710111
5344.9185991287	1.77502E-016	1.77502
5347.746370554	1.751275E-016	1.751275
5350.5741419792	1.827721E-016	1.827721
5353.4019134045	1.970581E-016	1.970581
5356.2296848297	1.598496E-016	1.598496
5359.057456255	1.61502E-016	1.61502
5361.8852276802	1.772909E-016	1.772909
5364.7129991055	1.845028E-016	1.845028
5367.5407705307	1.72904E-016	1.72904
5370.368541956	1.764159E-016	1.764159
5373.1963133812	1.699911E-016	1.699911
5376.0240848065	1.612142E-016	1.612142
5378.8518562317	1.698466E-016	1.698466
5381.6796276569	1.680118E-016	1.680118
5384.5073990822	1.760572E-016	1.760572
5387.3351705074	1.804224E-016	1.804224
5390.1629419327	1.709702E-016	1.709702
5392.9907133579	1.828065E-016	1.828065
5395.8184847832	1.758052E-016	1.758052
5398.6462562084	1.633338E-016	1.633338
5401.4740276337	1.635265E-016	1.635265
5404.3017990589	1.758678E-016	1.758678
5407.1295704842	1.837552E-016	1.837552
5409.9573419094	2.042766E-016	2.042766
5412.7851133347	1.885468E-016	1.885468
5415.6128847599	1.69396E-016	1.69396
5418.4406561852	1.756005E-016	1.756005
5421.2684276104	1.865856E-016	1.865856
5424.0961990357	1.887713E-016	1.887713
5426.9239704609	1.632844E-016	1.632844
5429.7517418862	1.931981E-016	1.931981
5432.5795133114	1.825856E-016	1.825856
5435.4072847366	1.739514E-016	1.739514
5438.2350561619	1.780453E-016	1.780453
5441.0628275871	1.882948E-016	1.882948
5443.8905990124	1.774744E-016	1.774744
5446.7183704376	1.823029E-016	1.823029
5449.5461418629	1.715114E-016	1.715114
5452.3739132881	1.654589E-016	1.654589
5455.2016847134	1.656772E-016	1.656772
5458.0294561386	1.676527E-016	1.676527
5460.8572275639	1.727397E-016	1.727397
5463.6849989891	1.657951E-016	1.657951
5466.5127704144	1.739696E-016	1.739696
5469.3405418396	1.657839E-016	1.657839
5472.1683132649	1.591049E-016	1.591049
5474.9960846901	1.56582E-016	1.56582
5477.8238561154	1.663222E-016	1.663222
5480.6516275406	1.762593E-016	1.762593
5483.4793989658	1.656754E-016	1.656754
5486.3071703911	1.672468E-016	1.672468
5489.1349418163	1.629234E-016	1.629234
5491.9627132416	1.758982E-016	1.758982
5494.7904846668	1.721961E-016	1.721961
5497.6182560921	1.637895E-016	1.637895
5500.4460275173	1.642239E-016	1.642239
5503.2737989426	1.597859E-016	1.597859
5506.1015703678	1.594819E-016	1.594819
5508.9293417931	1.699101E-016	1.699101
5511.7571132183	1.789662E-016	1.789662
5514.5848846436	1.6002E-016	1.6002
5517.4126560688	1.596653E-016	1.596653
5520.2404274941	1.681237E-016	1.681237
5523.0681989193	1.673206E-016	1.673206
5525.8959703446	1.753037E-016	1.753037
5528.7237417698	1.694043E-016	1.694043
5531.551513195	1.633972E-016	1.633972
5534.3792846203	1.617451E-016	1.617451
5537.2070560455	1.694753E-016	1.694753
5540.0348274708	1.726088E-016	1.726088
5542.862598896	1.661684E-016	1.661684
5545.6903703213	1.607063E-016	1.607063
5548.5181417465	1.588876E-016	1.588876
5551.3459131718	1.641997E-016	1.641997
5554.173684597	1.728961E-016	1.728961
5557.0014560223	1.571727E-016	1.571727
5559.8292274475	1.670443E-016	1.670443
5562.6569988728	1.73915E-016	1.73915
5565.484770298	1.70632E-016	1.70632
5568.3125417233	1.673505E-016	1.673505
5571.1403131485	1.640712E-016	1.640712
5573.9680845738	1.607942E-016	1.607942
5576.795855999	1.575193E-016	1.575193
5579.6236274243	1.542456E-016	1.542456
5582.4513988495	1.50974E-016	1.50974
5585.2791702747	1.895095E-016	1.895095
5588.1069417	1.61075E-016	1.61075
5590.9347131252	1.636127E-016	1.636127
5593.7624845505	1.511916E-016	1.511916
5596.5902559757	1.660043E-016	1.660043
5599.418027401	1.796321E-016	1.796321
5602.2457988262	1.732114E-016	1.732114
5605.0735702515	1.606881E-016	1.606881
5607.9013416767	1.65862E-016	1.65862
5610.729113102	1.727189E-016	1.727189
5613.5568845272	1.680714E-016	1.680714
5616.3846559525	1.755424E-016	1.755424
5619.2124273777	1.516245E-016	1.516245
5622.040198803	1.640472E-016	1.640472
5624.8679702282	1.680624E-016	1.680624
5627.6957416535	1.691637E-016	1.691637
5630.5235130787	1.563926E-016	1.563926
5633.3512845039	1.475919E-016	1.475919
5636.1790559292	1.625336E-016	1.625336
5639.0068273544	1.656748E-016	1.656748
5641.8345987797	1.712844E-016	1.712844
5644.6623702049	1.667535E-016	1.667535
5647.4901416302	1.520837E-016	1.520837
5650.3179130554	1.663987E-016	1.663987
5653.1456844807	1.582669E-016	1.582669
5655.9734559059	1.592529E-016	1.592529
5658.8012273312	1.675941E-016	1.675941
5661.6289987564	1.6117E-016	1.6117
5664.4567701817	1.595587E-016	1.595587
5667.2845416069	1.745506E-016	1.745506
5670.1123130322	1.878574E-016	1.878574
5672.9400844574	1.656779E-016	1.656779
5675.7678558827	1.816088E-016	1.816088
5678.5956273079	1.532543E-016	1.532543
5681.4233987332	1.507753E-016	1.507753
5684.2511701584	1.662763E-016	1.662763
5687.0789415836	1.462341E-016	1.462341
5689.9067130089	1.574029E-016	1.574029
5692.7344844341	1.818726E-016	1.818726
5695.5622558594	1.620652E-016	1.620652
5698.3900272846	1.642624E-016	1.642624
5701.2177987099	1.598317E-016	1.598317
5704.0455701351	1.429939E-016	1.429939
5706.8733415604	1.563265E-016	1.563265
5709.7011129856	1.567144E-016	1.567144
5712.5288844109	1.464546E-016	1.464546
5715.3566558361	1.517742E-016	1.517742
5718.1844272614	1.48771E-016	1.48771
5721.0121986866	1.651423E-016	1.651423
5723.8399701119	1.729583E-016	1.729583
5726.6677415371	1.605844E-016	1.605844
5729.4955129624	1.529241E-016	1.529241
5732.3232843876	1.470779E-016	1.470779
5735.1510558128	1.765428E-016	1.765428
5737.9788272381	1.620473E-016	1.620473
5740.8065986633	1.55444E-016	1.55444
5743.6343700886	1.413984E-016	1.413984
5746.4621415138	1.497765E-016	1.497765
5749.2899129391	1.764375E-016	1.764375
5752.1176843643	1.527986E-016	1.527986
5754.9454557896	1.536315E-016	1.536315
5757.7732272148	1.518165E-016	1.518165
5760.6009986401	1.536328E-016	1.536328
5763.4287700653	1.564835E-016	1.564835
5766.2565414906	1.376644E-016	1.376644
5769.0843129158	1.68159E-016	1.68159
5771.9120843411	1.702717E-016	1.702717
5774.7398557663	1.571596E-016	1.571596
5777.5676271916	1.646236E-016	1.646236
5780.3953986168	1.558417E-016	1.558417
5783.2231700421	1.713006E-016	1.713006
5786.0509414673	1.583288E-016	1.583288
5788.8787128925	1.519604E-016	1.519604
5791.7064843178	1.539727E-016	1.539727
5794.534255743	1.494128E-016	1.494128
5797.3620271683	1.675509E-016	1.675509
5800.1897985935	1.31391E-016	1.31391
5803.0175700188	1.502499E-016	1.502499
5805.845341444	1.755671E-016	1.755671
5808.6731128693	1.671524E-016	1.671524
5811.5008842945	1.586047E-016	1.586047
5814.3286557198	1.650583E-016	1.650583
5817.156427145	1.613288E-016	1.613288
5819.9841985703	1.592636E-016	1.592636
5822.8119699955	1.493845E-016	1.493845
5825.6397414208	1.444739E-016	1.444739
5828.467512846	1.431749E-016	1.431749
5831.2952842713	1.574541E-016	1.574541
5834.1230556965	1.423771E-016	1.423771
5836.9508271217	1.669435E-016	1.669435
5839.778598547	1.615386E-016	1.615386
5842.6063699722	1.742435E-016	1.742435
5845.4341413975	1.747572E-016	1.747572
5848.2619128227	1.782184E-016	1.782184
5851.089684248	1.931718E-016	1.931718
5853.9174556732	1.907966E-016	1.907966
5856.7452270985	1.81878E-016	1.81878
5859.5729985237	1.832994E-016	1.832994
5862.400769949	1.97111E-016	1.97111
5865.2285413742	1.882476E-016	1.882476
5868.0563127995	1.807117E-016	1.807117
5870.8840842247	2.01144E-016	2.01144
5873.71185565	1.903436E-016	1.903436
5876.5396270752	1.910347E-016	1.910347
5879.3673985005	1.883262E-016	1.883262
5882.1951699257	1.745249E-016	1.745249
5885.0229413509	2.137807E-016	2.137807
5887.8507127762	2.059168E-016	2.059168
5890.6784842014	1.901783E-016	1.901783
5893.5062556267	1.709955E-016	1.709955
5896.3340270519	2.196829E-016	2.196829
5899.1617984772	2.062323E-016	2.062323
5901.9895699024	1.786933E-016	1.786933
5904.8173413277	1.695809E-016	1.695809
5907.6451127529	1.698387E-016	1.698387
5910.4728841782	1.60121E-016	1.60121
5913.3006556034	1.764327E-016	1.764327
5916.1284270287	1.666165E-016	1.666165
5918.9561984539	1.505672E-016	1.505672
5921.7839698792	1.61228E-016	1.61228
5924.6117413044	1.568169E-016	1.568169
5927.4395127297	1.485835E-016	1.485835
5930.2672841549	1.57229E-016	1.57229
5933.0950555802	1.589286E-016	1.589286
5935.9228270054	1.310981E-016	1.310981
5938.7505984306	1.530374E-016	1.530374
5941.5783698559	1.63062E-016	1.63062
5944.4061412811	1.449002E-016	1.449002
5947.2339127064	1.303709E-016	1.303709
5950.0616841316	1.370048E-016	1.370048
5952.8894555569	1.405884E-016	1.405884
5955.7172269821	1.433531E-016	1.433531
5958.5449984074	1.438672E-016	1.438672
5961.3727698326	1.519722E-016	1.519722
5964.2005412579	1.367878E-016	1.367878
5967.0283126831	1.363023E-016	1.363023
5969.8560841084	1.525362E-016	1.525362
5972.6838555336	1.482072E-016	1.482072
5975.5116269589	1.477734E-016	1.477734
5978.3393983841	1.410737E-016	1.410737
5981.1671698094	1.46511E-016	1.46511
5983.9949412346	1.513807E-016	1.513807
5986.8227126598	1.395032E-016	1.395032
5989.6504840851	1.389524E-016	1.389524
5992.4782555103	1.343446E-016	1.343446
5995.3060269356	1.422433E-016	1.422433
5998.1337983608	1.513031E-016	1.513031
6000.9615697861	1.276057E-016	1.276057
6003.7893412113	1.303316E-016	1.303316
6006.6171126366	1.436588E-016	1.436588
6009.4448840618	1.47419E-016	1.47419
6012.2726554871	1.458572E-016	1.458572
6015.1004269123	1.438904E-016	1.438904
6017.9281983376	1.403581E-016	1.403581
6020.7559697628	1.541956E-016	1.541956
6023.5837411881	1.661887E-016	1.661887
6026.4115126133	1.511194E-016	1.511194
6029.2392840386	1.395859E-016	1.395859
6032.0670554638	1.483168E-016	1.483168
6034.894826889	1.438588E-016	1.438588
6037.7225983143	1.517573E-016	1.517573
6040.5503697395	1.443048E-016	1.443048
6043.3781411648	1.433167E-016	1.433167
6046.20591259	1.3511E-016	1.3511
6049.0336840153	1.43348E-016	1.43348
6051.8614554405	1.585395E-016	1.585395
6054.6892268658	1.62998E-016	1.62998
6057.516998291	1.531022E-016	1.531022
6060.3447697163	1.440957E-016	1.440957
6063.1725411415	1.463311E-016	1.463311
6066.0003125668	1.469232E-016	1.469232
6068.828083992	1.282718E-016	1.282718
6071.6558554173	1.564074E-016	1.564074
6074.4836268425	1.556898E-016	1.556898
6077.3113982678	1.509202E-016	1.509202
6080.139169693	1.52936E-016	1.52936
6082.9669411183	1.430099E-016	1.430099
6085.7947125435	1.559378E-016	1.559378
6088.6224839687	1.429257E-016	1.429257
6091.450255394	1.535888E-016	1.535888
6094.2780268192	1.681665E-016	1.681665
6097.1057982445	1.507168E-016	1.507168
6099.9335696697	1.438544E-016	1.438544
6102.761341095	1.381874E-016	1.381874
6105.5891125202	1.386458E-016	1.386458
6108.4168839455	1.529806E-016	1.529806
6111.2446553707	1.574695E-016	1.574695
6114.072426796	1.617997E-016	1.617997
6116.9001982212	1.438913E-016	1.438913
6119.7279696465	1.400907E-016	1.400907
6122.5557410717	1.464355E-016	1.464355
6125.383512497	1.475244E-016	1.475244
6128.2112839222	1.499209E-016	1.499209
6131.0390553475	1.626734E-016	1.626734
6133.8668267727	1.451717E-016	1.451717
6136.6945981979	1.497729E-016	1.497729
6139.5223696232	1.417961E-016	1.417961
6142.3501410484	1.46017E-016	1.46017
6145.1779124737	1.515132E-016	1.515132
6148.0056838989	1.564086E-016	1.564086
6150.8334553242	1.53516E-016	1.53516
6153.6612267494	1.556764E-016	1.556764
6156.4889981747	1.494102E-016	1.494102
6159.3167695999	1.446611E-016	1.446611
6162.1445410252	1.473574E-016	1.473574
6164.9723124504	1.506235E-016	1.506235
6167.8000838757	1.419128E-016	1.419128
6170.6278553009	1.521154E-016	1.521154
6173.4556267262	1.627439E-016	1.627439
6176.2833981514	1.424611E-016	1.424611
6179.1111695767	1.354945E-016	1.354945
6181.9389410019	1.386463E-016	1.386463
6184.7667124271	1.410193E-016	1.410193
6187.5944838524	1.568962E-016	1.568962
6190.4222552776	1.525589E-016	1.525589
6193.2500267029	1.504045E-016	1.504045
6196.0777981281	1.474436E-016	1.474436
6198.9055695534	1.471252E-016	1.471252
6201.7333409786	1.393859E-016	1.393859
6204.5611124039	1.54935E-016	1.54935
6207.3888838291	1.481803E-016	1.481803
6210.2166552544	1.510252E-016	1.510252
6213.0444266796	1.475894E-016	1.475894
6215.8721981049	1.262669E-016	1.262669
6218.6999695301	1.527667E-016	1.527667
6221.5277409554	1.364778E-016	1.364778
6224.3555123806	1.320236E-016	1.320236
6227.1832838059	1.341558E-016	1.341558
6230.0110552311	1.519454E-016	1.519454
6232.8388266564	1.531052E-016	1.531052
6235.6665980816	1.461717E-016	1.461717
6238.4943695068	1.392433E-016	1.392433
6241.3221409321	1.401412E-016	1.401412
6244.1499123573	1.351956E-016	1.351956
6246.9776837826	1.471525E-016	1.471525
6249.8054552078	1.521749E-016	1.521749
6252.6332266331	1.357831E-016	1.357831
6255.4609980583	1.324111E-016	1.324111
6258.2887694836	1.432727E-016	1.432727
6261.1165409088	1.291816E-016	1.291816
6263.9443123341	1.396648E-016	1.396648
6266.7720837593	1.519602E-016	1.519602
6269.5998551846	1.454937E-016	1.454937
6272.4276266098	1.236423E-016	1.236423
6275.2553980351	1.35257E-016	1.35257
6278.0831694603	1.248027E-016	1.248027
6280.9109408856	1.483436E-016	1.483436
6283.7387123108	1.448671E-016	1.448671
6286.566483736	1.4139E-016	1.4139
6289.3942551613	1.379136E-016	1.379136
6292.2220265865	1.344366E-016	1.344366
6295.0497980118	1.309599E-016	1.309599
6297.877569437	1.274829E-016	1.274829
6300.7053408623	1.240065E-016	1.240065
6303.5331122875	1.172916E-016	1.172916
6306.3608837128	1.396019E-016	1.396019
6309.188655138	1.140353E-016	1.140353
6312.0164265633	1.163409E-016	1.163409
6314.8441979885	1.337683E-016	1.337683
6317.6719694138	1.386815E-016	1.386815
6320.499740839	1.400691E-016	1.400691
6323.3275122643	1.464709E-016	1.464709
6326.1552836895	1.324831E-016	1.324831
6328.9830551148	1.538198E-016	1.538198
6331.81082654	1.231073E-016	1.231073
6334.6385979653	1.414042E-016	1.414042
6337.4663693905	1.355615E-016	1.355615
6340.2941408157	1.505464E-016	1.505464
6343.121912241	1.411383E-016	1.411383
6345.9496836662	1.388407E-016	1.388407
6348.7774550915	1.378677E-016	1.378677
6351.6052265167	1.364803E-016	1.364803
6354.432997942	1.342271E-016	1.342271
6357.2607693672	1.303839E-016	1.303839
6360.0885407925	1.579715E-016	1.579715
6362.9163122177	1.330449E-016	1.330449
6365.744083643	1.441645E-016	1.441645
6368.5718550682	1.532065E-016	1.532065
6371.3996264935	1.339699E-016	1.339699
6374.2273979187	1.336928E-016	1.336928
6377.055169344	1.39636E-016	1.39636
6379.8829407692	1.253287E-016	1.253287
6382.7107121945	1.378815E-016	1.378815
6385.5384836197	1.56399E-016	1.56399
6388.3662550449	1.399883E-016	1.399883
6391.1940264702	1.429437E-016	1.429437
6394.0217978954	1.489442E-016	1.489442
6396.8495693207	1.516731E-016	1.516731
6399.6773407459	1.334095E-016	1.334095
6402.5051121712	1.413393E-016	1.413393
6405.3328835964	1.387027E-016	1.387027
6408.1606550217	1.209107E-016	1.209107
6410.9884264469	1.231304E-016	1.231304
6413.8161978722	1.429539E-016	1.429539
6416.6439692974	1.355548E-016	1.355548
6419.4717407227	1.457561E-016	1.457561
6422.2995121479	1.53327E-016	1.53327
6425.1272835732	1.299959E-016	1.299959
6427.9550549984	1.490522E-016	1.490522
6430.7828264237	1.236949E-016	1.236949
6433.6105978489	1.214777E-016	1.214777
6436.4383692741	1.419399E-016	1.419399
6439.2661406994	1.322997E-016	1.322997
6442.0939121246	1.414487E-016	1.414487
6444.9216835499	1.307598E-016	1.307598
6447.7494549751	1.391322E-016	1.391322
6450.5772264004	1.342524E-016	1.342524
6453.4049978256	1.330424E-016	1.330424
6456.2327692509	1.444196E-016	1.444196
6459.0605406761	1.414133E-016	1.414133
6461.8883121014	1.311585E-016	1.311585
6464.7160835266	1.257832E-016	1.257832
6467.5438549519	1.341154E-016	1.341154
6470.3716263771	1.365884E-016	1.365884
6473.1993978024	1.361411E-016	1.361411
6476.0271692276	1.518835E-016	1.518835
6478.8549406529	1.359308E-016	1.359308
6481.6827120781	1.352973E-016	1.352973
6484.5104835034	1.234571E-016	1.234571
6487.3382549286	1.355584E-016	1.355584
6490.1660263538	1.28528E-016	1.28528
6492.9937977791	1.628642E-016	1.628642
6495.8215692043	1.336518E-016	1.336518
6498.6493406296	1.052028E-016	1.052028
6501.4771120548	1.316059E-016	1.316059
6504.3048834801	1.271186E-016	1.271186
6507.1326549053	1.448205E-016	1.448205
6509.9604263306	1.193756E-016	1.193756
6512.7881977558	1.27857E-016	1.27857
6515.6159691811	1.590666E-016	1.590666
6518.4437406063	1.577823E-016	1.577823
6521.2715120316	1.242879E-016	1.242879
6524.0992834568	1.507622E-016	1.507622
6526.9270548821	1.666697E-016	1.666697
6529.7548263073	1.868509E-016	1.868509
6532.5825977326	2.240693E-016	2.240693
6535.4103691578	2.190579E-016	2.190579
6538.2381405831	2.320665E-016	2.320665
6541.0659120083	2.767971E-016	2.767971
6543.8936834335	3.29734E-016	3.29734
6546.7214548588	3.631486E-016	3.631486
6549.549226284	3.710164E-016	3.710164
6552.3769977093	3.339214E-016	3.339214
6555.2047691345	3.072491E-016	3.072491
6558.0325405598	2.86102E-016	2.86102
6560.860311985	2.908878E-016	2.908878
6563.6880834103	2.928455E-016	2.928455
6566.5158548355	3.151256E-016	3.151256
6569.3436262608	3.540239E-016	3.540239
6572.171397686	3.646485E-016	3.646485
6574.9991691113	3.60589E-016	3.60589
6577.8269405365	3.344797E-016	3.344797
6580.6547119618	3.343953E-016	3.343953
6583.482483387	2.956586E-016	2.956586
6586.3102548123	2.470963E-016	2.470963
6589.1380262375	2.236774E-016	2.236774
6591.9657976627	2.140035E-016	2.140035
6594.793569088	1.705776E-016	1.705776
6597.6213405132	1.761062E-016	1.761062
6600.4491119385	1.540291E-016	1.540291
6603.2768833637	1.428685E-016	1.428685
6606.104654789	1.452974E-016	1.452974
6608.9324262142	1.476622E-016	1.476622
6611.7601976395	1.220315E-016	1.220315
6614.5879690647	1.268737E-016	1.268737
6617.41574049	1.373688E-016	1.373688
6620.2435119152	1.100839E-016	1.100839
6623.0712833405	1.339712E-016	1.339712
6625.8990547657	1.266615E-016	1.266615
6628.726826191	1.337598E-016	1.337598
6631.5545976162	1.337067E-016	1.337067
6634.3823690415	1.328947E-016	1.328947
6637.2101404667	1.271423E-016	1.271423
6640.0379118919	1.105349E-016	1.105349
6642.8656833172	1.297691E-016	1.297691
6645.6934547424	1.331369E-016	1.331369
6648.5212261677	1.387155E-016	1.387155
6651.3489975929	1.401253E-016	1.401253
6654.1767690182	1.47947E-016	1.47947
6657.0045404434	1.521938E-016	1.521938
6659.8323118687	1.448347E-016	1.448347
6662.6600832939	1.363371E-016	1.363371
6665.4878547192	1.318583E-016	1.318583
6668.3156261444	1.277492E-016	1.277492
6671.1433975697	1.406946E-016	1.406946
6673.9711689949	1.423758E-016	1.423758
6676.7989404202	1.416068E-016	1.416068
6679.6267118454	1.370248E-016	1.370248
6682.4544832707	1.315126E-016	1.315126
6685.2822546959	1.474509E-016	1.474509
6688.1100261212	1.452057E-016	1.452057
6690.9377975464	1.310709E-016	1.310709
6693.7655689716	1.379411E-016	1.379411
6696.5933403969	1.530292E-016	1.530292
6699.4211118221	1.365754E-016	1.365754
6702.2488832474	1.4649E-016	1.4649
6705.0766546726	1.52869E-016	1.52869
6707.9044260979	1.177963E-016	1.177963
6710.7321975231	1.335592E-016	1.335592
6713.5599689484	1.331395E-016	1.331395
6716.3877403736	1.333405E-016	1.333405
6719.2155117989	1.360441E-016	1.360441
6722.0432832241	1.390299E-016	1.390299
6724.8710546494	1.245064E-016	1.245064
6727.6988260746	1.00587E-016	1.00587
6730.5265974999	1.214072E-016	1.214072
6733.3543689251	1.1893E-016	1.1893
6736.1821403504	1.317242E-016	1.317242
6739.0099117756	1.158054E-016	1.158054
6741.8376832008	1.253631E-016	1.253631
6744.6654546261	1.301722E-016	1.301722
6747.4932260513	1.356456E-016	1.356456
6750.3209974766	1.391137E-016	1.391137
6753.1487689018	1.251298E-016	1.251298
6755.9765403271	1.349427E-016	1.349427
6758.8043117523	1.21072E-016	1.21072
6761.6320831776	1.207272E-016	1.207272
6764.4598546028	1.219963E-016	1.219963
6767.2876260281	1.229718E-016	1.229718
6770.1153974533	1.232346E-016	1.232346
6772.9431688786	1.251071E-016	1.251071
6775.7709403038	1.364906E-016	1.364906
6778.5987117291	1.199546E-016	1.199546
6781.4264831543	1.226373E-016	1.226373
6784.2542545796	1.406832E-016	1.406832
6787.0820260048	1.274448E-016	1.274448
6789.90979743	1.328248E-016	1.328248
6792.7375688553	1.323765E-016	1.323765
6795.5653402805	1.355954E-016	1.355954
6798.3931117058	1.266004E-016	1.266004
6801.220883131	1.052479E-016	1.052479
6804.0486545563	1.362064E-016	1.362064
6806.8764259815	1.431088E-016	1.431088
6809.7041974068	1.268191E-016	1.268191
6812.531968832	1.35606E-016	1.35606
6815.3597402573	1.296905E-016	1.296905
6818.1875116825	1.370377E-016	1.370377
6821.0152831078	1.221379E-016	1.221379
6823.843054533	1.398769E-016	1.398769
6826.6708259583	1.368831E-016	1.368831
6829.4985973835	1.23632E-016	1.23632
6832.3263688088	1.479901E-016	1.479901
6835.154140234	1.288076E-016	1.288076
6837.9819116593	1.224596E-016	1.224596
6840.8096830845	1.282674E-016	1.282674
6843.6374545097	1.180825E-016	1.180825
6846.465225935	1.171899E-016	1.171899
6849.2929973602	1.152276E-016	1.152276
6852.1207687855	1.210539E-016	1.210539
6854.9485402107	1.322346E-016	1.322346
6857.776311636	1.204834E-016	1.204834
6860.6040830612	1.321954E-016	1.321954
6863.4318544865	1.25312E-016	1.25312
6866.2596259117	8.259559E-017	0.8259559
6869.087397337	9.00413E-017	0.900413
6871.9151687622	9.680521E-017	0.9680521
6874.7429401875	9.794145E-017	0.9794145
6877.5707116127	8.495392E-017	0.8495392
6880.398483038	9.38179E-017	0.938179
6883.2262544632	1.18787E-016	1.18787
6886.0540258885	1.273683E-016	1.273683
6888.8817973137	1.007522E-016	1.007522
6891.7095687389	1.054117E-016	1.054117
6894.5373401642	1.192842E-016	1.192842
6897.3651115894	9.275492E-017	0.9275492
6900.1928830147	1.061104E-016	1.061104
6903.0206544399	1.043308E-016	1.043308
6905.8484258652	1.057024E-016	1.057024
6908.6761972904	1.041269E-016	1.041269
6911.5039687157	1.109139E-016	1.109139
6914.3317401409	1.260553E-016	1.260553
6917.1595115662	1.012925E-016	1.012925
6919.9872829914	1.311543E-016	1.311543
6922.8150544167	1.392386E-016	1.392386
6925.6428258419	1.130035E-016	1.130035
6928.4705972672	1.188983E-016	1.188983
6931.2983686924	1.236225E-016	1.236225
6934.1261401177	1.188625E-016	1.188625
6936.9539115429	1.184884E-016	1.184884
6939.7816829682	1.2456E-016	1.2456
6942.6094543934	1.103019E-016	1.103019
6945.4372258186	1.06268E-016	1.06268
6948.2649972439	1.246119E-016	1.246119
6951.0927686691	1.22688E-016	1.22688
6953.9205400944	1.043753E-016	1.043753
6956.7483115196	1.378511E-016	1.378511
6959.5760829449	1.332228E-016	1.332228
6962.4038543701	1.308586E-016	1.308586
6965.2316257954	1.332685E-016	1.332685
6968.0593972206	1.179043E-016	1.179043
6970.8871686459	1.073397E-016	1.073397
6973.7149400711	1.342039E-016	1.342039
6976.5427114964	1.400272E-016	1.400272
6979.3704829216	1.241255E-016	1.241255
6982.1982543469	1.251028E-016	1.251028
6985.0260257721	1.310177E-016	1.310177
6987.8537971974	1.265331E-016	1.265331
6990.6815686226	1.276243E-016	1.276243
6993.5093400478	1.188085E-016	1.188085
6996.3371114731	1.20159E-016	1.20159
6999.1648828983	1.274747E-016	1.274747
7001.9926543236	1.270732E-016	1.270732
7004.8204257488	1.444715E-016	1.444715
7007.6481971741	1.193368E-016	1.193368
7010.4759685993	1.363645E-016	1.363645
7013.3037400246	1.437401E-016	1.437401
7016.1315114498	1.105413E-016	1.105413
7018.9592828751	1.235591E-016	1.235591
7021.7870543003	1.186374E-016	1.186374
7024.6148257256	1.177859E-016	1.177859
7027.4425971508	1.272792E-016	1.272792
7030.2703685761	1.123487E-016	1.123487
7033.0981400013	1.388141E-016	1.388141
7035.9259114266	1.22869E-016	1.22869
7038.7536828518	1.343132E-016	1.343132
7041.5814542771	1.30326E-016	1.30326
7044.4092257023	1.379335E-016	1.379335
7047.2369971275	1.272375E-016	1.272375
7050.0647685528	1.19053E-016	1.19053
7052.892539978	1.517512E-016	1.517512
7055.7203114033	1.392269E-016	1.392269
7058.5480828285	1.229172E-016	1.229172
7061.3758542538	1.107961E-016	1.107961
7064.203625679	1.318337E-016	1.318337
7067.0313971043	1.224728E-016	1.224728
7069.8591685295	1.216617E-016	1.216617
7072.6869399548	1.262756E-016	1.262756
7075.51471138	1.305318E-016	1.305318
7078.3424828053	1.524185E-016	1.524185
7081.1702542305	1.23493E-016	1.23493
7083.9980256558	1.240536E-016	1.240536
7086.825797081	1.466727E-016	1.466727
7089.6535685063	1.240231E-016	1.240231
7092.4813399315	1.275773E-016	1.275773
7095.3091113567	1.244375E-016	1.244375
7098.136882782	1.186758E-016	1.186758
7100.9646542072	1.072491E-016	1.072491
7103.7924256325	1.25386E-016	1.25386
7106.6201970577	1.205302E-016	1.205302
7109.447968483	1.201728E-016	1.201728
7112.2757399082	1.380295E-016	1.380295
7115.1035113335	1.14264E-016	1.14264
7117.9312827587	1.159077E-016	1.159077
7120.759054184	1.152023E-016	1.152023
7123.5868256092	1.302157E-016	1.302157
7126.4145970345	1.241203E-016	1.241203
7129.2423684597	1.222748E-016	1.222748
7132.070139885	1.231189E-016	1.231189
7134.8979113102	1.256002E-016	1.256002
7137.7256827355	1.37291E-016	1.37291
7140.5534541607	1.247654E-016	1.247654
7143.3812255859	1.286741E-016	1.286741
7146.2089970112	1.276534E-016	1.276534
7149.0367684364	1.027456E-016	1.027456
7151.8645398617	1.152119E-016	1.152119
7154.6923112869	1.320193E-016	1.320193
7157.5200827122	1.210882E-016	1.210882
7160.3478541374	1.396935E-016	1.396935
7163.1756255627	1.290128E-016	1.290128
7166.0033969879	1.113901E-016	1.113901
7168.8311684132	1.082261E-016	1.082261
7171.6589398384	1.021946E-016	1.021946
7174.4867112637	1.142841E-016	1.142841
7177.3144826889	1.178148E-016	1.178148
7180.1422541142	1.194829E-016	1.194829
7182.9700255394	9.934376E-017	0.9934376
7185.7977969647	9.117506E-017	0.9117506
7188.6255683899	1.022458E-016	1.022458
7191.4533398152	1.112029E-016	1.112029
7194.2811112404	1.135E-016	1.135
7197.1088826656	1.272853E-016	1.272853
7199.9366540909	1.004607E-016	1.004607
7202.7644255161	1.245211E-016	1.245211
7205.5921969414	1.108978E-016	1.108978
7208.4199683666	9.918762E-017	0.9918762
7211.2477397919	1.107425E-016	1.107425
7214.0755112171	1.098312E-016	1.098312
7216.9032826424	1.307521E-016	1.307521
7219.7310540676	1.170057E-016	1.170057
7222.5588254929	1.130481E-016	1.130481
7225.3865969181	1.09466E-016	1.09466
7228.2143683434	1.087109E-016	1.087109
7231.0421397686	1.048198E-016	1.048198
7233.8699111939	1.290385E-016	1.290385
7236.6976826191	1.095031E-016	1.095031
7239.5254540444	1.417799E-016	1.417799
7242.3532254696	1.322454E-016	1.322454
7245.1809968948	1.212288E-016	1.212288
7248.0087683201	1.389125E-016	1.389125
7250.8365397453	1.292791E-016	1.292791
7253.6643111706	1.202455E-016	1.202455
7256.4920825958	1.253322E-016	1.253322
7259.3198540211	1.245018E-016	1.245018
7262.1476254463	1.098415E-016	1.098415
7264.9753968716	1.147462E-016	1.147462
7267.8031682968	1.268009E-016	1.268009
7270.6309397221	1.328949E-016	1.328949
7273.4587111473	1.145128E-016	1.145128
7276.2864825726	9.798269E-017	0.9798269
7279.1142539978	1.198029E-016	1.198029
7281.9420254231	1.370315E-016	1.370315
7284.7697968483	1.217165E-016	1.217165
7287.5975682736	1.272244E-016	1.272244
7290.4253396988	1.180304E-016	1.180304
7293.253111124	1.103044E-016	1.103044
7296.0808825493	1.09952E-016	1.09952
7298.9086539745	1.22688E-016	1.22688
7301.7364253998	1.31598E-016	1.31598
7304.564196825	1.157476E-016	1.157476
7307.3919682503	1.157464E-016	1.157464
7310.2197396755	1.284046E-016	1.284046
7313.0475111008	1.313056E-016	1.313056
7315.875282526	1.114966E-016	1.114966
7318.7030539513	1.064092E-016	1.064092
7321.5308253765	1.023105E-016	1.023105
7324.3585968018	1.117043E-016	1.117043
7327.186368227	1.233743E-016	1.233743
7330.0141396523	1.192136E-016	1.192136
7332.8419110775	1.25381E-016	1.25381
7335.6696825028	1.343399E-016	1.343399
7338.497453928	1.250342E-016	1.250342
7341.3252253533	1.351773E-016	1.351773
7344.1529967785	1.173755E-016	1.173755
7346.9807682037	1.237328E-016	1.237328
7349.808539629	1.154497E-016	1.154497
7352.6363110542	1.214562E-016	1.214562
7355.4640824795	1.032246E-016	1.032246
7358.2918539047	1.024584E-016	1.024584
7361.11962533	1.296454E-016	1.296454
7363.9473967552	1.324723E-016	1.324723
7366.7751681805	1.039286E-016	1.039286
7369.6029396057	1.133419E-016	1.133419
7372.430711031	1.511839E-016	1.511839
7375.2584824562	1.451197E-016	1.451197
7378.0862538815	1.26138E-016	1.26138
7380.9140253067	1.146027E-016	1.146027
7383.741796732	1.201482E-016	1.201482
7386.5695681572	1.187022E-016	1.187022
7389.3973395825	1.087976E-016	1.087976
7392.2251110077	1.100661E-016	1.100661
7395.0528824329	1.304921E-016	1.304921
7397.8806538582	1.254409E-016	1.254409
7400.7084252834	1.28448E-016	1.28448
7403.5361967087	1.462188E-016	1.462188
7406.3639681339	1.472004E-016	1.472004
7409.1917395592	1.204324E-016	1.204324
7412.0195109844	1.104173E-016	1.104173
7414.8472824097	1.412682E-016	1.412682
7417.6750538349	1.165208E-016	1.165208
7420.5028252602	1.35634E-016	1.35634
7423.3305966854	1.159516E-016	1.159516
7426.1583681107	1.255914E-016	1.255914
7428.9861395359	1.016785E-016	1.016785
7431.8139109612	1.223798E-016	1.223798
7434.6416823864	1.048295E-016	1.048295
7437.4694538117	1.542011E-016	1.542011
7440.2972252369	1.245319E-016	1.245319
7443.1249966622	1.651788E-016	1.651788
7445.9527680874	1.235439E-016	1.235439
7448.7805395126	1.265637E-016	1.265637
7451.6083109379	1.136734E-016	1.136734
7454.4360823631	1.120488E-016	1.120488
7457.2638537884	1.360672E-016	1.360672
7460.0916252136	1.289232E-016	1.289232
7462.9193966389	1.208152E-016	1.208152
7465.7471680641	1.14363E-016	1.14363
7468.5749394894	1.267312E-016	1.267312
7471.4027109146	1.099118E-016	1.099118
7474.2304823399	1.142692E-016	1.142692
7477.0582537651	1.240048E-016	1.240048
7479.8860251904	1.22504E-016	1.22504
7482.7137966156	1.251991E-016	1.251991
7485.5415680409	1.137514E-016	1.137514
7488.3693394661	1.104794E-016	1.104794
7491.1971108914	1.313749E-016	1.313749
7494.0248823166	1.246047E-016	1.246047
7496.8526537418	1.217689E-016	1.217689
7499.6804251671	1.264628E-016	1.264628
7502.5081965923	1.304344E-016	1.304344
7505.3359680176	1.206392E-016	1.206392
7508.1637394428	1.129148E-016	1.129148
7510.9915108681	1.297626E-016	1.297626
7513.8192822933	1.175313E-016	1.175313
7516.6470537186	1.148344E-016	1.148344
7519.4748251438	1.220241E-016	1.220241
7522.3025965691	1.319342E-016	1.319342
7525.1303679943	1.251671E-016	1.251671
7527.9581394196	1.250172E-016	1.250172
7530.7859108448	1.372524E-016	1.372524
7533.6136822701	1.316892E-016	1.316892
7536.4414536953	1.283301E-016	1.283301
7539.2692251206	1.40183E-016	1.40183
7542.0969965458	1.063812E-016	1.063812
7544.9247679711	1.165774E-016	1.165774
7547.7525393963	1.130103E-016	1.130103
7550.5803108215	1.301955E-016	1.301955
7553.4080822468	1.248824E-016	1.248824
7556.235853672	1.331853E-016	1.331853
7559.0636250973	1.115362E-016	1.115362
7561.8913965225	1.216162E-016	1.216162
7564.7191679478	1.444188E-016	1.444188
7567.546939373	1.304301E-016	1.304301
7570.3747107983	1.369168E-016	1.369168
7573.2024822235	1.125614E-016	1.125614
7576.0302536488	1.214738E-016	1.214738
7578.858025074	1.241712E-016	1.241712
7581.6857964993	1.256161E-016	1.256161
7584.5135679245	1.268751E-016	1.268751
7587.3413393498	1.128949E-016	1.128949
7590.169110775	1.019709E-016	1.019709
7592.9968822003	9.703392E-017	0.9703392
7595.8246536255	7.440519E-017	0.7440519
7598.6524250507	3.930503E-017	0.3930503
7601.480196476	2.787658E-017	0.2787658
7604.3079679012	2.879538E-017	0.2879538
7607.1357393265	2.198428E-017	0.2198428
7609.9635107517	3.196765E-017	0.3196765
7612.791282177	4.193535E-017	0.4193535
7615.6190536022	4.181625E-017	0.4181625
7618.4468250275	7.048503E-017	0.7048503
7621.2745964527	8.576687E-017	0.8576687
7624.102367878	5.926976E-017	0.5926976
7626.9301393032	5.776478E-017	0.5776478
7629.7579107285	5.304938E-017	0.5304938
7632.5856821537	4.4379E-017	0.44379
7635.413453579	6.263257E-017	0.6263257
7638.2412250042	5.549809E-017	0.5549809
7641.0689964295	5.649102E-017	0.5649102
7643.8967678547	7.902509E-017	0.7902509
7646.7245392799	7.775412E-017	0.7775412
7649.5523107052	6.066316E-017	0.6066316
7652.3800821304	8.256712E-017	0.8256712
7655.2078535557	7.53632E-017	0.753632
7658.0356249809	8.645668E-017	0.8645668
7660.8633964062	1.021942E-016	1.021942
7663.6911678314	8.622152E-017	0.8622152
7666.5189392567	1.028946E-016	1.028946
7669.3467106819	8.761052E-017	0.8761052
7672.1744821072	8.560031E-017	0.8560031
7675.0022535324	8.713315E-017	0.8713315
7677.8300249577	9.90141E-017	0.990141
7680.6577963829	8.252921E-017	0.8252921
7683.4855678082	1.087718E-016	1.087718
7686.3133392334	1.101871E-016	1.101871
7689.1411106587	1.046397E-016	1.046397
7691.9688820839	1.077791E-016	1.077791
7694.7966535092	1.337652E-016	1.337652
7697.6244249344	9.62124E-017	0.962124
7700.4521963596	1.163587E-016	1.163587
7703.2799677849	9.355855E-017	0.9355855
7706.1077392101	9.069519E-017	0.9069519
7708.9355106354	1.090948E-016	1.090948
7711.7632820606	6.289238E-017	0.6289238
7714.5910534859	1.132733E-016	1.132733
7717.4188249111	1.168249E-016	1.168249
7720.2465963364	1.189415E-016	1.189415
7723.0743677616	1.076709E-016	1.076709
7725.9021391869	1.141786E-016	1.141786
7728.7299106121	1.256803E-016	1.256803
7731.5576820374	1.308648E-016	1.308648
7734.3854534626	1.241783E-016	1.241783
7737.2132248879	1.242387E-016	1.242387
7740.0409963131	1.240406E-016	1.240406
7742.8687677384	1.283934E-016	1.283934
7745.6965391636	1.252036E-016	1.252036
7748.5243105888	9.189632E-017	0.9189632
7751.3520820141	9.948375E-017	0.9948375
7754.1798534393	1.510648E-016	1.510648
7757.0076248646	1.458568E-016	1.458568
7759.8353962898	9.135639E-017	0.9135639
7762.6631677151	1.276184E-016	1.276184
7765.4909391403	9.358269E-017	0.9358269
7768.3187105656	1.118647E-016	1.118647
7771.1464819908	1.042698E-016	1.042698
7773.9742534161	1.033462E-016	1.033462
7776.8020248413	1.318766E-016	1.318766
7779.6297962666	1.095863E-016	1.095863
7782.4575676918	1.032304E-016	1.032304
7785.2853391171	1.162179E-016	1.162179
7788.1131105423	9.62999E-017	0.962999
7790.9408819676	1.190769E-016	1.190769
7793.7686533928	1.084389E-016	1.084389
7796.5964248181	1.004678E-016	1.004678
7799.4241962433	1.245441E-016	1.245441
7802.2519676685	1.096238E-016	1.096238
7805.0797390938	1.071608E-016	1.071608
7807.907510519	9.687908E-017	0.9687908
7810.7352819443	1.046799E-016	1.046799
7813.5630533695	1.155736E-016	1.155736
7816.3908247948	1.100059E-016	1.100059
7819.21859622	1.283742E-016	1.283742
7822.0463676453	1.163866E-016	1.163866
7824.8741390705	1.202704E-016	1.202704
7827.7019104958	8.25814E-017	0.825814
7830.529681921	1.147037E-016	1.147037
7833.3574533463	9.518295E-017	0.9518295
7836.1852247715	1.176067E-016	1.176067
7839.0129961968	1.027685E-016	1.027685
7841.840767622	1.264309E-016	1.264309
7844.6685390473	1.209228E-016	1.209228
7847.4963104725	1.009504E-016	1.009504
7850.3240818977	9.779386E-017	0.9779386
7853.151853323	1.034809E-016	1.034809
7855.9796247482	9.334276E-017	0.9334276
7858.8073961735	1.271507E-016	1.271507
7861.6351675987	1.229866E-016	1.229866
7864.462939024	1.080988E-016	1.080988
7867.2907104492	1.120832E-016	1.120832
7870.1184818745	1.005878E-016	1.005878
7872.9462532997	1.136323E-016	1.136323
7875.774024725	7.906539E-017	0.7906539
7878.6017961502	8.366671E-017	0.8366671
7881.4295675755	9.401197E-017	0.9401197
7884.2573390007	9.291939E-017	0.9291939
7887.085110426	1.5949E-016	1.5949
7889.9128818512	1.269533E-016	1.269533
7892.7406532765	1.4315E-016	1.4315
7895.5684247017	1.010438E-016	1.010438
7898.396196127	1.071848E-016	1.071848
7901.2239675522	1.002535E-016	1.002535
7904.0517389774	1.100898E-016	1.100898
7906.8795104027	1.048562E-016	1.048562
7909.7072818279	1.140467E-016	1.140467
7912.5350532532	1.034114E-016	1.034114
7915.3628246784	1.123875E-016	1.123875
7918.1905961037	9.873041E-017	0.9873041
7921.0183675289	8.376355E-017	0.8376355
7923.8461389542	7.702024E-017	0.7702024
7926.6739103794	1.020981E-016	1.020981
7929.5016818047	9.965269E-017	0.9965269
7932.3294532299	1.230914E-016	1.230914
7935.1572246552	1.175168E-016	1.175168
7937.9849960804	1.037899E-016	1.037899
7940.8127675057	1.022691E-016	1.022691
7943.6405389309	1.072319E-016	1.072319
7946.4683103562	9.04077E-017	0.904077
7949.2960817814	7.763979E-017	0.7763979
7952.1238532066	1.261961E-016	1.261961
7954.9516246319	1.094937E-016	1.094937
7957.7793960571	1.075074E-016	1.075074
7960.6071674824	1.10115E-016	1.10115
7963.4349389076	1.541599E-016	1.541599
7966.2627103329	9.722224E-017	0.9722224
7969.0904817581	9.380902E-017	0.9380902
7971.9182531834	1.285111E-016	1.285111
7974.7460246086	1.400493E-016	1.400493
7977.5737960339	1.159144E-016	1.159144
7980.4015674591	9.432237E-017	0.9432237
7983.2293388844	1.14769E-016	1.14769
7986.0571103096	1.124186E-016	1.124186
7988.8848817349	9.527733E-017	0.9527733
7991.7126531601	1.16737E-016	1.16737
7994.5404245854	1.163889E-016	1.163889
7997.3681960106	1.118282E-016	1.118282
8000.1959674359	1.018735E-016	1.018735
8003.0237388611	1.236587E-016	1.236587
8005.8515102863	1.158327E-016	1.158327
8008.6792817116	9.03659E-017	0.903659
8011.5070531368	9.643248E-017	0.9643248
8014.3348245621	1.202902E-016	1.202902
8017.1625959873	1.247842E-016	1.247842
8019.9903674126	1.010522E-016	1.010522
8022.8181388378	1.210378E-016	1.210378
8025.6459102631	1.387994E-016	1.387994
8028.4736816883	1.155439E-016	1.155439
8031.3014531136	1.043024E-016	1.043024
8034.1292245388	1.068192E-016	1.068192
8036.9569959641	1.089816E-016	1.089816
8039.7847673893	1.159699E-016	1.159699
8042.6125388146	1.182227E-016	1.182227
8045.4403102398	1.228612E-016	1.228612
8048.2680816651	1.253917E-016	1.253917
8051.0958530903	8.369893E-017	0.8369893
8053.9236245155	1.229392E-016	1.229392
8056.7513959408	1.211555E-016	1.211555
8059.579167366	1.228927E-016	1.228927
8062.4069387913	1.439948E-016	1.439948
8065.2347102165	1.10488E-016	1.10488
8068.0624816418	1.032012E-016	1.032012
8070.890253067	1.315506E-016	1.315506
8073.7180244923	1.190977E-016	1.190977
8076.5457959175	1.260317E-016	1.260317
8079.3735673428	1.254775E-016	1.254775
8082.201338768	1.331958E-016	1.331958
8085.0291101933	1.304304E-016	1.304304
8087.8568816185	1.019193E-016	1.019193
8090.6846530438	1.280072E-016	1.280072
8093.512424469	1.378971E-016	1.378971
8096.3401958943	1.402122E-016	1.402122
8099.1679673195	1.199331E-016	1.199331
8101.9957387447	1.164898E-016	1.164898
8104.82351017	1.307015E-016	1.307015
8107.6512815952	1.266757E-016	1.266757
8110.4790530205	9.944359E-017	0.9944359
8113.3068244457	1.243688E-016	1.243688
8116.134595871	1.214075E-016	1.214075
8118.9623672962	1.236607E-016	1.236607
8121.7901387215	1.26349E-016	1.26349
8124.6179101467	1.22939E-016	1.22939
8127.445681572	1.268175E-016	1.268175
8130.2734529972	1.366401E-016	1.366401
8133.1012244225	1.128229E-016	1.128229
8135.9289958477	1.284517E-016	1.284517
8138.756767273	1.291149E-016	1.291149
8141.5845386982	1.034452E-016	1.034452
8144.4123101235	1.391581E-016	1.391581
8147.2400815487	1.249083E-016	1.249083
8150.067852974	1.239666E-016	1.239666
8152.8956243992	8.76438E-017	0.876438
8155.7233958244	1.359259E-016	1.359259
8158.5511672497	9.867618E-017	0.9867618
8161.3789386749	1.121675E-016	1.121675
8164.2067101002	1.082221E-016	1.082221
8167.0344815254	1.064405E-016	1.064405
8169.8622529507	1.206215E-016	1.206215
8172.6900243759	1.248567E-016	1.248567
8175.5177958012	1.2618E-016	1.2618
8178.3455672264	9.686595E-017	0.9686595
8181.1733386517	1.04773E-016	1.04773
8184.0011100769	1.338153E-016	1.338153
8186.8288815022	1.146476E-016	1.146476
8189.6566529274	1.265693E-016	1.265693
8192.4844243527	1.289172E-016	1.289172
8195.3121957779	9.994224E-017	0.9994224
8198.1399672032	1.117934E-016	1.117934
8200.9677386284	1.109446E-016	1.109446
8203.7955100536	1.151659E-016	1.151659
8206.6232814789	1.38963E-016	1.38963
8209.4510529041	1.083921E-016	1.083921
8212.2788243294	1.22011E-016	1.22011
8215.1065957546	1.192769E-016	1.192769
8217.9343671799	1.251234E-016	1.251234
8220.7621386051	1.192663E-016	1.192663
8223.5899100304	1.164399E-016	1.164399
8226.4176814556	1.257132E-016	1.257132
8229.2454528809	1.065917E-016	1.065917
8232.0732243061	8.458341E-017	0.8458341
8234.9009957314	1.005729E-016	1.005729
8237.7287671566	1.245155E-016	1.245155
8240.5565385819	1.249663E-016	1.249663
8243.3843100071	1.127902E-016	1.127902
8246.2120814324	1.311428E-016	1.311428
8249.0398528576	1.420198E-016	1.420198
8251.8676242829	1.497266E-016	1.497266
8254.6953957081	1.340542E-016	1.340542
8257.5231671333	1.275847E-016	1.275847
8260.3509385586	1.246523E-016	1.246523
8263.1787099838	1.33947E-016	1.33947
8266.0064814091	1.124062E-016	1.124062
8268.8342528343	1.206945E-016	1.206945
8271.6620242596	1.318298E-016	1.318298
8274.4897956848	1.174142E-016	1.174142
8277.3175671101	1.206925E-016	1.206925
8280.1453385353	1.022363E-016	1.022363
8282.9731099606	1.390793E-016	1.390793
8285.8008813858	1.280705E-016	1.280705
8288.6286528111	1.389265E-016	1.389265
8291.4564242363	8.618783E-017	0.8618783
8294.2841956616	1.189687E-016	1.189687
8297.1119670868	1.36382E-016	1.36382
8299.9397385121	1.202117E-016	1.202117
8302.7675099373	9.877207E-017	0.9877207
8305.5952813625	1.251062E-016	1.251062
8308.4230527878	1.07493E-016	1.07493
8311.250824213	1.110719E-016	1.110719
8314.0785956383	1.00096E-016	1.00096
8316.9063670635	1.186637E-016	1.186637
8319.7341384888	1.095804E-016	1.095804
8322.561909914	1.190376E-016	1.190376
8325.3896813393	1.111657E-016	1.111657
8328.2174527645	1.229528E-016	1.229528
8331.0452241898	1.108089E-016	1.108089
8333.872995615	1.480705E-016	1.480705
8336.7007670403	1.376962E-016	1.376962
8339.5285384655	1.080952E-016	1.080952
8342.3563098908	1.800417E-016	1.800417
8345.184081316	8.711413E-017	0.8711413
8348.0118527413	1.263769E-016	1.263769
8350.8396241665	1.544648E-016	1.544648
8353.6673955917	1.213007E-016	1.213007
8356.495167017	8.936474E-017	0.8936474
8359.3229384422	1.398755E-016	1.398755
8362.1507098675	1.319825E-016	1.319825
8364.9784812927	9.042033E-017	0.9042033
8367.806252718	1.080463E-016	1.080463
8370.6340241432	1.021706E-016	1.021706
8373.4617955685	1.300037E-016	1.300037
8376.2895669937	1.224086E-016	1.224086
8379.117338419	1.089247E-016	1.089247
8381.9451098442	1.541542E-016	1.541542
8384.7728812695	1.318172E-016	1.318172
8387.6006526947	1.093028E-016	1.093028
8390.42842412	1.096568E-016	1.096568
8393.2561955452	1.22271E-016	1.22271
8396.0839669705	1.367211E-016	1.367211
8398.9117383957	1.358084E-016	1.358084
8401.739509821	1.496601E-016	1.496601
8404.5672812462	1.231699E-016	1.231699
8407.3950526714	6.133682E-017	0.6133682
8410.2228240967	1.340428E-016	1.340428
8413.0505955219	1.294631E-016	1.294631
8415.8783669472	1.760004E-016	1.760004
8418.7061383724	1.023211E-016	1.023211
8421.5339097977	1.178375E-016	1.178375
8424.3616812229	1.38514E-016	1.38514
8427.1894526482	1.150502E-016	1.150502
8430.0172240734	9.083312E-017	0.9083312
8432.8449954987	1.712577E-016	1.712577
8435.6727669239	7.692188E-017	0.7692188
8438.5005383492	8.336125E-017	0.8336125
8441.3283097744	1.228634E-016	1.228634
8444.1560811997	1.173971E-016	1.173971
8446.9838526249	1.174572E-016	1.174572
8449.8116240502	1.054479E-016	1.054479
8452.6393954754	9.305307E-017	0.9305307
8455.4671669006	9.956432E-017	0.9956432
8458.2949383259	1.440198E-016	1.440198
8461.1227097511	1.250574E-016	1.250574
8463.9504811764	1.183584E-016	1.183584
8466.7782526016	5.399518E-017	0.5399518
8469.6060240269	1.404597E-016	1.404597
8472.4337954521	1.050523E-016	1.050523
8475.2615668774	1.073835E-016	1.073835
8478.0893383026	1.186218E-016	1.186218
8480.9171097279	1.200603E-016	1.200603
8483.7448811531	1.174541E-016	1.174541
8486.5726525784	1.241787E-016	1.241787
8489.4004240036	1.519147E-016	1.519147
8492.2281954289	1.301258E-016	1.301258
8495.0559668541	1.393524E-016	1.393524
8497.8837382794	1.627592E-016	1.627592
8500.7115097046	1.720442E-016	1.720442
8503.5392811299	1.160105E-016	1.160105
8506.3670525551	9.050762E-017	0.9050762
8509.1948239803	1.359535E-016	1.359535
8512.0225954056	1.454933E-016	1.454933
8514.8503668308	1.404485E-016	1.404485
8517.6781382561	1.41716E-016	1.41716
8520.5059096813	1.317868E-016	1.317868
8523.3336811066	1.530973E-016	1.530973
8526.1614525318	1.517993E-016	1.517993
8528.9892239571	1.491962E-016	1.491962
8531.8169953823	1.513865E-016	1.513865
8534.6447668076	1.26328E-016	1.26328
8537.4725382328	1.319252E-016	1.319252
8540.3003096581	1.053838E-016	1.053838
8543.1280810833	1.190752E-016	1.190752
8545.9558525086	1.164147E-016	1.164147
8548.7836239338	1.254704E-016	1.254704
8551.6113953591	1.47435E-016	1.47435
8554.4391667843	1.150147E-016	1.150147
8557.2669382095	1.038082E-016	1.038082
8560.0947096348	1.239563E-016	1.239563
8562.92248106	1.243734E-016	1.243734
8565.7502524853	1.242956E-016	1.242956
8568.5780239105	7.273672E-017	0.7273672
8571.4057953358	1.261493E-016	1.261493
8574.233566761	1.02344E-016	1.02344
8577.0613381863	1.004198E-016	1.004198
8579.8891096115	1.016566E-016	1.016566
8582.7168810368	1.008661E-016	1.008661
