3831.7121582031	1.146706E-14
3832.3322659731	1.185249E-14
3832.9523737431	1.196122E-14
3833.572481513	1.151073E-14
3834.192589283	1.209851E-14
3834.812697053	1.209349E-14
3835.4328048229	1.204311E-14
3836.0529125929	1.235563E-14
3836.6730203629	1.231619E-14
3837.2931281328	1.219684E-14
3837.9132359028	1.223961E-14
3838.5333436728	1.225814E-14
3839.1534514427	1.221007E-14
3839.7735592127	1.219995E-14
3840.3936669827	1.218986E-14
3841.0137747526	1.217993E-14
3841.6338825226	1.217002E-14
3842.2539902926	1.216013E-14
3842.8740980625	1.215031E-14
3843.4942058325	1.214057E-14
3844.1143136025	1.25013E-14
3844.7344213724	1.230764E-14
3845.3545291424	1.246837E-14
3845.9746369124	1.248048E-14
3846.5947446823	1.258085E-14
3847.2148524523	1.234404E-14
3847.8349602223	1.247659E-14
3848.4550679922	1.276963E-14
3849.0751757622	1.255858E-14
3849.6952835322	1.265057E-14
3850.3153913021	1.268229E-14
3850.9354990721	1.286953E-14
3851.5556068421	1.269099E-14
3852.175714612	1.273565E-14
3852.795822382	1.27621E-14
3853.415930152	1.259778E-14
3854.0360379219	1.27017E-14
3854.6561456919	1.298936E-14
3855.2762534619	1.302091E-14
3855.8963612318	1.281956E-14
3856.5164690018	1.303154E-14
3857.1365767718	1.328363E-14
3857.7566845417	1.322859E-14
3858.3767923117	1.290424E-14
3858.9969000816	1.319515E-14
3859.6170078516	1.289826E-14
3860.2371156216	1.335012E-14
3860.8572233915	1.307656E-14
3861.4773311615	1.285773E-14
3862.0974389315	1.307839E-14
3862.7175467014	1.348682E-14
3863.3376544714	1.301455E-14
3863.9577622414	1.281066E-14
3864.5778700113	1.28499E-14
3865.1979777813	1.260907E-14
3865.8180855513	1.270139E-14
3866.4381933212	1.275916E-14
3867.0583010912	1.287626E-14
3867.6784088612	1.270888E-14
3868.2985166311	1.217296E-14
3868.9186244011	1.224846E-14
3869.5387321711	1.244261E-14
3870.158839941	1.245739E-14
3870.778947711	1.266176E-14
3871.399055481	1.244449E-14
3872.0191632509	1.216267E-14
3872.6392710209	1.250739E-14
3873.2593787909	1.217523E-14
3873.8794865608	1.252436E-14
3874.4995943308	1.212993E-14
3875.1197021008	1.202949E-14
3875.7398098707	1.224055E-14
3876.3599176407	1.206477E-14
3876.9800254107	1.195361E-14
3877.6001331806	1.201998E-14
3878.2202409506	1.22166E-14
3878.8403487206	1.227531E-14
3879.4604564905	1.220794E-14
3880.0805642605	1.230561E-14
3880.7006720305	1.241444E-14
3881.3207798004	1.229242E-14
3881.9408875704	1.23473E-14
3882.5609953404	1.249358E-14
3883.1811031103	1.237611E-14
3883.8012108803	1.244029E-14
3884.4213186503	1.221725E-14
3885.0414264202	1.210745E-14
3885.6615341902	1.229638E-14
3886.2816419602	1.254724E-14
3886.9017497301	1.268766E-14
3887.5218575001	1.238584E-14
3888.1419652701	1.225167E-14
3888.76207304	1.216248E-14
3889.38218081	1.240509E-14
3890.00228858	1.263523E-14
3890.6223963499	1.254063E-14
3891.2425041199	1.259668E-14
3891.8626118899	1.263553E-14
3892.4827196598	1.27069E-14
3893.1028274298	1.279229E-14
3893.7229351998	1.276468E-14
3894.3430429697	1.269669E-14
3894.9631507397	1.280802E-14
3895.5832585096	1.296244E-14
3896.2033662796	1.309798E-14
3896.8234740496	1.293801E-14
3897.4435818195	1.281077E-14
3898.0636895895	1.283228E-14
3898.6837973595	1.318037E-14
3899.3039051294	1.266726E-14
3899.9240128994	1.265415E-14
3900.5441206694	1.280836E-14
3901.1642284393	1.2479E-14
3901.7843362093	1.231635E-14
3902.4044439793	1.250973E-14
3903.0245517492	1.264449E-14
3903.6446595192	1.257315E-14
3904.2647672892	1.273889E-14
3904.8848750591	1.276245E-14
3905.5049828291	1.250021E-14
3906.1250905991	1.275981E-14
3906.745198369	1.273555E-14
3907.365306139	1.228061E-14
3907.985413909	1.325821E-14
3908.6055216789	1.263638E-14
3909.2256294489	1.26674E-14
3909.8457372189	1.262229E-14
3910.4658449888	1.301513E-14
3911.0859527588	1.291824E-14
3911.7060605288	1.305214E-14
3912.3261682987	1.295281E-14
3912.9462760687	1.30677E-14
3913.5663838387	1.324057E-14
3914.1864916086	1.302752E-14
3914.8065993786	1.285258E-14
3915.4267071486	1.298943E-14
3916.0468149185	1.297853E-14
3916.6669226885	1.285032E-14
3917.2870304585	1.304082E-14
3917.9071382284	1.290188E-14
3918.5272459984	1.298504E-14
3919.1473537684	1.322729E-14
3919.7674615383	1.316821E-14
3920.3875693083	1.283898E-14
3921.0076770783	1.309908E-14
3921.6277848482	1.298685E-14
3922.2478926182	1.295965E-14
3922.8680003882	1.317228E-14
3923.4881081581	1.327317E-14
3924.1082159281	1.333365E-14
3924.7283236981	1.324167E-14
3925.348431468	1.336027E-14
3925.968539238	1.320447E-14
3926.588647008	1.342044E-14
3927.2087547779	1.37405E-14
3927.8288625479	1.341698E-14
3928.4489703179	1.333161E-14
3929.0690780878	1.334807E-14
3929.6891858578	1.348395E-14
3930.3092936278	1.333602E-14
3930.9294013977	1.316479E-14
3931.5495091677	1.30625E-14
3932.1696169377	1.318559E-14
3932.7897247076	1.303702E-14
3933.4098324776	1.316104E-14
3934.0299402476	1.305406E-14
3934.6500480175	1.301777E-14
3935.2701557875	1.300855E-14
3935.8902635574	1.303503E-14
3936.5103713274	1.301886E-14
3937.1304790974	1.282509E-14
3937.7505868673	1.31573E-14
3938.3706946373	1.320001E-14
3938.9908024073	1.295183E-14
3939.6109101772	1.31294E-14
3940.2310179472	1.319195E-14
3940.8511257172	1.299896E-14
3941.4712334871	1.296879E-14
3942.0913412571	1.304001E-14
3942.7114490271	1.285646E-14
3943.331556797	1.289755E-14
3943.951664567	1.281509E-14
3944.571772337	1.284214E-14
3945.1918801069	1.248127E-14
3945.8119878769	1.272976E-14
3946.4320956469	1.277416E-14
3947.0522034168	1.253874E-14
3947.6723111868	1.245967E-14
3948.2924189568	1.241059E-14
3948.9125267267	1.265906E-14
3949.5326344967	1.231696E-14
3950.1527422667	1.234277E-14
3950.7728500366	1.253881E-14
3951.3929578066	1.245315E-14
3952.0130655766	1.22533E-14
3952.6331733465	1.229873E-14
3953.2532811165	1.221489E-14
3953.8733888865	1.231479E-14
3954.4934966564	1.250349E-14
3955.1136044264	1.217055E-14
3955.7337121964	1.226967E-14
3956.3538199663	1.254305E-14
3956.9739277363	1.234332E-14
3957.5940355063	1.225195E-14
3958.2141432762	1.232103E-14
3958.8342510462	1.232947E-14
3959.4543588162	1.25245E-14
3960.0744665861	1.238052E-14
3960.6945743561	1.265563E-14
3961.3146821261	1.266926E-14
3961.934789896	1.253548E-14
3962.554897666	1.251552E-14
3963.175005436	1.238089E-14
3963.7951132059	1.245432E-14
3964.4152209759	1.230382E-14
3965.0353287459	1.20693E-14
3965.6554365158	1.229185E-14
3966.2755442858	1.240052E-14
3966.8956520558	1.228707E-14
3967.5157598257	1.213438E-14
3968.1358675957	1.19758E-14
3968.7559753657	1.217958E-14
3969.3760831356	1.231934E-14
3969.9961909056	1.200415E-14
3970.6162986756	1.188967E-14
3971.2364064455	1.207093E-14
3971.8565142155	1.210351E-14
3972.4766219855	1.210953E-14
3973.0967297554	1.222767E-14
3973.7168375254	1.19593E-14
3974.3369452953	1.209825E-14
3974.9570530653	1.227413E-14
3975.5771608353	1.208861E-14
3976.1972686052	1.23109E-14
3976.8173763752	1.246548E-14
3977.4374841452	1.233421E-14
3978.0575919151	1.241139E-14
3978.6776996851	1.240528E-14
3979.2978074551	1.251876E-14
3979.917915225	1.253386E-14
3980.538022995	1.226383E-14
3981.158130765	1.227784E-14
3981.7782385349	1.219305E-14
3982.3983463049	1.217678E-14
3983.0184540749	1.189087E-14
3983.6385618448	1.22042E-14
3984.2586696148	1.200456E-14
3984.8787773848	1.197079E-14
3985.4988851547	1.167848E-14
3986.1189929247	1.203096E-14
3986.7391006947	1.209067E-14
3987.3592084646	1.199578E-14
3987.9793162346	1.192032E-14
3988.5994240046	1.217158E-14
3989.2195317745	1.213703E-14
3989.8396395445	1.250213E-14
3990.4597473145	1.224138E-14
3991.0798550844	1.212845E-14
3991.6999628544	1.22085E-14
3992.3200706244	1.229357E-14
3992.9401783943	1.25811E-14
3993.5602861643	1.251619E-14
3994.1803939343	1.258851E-14
3994.8005017042	1.26378E-14
3995.4206094742	1.261906E-14
3996.0407172442	1.270376E-14
3996.6608250141	1.268943E-14
3997.2809327841	1.271327E-14
3997.9010405541	1.270421E-14
3998.521148324	1.282184E-14
3999.141256094	1.311294E-14
3999.761363864	1.302243E-14
4000.3814716339	1.305034E-14
4001.0015794039	1.327284E-14
4001.6216871739	1.33571E-14
4002.2417949438	1.298478E-14
4002.8619027138	1.320422E-14
4003.4820104838	1.337114E-14
4004.1021182537	1.313358E-14
4004.7222260237	1.315051E-14
4005.3423337937	1.303941E-14
4005.9624415636	1.30761E-14
4006.5825493336	1.33055E-14
4007.2026571036	1.320986E-14
4007.8227648735	1.319083E-14
4008.4428726435	1.341833E-14
4009.0629804135	1.353335E-14
4009.6830881834	1.324377E-14
4010.3031959534	1.34769E-14
4010.9233037233	1.334779E-14
4011.5434114933	1.328159E-14
4012.1635192633	1.326134E-14
4012.7836270332	1.332645E-14
4013.4037348032	1.316655E-14
4014.0238425732	1.332724E-14
4014.6439503431	1.343094E-14
4015.2640581131	1.347529E-14
4015.8841658831	1.361227E-14
4016.504273653	1.323926E-14
4017.124381423	1.348848E-14
4017.744489193	1.349346E-14
4018.3645969629	1.337471E-14
4018.9847047329	1.356356E-14
4019.6048125029	1.37748E-14
4020.2249202728	1.371576E-14
4020.8450280428	1.354801E-14
4021.4651358128	1.352975E-14
4022.0852435827	1.337055E-14
4022.7053513527	1.335612E-14
4023.3254591227	1.378692E-14
4023.9455668926	1.353707E-14
4024.5656746626	1.362813E-14
4025.1857824326	1.401386E-14
4025.8058902025	1.37747E-14
4026.4259979725	1.39925E-14
4027.0461057425	1.407376E-14
4027.6662135124	1.389283E-14
4028.2863212824	1.375724E-14
4028.9064290524	1.398871E-14
4029.5265368223	1.388546E-14
4030.1466445923	1.396388E-14
4030.7667523623	1.396365E-14
4031.3868601322	1.401803E-14
4032.0069679022	1.390527E-14
4032.6270756722	1.389417E-14
4033.2471834421	1.390822E-14
4033.8672912121	1.392562E-14
4034.4873989821	1.376386E-14
4035.107506752	1.376672E-14
4035.727614522	1.398037E-14
4036.347722292	1.383207E-14
4036.9678300619	1.378534E-14
4037.5879378319	1.381921E-14
4038.2080456019	1.37992E-14
4038.8281533718	1.377727E-14
4039.4482611418	1.349586E-14
4040.0683689118	1.369308E-14
4040.6884766817	1.342573E-14
4041.3085844517	1.326005E-14
4041.9286922217	1.375294E-14
4042.5487999916	1.34675E-14
4043.1689077616	1.357729E-14
4043.7890155316	1.353443E-14
4044.4091233015	1.335233E-14
4045.0292310715	1.348505E-14
4045.6493388415	1.364731E-14
4046.2694466114	1.384379E-14
4046.8895543814	1.369211E-14
4047.5096621514	1.359025E-14
4048.1297699213	1.350493E-14
4048.7498776913	1.342447E-14
4049.3699854612	1.362682E-14
4049.9900932312	1.364139E-14
4050.6102010012	1.344198E-14
4051.2303087711	1.344493E-14
4051.8504165411	1.379396E-14
4052.4705243111	1.351803E-14
4053.090632081	1.350658E-14
4053.710739851	1.362295E-14
4054.330847621	1.36449E-14
4054.9509553909	1.346587E-14
4055.5710631609	1.3511E-14
4056.1911709309	1.356793E-14
4056.8112787008	1.359758E-14
4057.4313864708	1.377845E-14
4058.0514942408	1.359752E-14
4058.6716020107	1.326245E-14
4059.2917097807	1.335711E-14
4059.9118175507	1.361599E-14
4060.5319253206	1.34075E-14
4061.1520330906	1.328326E-14
4061.7721408606	1.351688E-14
4062.3922486305	1.341537E-14
4063.0123564005	1.349202E-14
4063.6324641705	1.350548E-14
4064.2525719404	1.358178E-14
4064.8726797104	1.372715E-14
4065.4927874804	1.347839E-14
4066.1128952503	1.353096E-14
4066.7330030203	1.363895E-14
4067.3531107903	1.316765E-14
4067.9732185602	1.318897E-14
4068.5933263302	1.305668E-14
4069.2134341002	1.355724E-14
4069.8335418701	1.325433E-14
4070.4536496401	1.30189E-14
4071.0737574101	1.325374E-14
4071.69386518	1.297884E-14
4072.31397295	1.321383E-14
4072.93408072	1.345533E-14
4073.5541884899	1.319067E-14
4074.1742962599	1.30751E-14
4074.7944040299	1.325343E-14
4075.4145117998	1.318363E-14
4076.0346195698	1.303476E-14
4076.6547273398	1.317432E-14
4077.2748351097	1.293577E-14
4077.8949428797	1.283064E-14
4078.5150506497	1.306618E-14
4079.1351584196	1.311748E-14
4079.7552661896	1.279498E-14
4080.3753739596	1.273445E-14
4080.9954817295	1.274224E-14
4081.6155894995	1.261449E-14
4082.2356972695	1.25217E-14
4082.8558050394	1.23808E-14
4083.4759128094	1.265482E-14
4084.0960205794	1.226704E-14
4084.7161283493	1.22567E-14
4085.3362361193	1.234053E-14
4085.9563438893	1.253288E-14
4086.5764516592	1.225357E-14
4087.1965594292	1.223257E-14
4087.8166671991	1.229271E-14
4088.4367749691	1.227314E-14
4089.0568827391	1.221657E-14
4089.676990509	1.222884E-14
4090.297098279	1.222404E-14
4090.917206049	1.218827E-14
4091.5373138189	1.230823E-14
4092.1574215889	1.247284E-14
4092.7775293589	1.243888E-14
4093.3976371288	1.239597E-14
4094.0177448988	1.276723E-14
4094.6378526688	1.244326E-14
4095.2579604387	1.248891E-14
4095.8780682087	1.258264E-14
4096.4981759787	1.246079E-14
4097.1182837486	1.250964E-14
4097.7383915186	1.250519E-14
4098.3584992886	1.258478E-14
4098.9786070585	1.267557E-14
4099.5987148285	1.211898E-14
4100.2188225985	1.237472E-14
4100.8389303684	1.21854E-14
4101.4590381384	1.198845E-14
4102.0791459084	1.230612E-14
4102.6992536783	1.260024E-14
4103.3193614483	1.251123E-14
4103.9394692183	1.248114E-14
4104.5595769882	1.206104E-14
4105.1796847582	1.215773E-14
4105.7997925282	1.217655E-14
4106.4199002981	1.232131E-14
4107.0400080681	1.229704E-14
4107.6601158381	1.211959E-14
4108.280223608	1.232408E-14
4108.900331378	1.225611E-14
4109.520439148	1.228346E-14
4110.1405469179	1.246116E-14
4110.7606546879	1.231894E-14
4111.3807624579	1.239326E-14
4112.0008702278	1.237008E-14
4112.6209779978	1.214409E-14
4113.2410857678	1.213713E-14
4113.8611935377	1.222556E-14
4114.4813013077	1.210647E-14
4115.1014090777	1.195824E-14
4115.7215168476	1.218268E-14
4116.3416246176	1.194357E-14
4116.9617323876	1.204511E-14
4117.5818401575	1.178639E-14
4118.2019479275	1.202032E-14
4118.8220556975	1.171283E-14
4119.4421634674	1.185732E-14
4120.0622712374	1.189436E-14
4120.6823790074	1.183569E-14
4121.3024867773	1.192099E-14
4121.9225945473	1.186377E-14
4122.5427023173	1.205354E-14
4123.1628100872	1.239017E-14
4123.7829178572	1.244151E-14
4124.4030256272	1.241785E-14
4125.0231333971	1.229892E-14
4125.6432411671	1.206069E-14
4126.263348937	1.221552E-14
4126.883456707	1.240296E-14
4127.503564477	1.239673E-14
4128.1236722469	1.250826E-14
4128.7437800169	1.253651E-14
4129.3638877869	1.265511E-14
4129.9839955568	1.277026E-14
4130.6041033268	1.283665E-14
4131.2242110968	1.281959E-14
4131.8443188667	1.263667E-14
4132.4644266367	1.268379E-14
4133.0845344067	1.2714E-14
4133.7046421766	1.265237E-14
4134.3247499466	1.286202E-14
4134.9448577166	1.293286E-14
4135.5649654865	1.297441E-14
4136.1850732565	1.305148E-14
4136.8051810265	1.327003E-14
4137.4252887964	1.31294E-14
4138.0453965664	1.287078E-14
4138.6655043364	1.285316E-14
4139.2856121063	1.302311E-14
4139.9057198763	1.318551E-14
4140.5258276463	1.285056E-14
4141.1459354162	1.304549E-14
4141.7660431862	1.301192E-14
4142.3861509562	1.299059E-14
4143.0062587261	1.29604E-14
4143.6263664961	1.284984E-14
4144.2464742661	1.307635E-14
4144.866582036	1.309031E-14
4145.486689806	1.310867E-14
4146.106797576	1.282877E-14
4146.7269053459	1.285249E-14
4147.3470131159	1.234507E-14
4147.9671208859	1.286597E-14
4148.5872286558	1.301097E-14
4149.2073364258	1.310125E-14
4149.8274441958	1.313432E-14
4150.4475519657	1.301343E-14
4151.0676597357	1.308756E-14
4151.6877675057	1.334708E-14
4152.3078752756	1.301527E-14
4152.9279830456	1.269088E-14
4153.5480908156	1.306217E-14
4154.1681985855	1.330452E-14
4154.7883063555	1.311424E-14
4155.4084141255	1.30324E-14
4156.0285218954	1.280523E-14
4156.6486296654	1.312451E-14
4157.2687374354	1.304822E-14
4157.8888452053	1.319288E-14
4158.5089529753	1.308414E-14
4159.1290607453	1.32596E-14
4159.7491685152	1.340522E-14
4160.3692762852	1.332675E-14
4160.9893840552	1.341599E-14
4161.6094918251	1.326445E-14
4162.2295995951	1.308274E-14
4162.8497073651	1.316672E-14
4163.469815135	1.313316E-14
4164.089922905	1.326327E-14
4164.710030675	1.336115E-14
4165.3301384449	1.33997E-14
4165.9502462149	1.339051E-14
4166.5703539848	1.343892E-14
4167.1904617548	1.313066E-14
4167.8105695248	1.318566E-14
4168.4306772947	1.340009E-14
4169.0507850647	1.340598E-14
4169.6708928347	1.33287E-14
4170.2910006046	1.321183E-14
4170.9111083746	1.327025E-14
4171.5312161446	1.332735E-14
4172.1513239145	1.324538E-14
4172.7714316845	1.337079E-14
4173.3915394545	1.338258E-14
4174.0116472244	1.323471E-14
4174.6317549944	1.334665E-14
4175.2518627644	1.344341E-14
4175.8719705343	1.318778E-14
4176.4920783043	1.333747E-14
4177.1121860743	1.342912E-14
4177.7322938442	1.339893E-14
4178.3524016142	1.320217E-14
4178.9725093842	1.329207E-14
4179.5926171541	1.343972E-14
4180.2127249241	1.329885E-14
4180.8328326941	1.336612E-14
4181.452940464	1.331629E-14
4182.073048234	1.344772E-14
4182.693156004	1.350301E-14
4183.3132637739	1.325641E-14
4183.9333715439	1.325862E-14
4184.5534793139	1.326672E-14
4185.1735870838	1.317512E-14
4185.7936948538	1.352445E-14
4186.4138026238	1.333394E-14
4187.0339103937	1.324297E-14
4187.6540181637	1.340038E-14
4188.2741259337	1.325466E-14
4188.8942337036	1.33152E-14
4189.5143414736	1.338326E-14
4190.1344492436	1.308837E-14
4190.7545570135	1.30569E-14
4191.3746647835	1.322114E-14
4191.9947725535	1.334451E-14
4192.6148803234	1.329009E-14
4193.2349880934	1.30251E-14
4193.8550958634	1.32189E-14
4194.4752036333	1.326307E-14
4195.0953114033	1.322634E-14
4195.7154191733	1.353417E-14
4196.3355269432	1.337377E-14
4196.9556347132	1.347141E-14
4197.5757424832	1.346114E-14
4198.1958502531	1.339787E-14
4198.8159580231	1.317817E-14
4199.4360657931	1.333442E-14
4200.056173563	1.342316E-14
4200.676281333	1.341771E-14
4201.296389103	1.327692E-14
4201.9164968729	1.314069E-14
4202.5366046429	1.324006E-14
4203.1567124128	1.322495E-14
4203.7768201828	1.337376E-14
4204.3969279528	1.340165E-14
4205.0170357227	1.336139E-14
4205.6371434927	1.323189E-14
4206.2572512627	1.323306E-14
4206.8773590326	1.343889E-14
4207.4974668026	1.336122E-14
4208.1175745726	1.342068E-14
4208.7376823425	1.345536E-14
4209.3577901125	1.339391E-14
4209.9778978825	1.346416E-14
4210.5980056524	1.330122E-14
4211.2181134224	1.354581E-14
4211.8382211924	1.331946E-14
4212.4583289623	1.335773E-14
4213.0784367323	1.352436E-14
4213.6985445023	1.321562E-14
4214.3186522722	1.324549E-14
4214.9387600422	1.355989E-14
4215.5588678122	1.317384E-14
4216.1789755821	1.34144E-14
4216.7990833521	1.333081E-14
4217.4191911221	1.328599E-14
4218.039298892	1.3219E-14
4218.659406662	1.33306E-14
4219.279514432	1.318164E-14
4219.8996222019	1.325636E-14
4220.5197299719	1.32651E-14
4221.1398377419	1.317825E-14
4221.7599455118	1.316048E-14
4222.3800532818	1.298824E-14
4223.0001610518	1.316273E-14
4223.6202688217	1.323451E-14
4224.2403765917	1.295619E-14
4224.8604843617	1.329684E-14
4225.4805921316	1.297494E-14
4226.1006999016	1.294631E-14
4226.7208076716	1.29811E-14
4227.3409154415	1.32749E-14
4227.9610232115	1.308208E-14
4228.5811309815	1.314844E-14
4229.2012387514	1.321712E-14
4229.8213465214	1.330481E-14
4230.4414542914	1.316996E-14
4231.0615620613	1.302203E-14
4231.6816698313	1.286819E-14
4232.3017776013	1.318761E-14
4232.9218853712	1.306503E-14
4233.5419931412	1.292E-14
4234.1621009112	1.302512E-14
4234.7822086811	1.307925E-14
4235.4023164511	1.317592E-14
4236.0224242211	1.300715E-14
4236.642531991	1.297727E-14
4237.262639761	1.331547E-14
4237.882747531	1.310814E-14
4238.5028553009	1.29281E-14
4239.1229630709	1.30404E-14
4239.7430708409	1.299272E-14
4240.3631786108	1.293419E-14
4240.9832863808	1.308597E-14
4241.6033941507	1.267998E-14
4242.2235019207	1.298264E-14
4242.8436096907	1.298817E-14
4243.4637174606	1.290345E-14
4244.0838252306	1.280488E-14
4244.7039330006	1.289152E-14
4245.3240407705	1.253011E-14
4245.9441485405	1.292646E-14
4246.5642563105	1.274764E-14
4247.1843640804	1.275751E-14
4247.8044718504	1.273951E-14
4248.4245796204	1.267859E-14
4249.0446873903	1.27177E-14
4249.6647951603	1.260483E-14
4250.2849029303	1.287238E-14
4250.9050107002	1.290283E-14
4251.5251184702	1.281771E-14
4252.1452262402	1.278026E-14
4252.7653340101	1.290869E-14
4253.3854417801	1.290541E-14
4254.0055495501	1.277047E-14
4254.62565732	1.284766E-14
4255.24576509	1.274815E-14
4255.86587286	1.272092E-14
4256.4859806299	1.274989E-14
4257.1060883999	1.253991E-14
4257.7261961699	1.289291E-14
4258.3463039398	1.289612E-14
4258.9664117098	1.280589E-14
4259.5865194798	1.278285E-14
4260.2066272497	1.268422E-14
4260.8267350197	1.272321E-14
4261.4468427897	1.263909E-14
4262.0669505596	1.271153E-14
4262.6870583296	1.258833E-14
4263.3071660996	1.236429E-14
4263.9272738695	1.283235E-14
4264.5473816395	1.262541E-14
4265.1674894095	1.238614E-14
4265.7875971794	1.286927E-14
4266.4077049494	1.271884E-14
4267.0278127194	1.287549E-14
4267.6479204893	1.26619E-14
4268.2680282593	1.267675E-14
4268.8881360293	1.264299E-14
4269.5082437992	1.265751E-14
4270.1283515692	1.246522E-14
4270.7484593392	1.26978E-14
4271.3685671091	1.27629E-14
4271.9886748791	1.264903E-14
4272.6087826491	1.245858E-14
4273.228890419	1.258717E-14
4273.848998189	1.276607E-14
4274.469105959	1.268568E-14
4275.0892137289	1.265472E-14
4275.7093214989	1.253976E-14
4276.3294292689	1.257923E-14
4276.9495370388	1.249184E-14
4277.5696448088	1.248913E-14
4278.1897525788	1.251123E-14
4278.8098603487	1.243464E-14
4279.4299681187	1.25936E-14
4280.0500758886	1.244918E-14
4280.6701836586	1.240809E-14
4281.2902914286	1.247788E-14
4281.9103991985	1.248361E-14
4282.5305069685	1.252372E-14
4283.1506147385	1.249928E-14
4283.7707225084	1.263115E-14
4284.3908302784	1.236099E-14
4285.0109380484	1.231996E-14
4285.6310458183	1.228546E-14
4286.2511535883	1.239394E-14
4286.8712613583	1.23433E-14
4287.4913691282	1.244137E-14
4288.1114768982	1.262016E-14
4288.7315846682	1.243588E-14
4289.3516924381	1.248423E-14
4289.9718002081	1.227953E-14
4290.5919079781	1.237749E-14
4291.212015748	1.236836E-14
4291.832123518	1.224256E-14
4292.452231288	1.222385E-14
4293.0723390579	1.232247E-14
4293.6924468279	1.22792E-14
4294.3125545979	1.214111E-14
4294.9326623678	1.208907E-14
4295.5527701378	1.212936E-14
4296.1728779078	1.222239E-14
4296.7929856777	1.201074E-14
4297.4130934477	1.19742E-14
4298.0332012177	1.22252E-14
4298.6533089876	1.21127E-14
4299.2734167576	1.217693E-14
4299.8935245276	1.209185E-14
4300.5136322975	1.183708E-14
4301.1337400675	1.181237E-14
4301.7538478375	1.182321E-14
4302.3739556074	1.203491E-14
4302.9940633774	1.181493E-14
4303.6141711474	1.182639E-14
4304.2342789173	1.21259E-14
4304.8543866873	1.208053E-14
4305.4744944573	1.168243E-14
4306.0946022272	1.185743E-14
4306.7147099972	1.202038E-14
4307.3348177672	1.173958E-14
4307.9549255371	1.181435E-14
4308.5750333071	1.166665E-14
4309.1951410771	1.170633E-14
4309.815248847	1.181502E-14
4310.435356617	1.167759E-14
4311.055464387	1.158313E-14
4311.6755721569	1.156861E-14
4312.2956799269	1.152149E-14
4312.9157876969	1.16699E-14
4313.5358954668	1.148368E-14
4314.1560032368	1.129467E-14
4314.7761110068	1.152779E-14
4315.3962187767	1.129205E-14
4316.0163265467	1.141541E-14
4316.6364343166	1.145918E-14
4317.2565420866	1.144896E-14
4317.8766498566	1.127794E-14
4318.4967576265	1.111105E-14
4319.1168653965	1.091997E-14
4319.7369731665	1.123652E-14
4320.3570809364	1.12476E-14
4320.9771887064	1.116089E-14
4321.5972964764	1.099887E-14
4322.2174042463	1.093309E-14
4322.8375120163	1.077463E-14
4323.4576197863	1.101975E-14
4324.0777275562	1.081403E-14
4324.6978353262	1.07967E-14
4325.3179430962	1.090847E-14
4325.9380508661	1.083605E-14
4326.5581586361	1.099587E-14
4327.1782664061	1.095401E-14
4327.798374176	1.099359E-14
4328.418481946	1.092475E-14
4329.038589716	1.105362E-14
4329.6586974859	1.125089E-14
4330.2788052559	1.109591E-14
4330.8989130259	1.118086E-14
4331.5190207958	1.134365E-14
4332.1391285658	1.106857E-14
4332.7592363358	1.11736E-14
4333.3793441057	1.147105E-14
4333.9994518757	1.151588E-14
4334.6195596457	1.124793E-14
4335.2396674156	1.13007E-14
4335.8597751856	1.105717E-14
4336.4798829556	1.092091E-14
4337.0999907255	1.119378E-14
4337.7200984955	1.106164E-14
4338.3402062655	1.110666E-14
4338.9603140354	1.103125E-14
4339.5804218054	1.09475E-14
4340.2005295754	1.107521E-14
4340.8206373453	1.097459E-14
4341.4407451153	1.086496E-14
4342.0608528853	1.084394E-14
4342.6809606552	1.102599E-14
4343.3010684252	1.104398E-14
4343.9211761952	1.118543E-14
4344.5412839651	1.089046E-14
4345.1613917351	1.097069E-14
4345.7814995051	1.127191E-14
4346.401607275	1.109374E-14
4347.021715045	1.121609E-14
4347.641822815	1.115982E-14
4348.2619305849	1.114646E-14
4348.8820383549	1.122292E-14
4349.5021461249	1.114338E-14
4350.1222538948	1.129868E-14
4350.7423616648	1.116529E-14
4351.3624694348	1.098271E-14
4351.9825772047	1.091139E-14
4352.6026849747	1.110468E-14
4353.2227927447	1.123375E-14
4353.8429005146	1.088601E-14
4354.4630082846	1.099327E-14
4355.0831160546	1.099094E-14
4355.7032238245	1.103815E-14
4356.3233315945	1.105647E-14
4356.9434393644	1.098812E-14
4357.5635471344	1.084574E-14
4358.1836549044	1.100762E-14
4358.8037626743	1.11058E-14
4359.4238704443	1.114254E-14
4360.0439782143	1.096405E-14
4360.6640859842	1.095883E-14
4361.2841937542	1.110853E-14
4361.9043015242	1.123531E-14
4362.5244092941	1.120881E-14
4363.1445170641	1.102381E-14
4363.7646248341	1.106605E-14
4364.384732604	1.121932E-14
4365.004840374	1.117841E-14
4365.624948144	1.102487E-14
4366.2450559139	1.104516E-14
4366.8651636839	1.110441E-14
4367.4852714539	1.117555E-14
4368.1053792238	1.109083E-14
4368.7254869938	1.122528E-14
4369.3455947638	1.1231E-14
4369.9657025337	1.126381E-14
4370.5858103037	1.131991E-14
4371.2059180737	1.128538E-14
4371.8260258436	1.131767E-14
4372.4461336136	1.122633E-14
4373.0662413836	1.119982E-14
4373.6863491535	1.137122E-14
4374.3064569235	1.121649E-14
4374.9265646935	1.163458E-14
4375.5466724634	1.152247E-14
4376.1667802334	1.154291E-14
4376.7868880034	1.153508E-14
4377.4069957733	1.165792E-14
4378.0271035433	1.158459E-14
4378.6472113133	1.15048E-14
4379.2673190832	1.161046E-14
4379.8874268532	1.151475E-14
4380.5075346232	1.152647E-14
4381.1276423931	1.160271E-14
4381.7477501631	1.162454E-14
4382.3678579331	1.144343E-14
4382.987965703	1.148305E-14
4383.608073473	1.157108E-14
4384.228181243	1.165074E-14
4384.8482890129	1.16542E-14
4385.4683967829	1.161328E-14
4386.0885045529	1.175082E-14
4386.7086123228	1.147879E-14
4387.3287200928	1.148747E-14
4387.9488278628	1.166419E-14
4388.5689356327	1.158444E-14
4389.1890434027	1.142349E-14
4389.8091511727	1.134956E-14
4390.4292589426	1.133094E-14
4391.0493667126	1.146444E-14
4391.6694744826	1.155984E-14
4392.2895822525	1.151854E-14
4392.9096900225	1.151041E-14
4393.5297977924	1.162233E-14
4394.1499055624	1.160975E-14
4394.7700133324	1.139815E-14
4395.3901211023	1.133594E-14
4396.0102288723	1.145394E-14
4396.6303366423	1.140578E-14
4397.2504444122	1.155164E-14
4397.8705521822	1.147701E-14
4398.4906599522	1.156451E-14
4399.1107677221	1.128434E-14
4399.7308754921	1.126282E-14
4400.3509832621	1.144806E-14
4400.971091032	1.144101E-14
4401.591198802	1.143867E-14
4402.211306572	1.15596E-14
4402.8314143419	1.16024E-14
4403.4515221119	1.141268E-14
4404.0716298819	1.128809E-14
4404.6917376518	1.146787E-14
4405.3118454218	1.146754E-14
4405.9319531918	1.147111E-14
4406.5520609617	1.131035E-14
4407.1721687317	1.142807E-14
4407.7922765017	1.137585E-14
4408.4123842716	1.144842E-14
4409.0324920416	1.150471E-14
4409.6525998116	1.141766E-14
4410.2727075815	1.144507E-14
4410.8928153515	1.144454E-14
4411.5129231215	1.14478E-14
4412.1330308914	1.145717E-14
4412.7531386614	1.150624E-14
4413.3732464314	1.160871E-14
4413.9933542013	1.161246E-14
4414.6134619713	1.172372E-14
4415.2335697413	1.157792E-14
4415.8536775112	1.130406E-14
4416.4737852812	1.13135E-14
4417.0938930512	1.132651E-14
4417.7140008211	1.147976E-14
4418.3341085911	1.15439E-14
4418.9542163611	1.151416E-14
4419.574324131	1.151413E-14
4420.194431901	1.164267E-14
4420.814539671	1.148497E-14
4421.4346474409	1.139352E-14
4422.0547552109	1.137848E-14
4422.6748629809	1.152153E-14
4423.2949707508	1.148831E-14
4423.9150785208	1.125134E-14
4424.5351862908	1.159031E-14
4425.1552940607	1.154801E-14
4425.7754018307	1.14926E-14
4426.3955096007	1.152732E-14
4427.0156173706	1.13307E-14
4427.6357251406	1.155644E-14
4428.2558329106	1.132861E-14
4428.8759406805	1.132975E-14
4429.4960484505	1.140886E-14
4430.1161562205	1.139291E-14
4430.7362639904	1.136682E-14
4431.3563717604	1.150444E-14
4431.9764795304	1.136989E-14
4432.5965873003	1.172178E-14
4433.2166950703	1.155735E-14
4433.8368028402	1.111744E-14
4434.4569106102	1.156131E-14
4435.0770183802	1.152473E-14
4435.6971261501	1.147482E-14
4436.3172339201	1.151483E-14
4436.9373416901	1.142457E-14
4437.55744946	1.157383E-14
4438.17755723	1.153599E-14
4438.797665	1.145436E-14
4439.4177727699	1.147509E-14
4440.0378805399	1.144357E-14
4440.6579883099	1.162477E-14
4441.2780960798	1.163643E-14
4441.8982038498	1.138542E-14
4442.5183116198	1.142542E-14
4443.1384193897	1.148731E-14
4443.7585271597	1.150637E-14
4444.3786349297	1.145118E-14
4444.9987426996	1.142887E-14
4445.6188504696	1.122647E-14
4446.2389582396	1.124607E-14
4446.8590660095	1.120303E-14
4447.4791737795	1.128873E-14
4448.0992815495	1.139789E-14
4448.7193893194	1.116434E-14
4449.3394970894	1.136723E-14
4449.9596048594	1.14373E-14
4450.5797126293	1.12513E-14
4451.1998203993	1.125296E-14
4451.8199281693	1.124262E-14
4452.4400359392	1.113336E-14
4453.0601437092	1.131741E-14
4453.6802514792	1.137185E-14
4454.3003592491	1.131563E-14
4454.9204670191	1.09421E-14
4455.5405747891	1.107983E-14
4456.160682559	1.115118E-14
4456.780790329	1.119888E-14
4457.400898099	1.127324E-14
4458.0210058689	1.139028E-14
4458.6411136389	1.113343E-14
4459.2612214089	1.11264E-14
4459.8813291788	1.123455E-14
4460.5014369488	1.145082E-14
4461.1215447188	1.163203E-14
4461.7416524887	1.118448E-14
4462.3617602587	1.145502E-14
4462.9818680287	1.13437E-14
4463.6019757986	1.124835E-14
4464.2220835686	1.140485E-14
4464.8421913386	1.145623E-14
4465.4622991085	1.138789E-14
4466.0824068785	1.137024E-14
4466.7025146485	1.126067E-14
4467.3226224184	1.133359E-14
4467.9427301884	1.141215E-14
4468.5628379584	1.135263E-14
4469.1829457283	1.142884E-14
4469.8030534983	1.130201E-14
4470.4231612683	1.14159E-14
4471.0432690382	1.160154E-14
4471.6633768082	1.127105E-14
4472.2834845781	1.143119E-14
4472.9035923481	1.134438E-14
4473.5237001181	1.137211E-14
4474.143807888	1.140222E-14
4474.763915658	1.139974E-14
4475.384023428	1.146698E-14
4476.0041311979	1.159031E-14
4476.6242389679	1.147131E-14
4477.2443467379	1.133864E-14
4477.8644545078	1.129726E-14
4478.4845622778	1.153199E-14
4479.1046700478	1.146367E-14
4479.7247778177	1.147182E-14
4480.3448855877	1.139738E-14
4480.9649933577	1.137013E-14
4481.5851011276	1.148659E-14
4482.2052088976	1.144902E-14
4482.8253166676	1.14205E-14
4483.4454244375	1.137987E-14
4484.0655322075	1.144658E-14
4484.6856399775	1.144413E-14
4485.3057477474	1.135973E-14
4485.9258555174	1.122297E-14
4486.5459632874	1.107033E-14
4487.1660710573	1.109692E-14
4487.7861788273	1.137818E-14
4488.4062865973	1.127161E-14
4489.0263943672	1.121635E-14
4489.6465021372	1.142529E-14
4490.2666099072	1.126735E-14
4490.8867176771	1.131053E-14
4491.5068254471	1.148584E-14
4492.1269332171	1.122631E-14
4492.747040987	1.145001E-14
4493.367148757	1.128308E-14
4493.987256527	1.128719E-14
4494.6073642969	1.139184E-14
4495.2274720669	1.132115E-14
4495.8475798369	1.118837E-14
4496.4676876068	1.132366E-14
4497.0877953768	1.129885E-14
4497.7079031468	1.102298E-14
4498.3280109167	1.13684E-14
4498.9481186867	1.117008E-14
4499.5682264567	1.129197E-14
4500.1883342266	1.127935E-14
4500.8084419966	1.114425E-14
4501.4285497666	1.142245E-14
4502.0486575365	1.152655E-14
4502.6687653065	1.156982E-14
4503.2888730765	1.129749E-14
4503.9089808464	1.12984E-14
4504.5290886164	1.14247E-14
4505.1491963864	1.154472E-14
4505.7693041563	1.162319E-14
4506.3894119263	1.141283E-14
4507.0095196963	1.144166E-14
4507.6296274662	1.142182E-14
4508.2497352362	1.147597E-14
4508.8698430062	1.149707E-14
4509.4899507761	1.148279E-14
4510.1100585461	1.147609E-14
4510.730166316	1.131535E-14
4511.350274086	1.129873E-14
4511.970381856	1.133786E-14
4512.5904896259	1.142979E-14
4513.2105973959	1.157128E-14
4513.8307051659	1.154432E-14
4514.4508129358	1.148835E-14
4515.0709207058	1.151855E-14
4515.6910284758	1.144652E-14
4516.3111362457	1.150556E-14
4516.9312440157	1.133844E-14
4517.5513517857	1.142994E-14
4518.1714595556	1.139157E-14
4518.7915673256	1.163832E-14
4519.4116750956	1.172167E-14
4520.0317828655	1.151098E-14
4520.6518906355	1.14673E-14
4521.2719984055	1.132288E-14
4521.8921061754	1.151804E-14
4522.5122139454	1.155434E-14
4523.1323217154	1.152748E-14
4523.7524294853	1.143239E-14
4524.3725372553	1.149367E-14
4524.9926450253	1.150881E-14
4525.6127527952	1.137173E-14
4526.2328605652	1.148752E-14
4526.8529683352	1.151608E-14
4527.4730761051	1.145149E-14
4528.0931838751	1.165182E-14
4528.7132916451	1.148042E-14
4529.333399415	1.13055E-14
4529.953507185	1.138113E-14
4530.573614955	1.143809E-14
4531.1937227249	1.16468E-14
4531.8138304949	1.137886E-14
4532.4339382649	1.14109E-14
4533.0540460348	1.157801E-14
4533.6741538048	1.146204E-14
4534.2942615748	1.145816E-14
4534.9143693447	1.149403E-14
4535.5344771147	1.141122E-14
4536.1545848847	1.142335E-14
4536.7746926546	1.155195E-14
4537.3948004246	1.168081E-14
4538.0149081946	1.169086E-14
4538.6350159645	1.171133E-14
4539.2551237345	1.156588E-14
4539.8752315045	1.179409E-14
4540.4953392744	1.160135E-14
4541.1154470444	1.139426E-14
4541.7355548144	1.127504E-14
4542.3556625843	1.157957E-14
4542.9757703543	1.149701E-14
4543.5958781243	1.139764E-14
4544.2159858942	1.161731E-14
4544.8360936642	1.162937E-14
4545.4562014342	1.154005E-14
4546.0763092041	1.157026E-14
4546.6964169741	1.150757E-14
4547.3165247441	1.142138E-14
4547.936632514	1.138304E-14
4548.556740284	1.138017E-14
4549.1768480539	1.146922E-14
4549.7969558239	1.145581E-14
4550.4170635939	1.141052E-14
4551.0371713638	1.122251E-14
4551.6572791338	1.126937E-14
4552.2773869038	1.142764E-14
4552.8974946737	1.131784E-14
4553.5176024437	1.131928E-14
4554.1377102137	1.139399E-14
4554.7578179836	1.146448E-14
4555.3779257536	1.15177E-14
4555.9980335236	1.144128E-14
4556.6181412935	1.138525E-14
4557.2382490635	1.148646E-14
4557.8583568335	1.142371E-14
4558.4784646034	1.145953E-14
4559.0985723734	1.138336E-14
4559.7186801434	1.13521E-14
4560.3387879133	1.157584E-14
4560.9588956833	1.149982E-14
4561.5790034533	1.153168E-14
4562.1991112232	1.13955E-14
4562.8192189932	1.160536E-14
4563.4393267632	1.152535E-14
4564.0594345331	1.171902E-14
4564.6795423031	1.117885E-14
4565.2996500731	1.130336E-14
4565.919757843	1.129367E-14
4566.539865613	1.15629E-14
4567.159973383	1.140446E-14
4567.7800811529	1.132254E-14
4568.4001889229	1.122041E-14
4569.0202966929	1.114776E-14
4569.6404044628	1.120734E-14
4570.2605122328	1.134217E-14
4570.8806200028	1.118185E-14
4571.5007277727	1.123995E-14
4572.1208355427	1.128493E-14
4572.7409433127	1.118935E-14
4573.3610510826	1.131437E-14
4573.9811588526	1.122113E-14
4574.6012666226	1.132115E-14
4575.2213743925	1.154008E-14
4575.8414821625	1.128427E-14
4576.4615899325	1.147615E-14
4577.0816977024	1.153017E-14
4577.7018054724	1.130623E-14
4578.3219132424	1.152167E-14
4578.9420210123	1.12837E-14
4579.5621287823	1.130218E-14
4580.1822365523	1.154856E-14
4580.8023443222	1.137909E-14
4581.4224520922	1.142339E-14
4582.0425598622	1.118839E-14
4582.6626676321	1.118114E-14
4583.2827754021	1.155855E-14
4583.9028831721	1.133168E-14
4584.522990942	1.124368E-14
4585.143098712	1.130007E-14
4585.7632064819	1.147872E-14
4586.3833142519	1.125766E-14
4587.0034220219	1.143214E-14
4587.6235297918	1.129211E-14
4588.2436375618	1.136479E-14
4588.8637453318	1.108968E-14
4589.4838531017	1.123096E-14
4590.1039608717	1.129977E-14
4590.7240686417	1.087418E-14
4591.3441764116	1.129289E-14
4591.9642841816	1.122969E-14
4592.5843919516	1.120147E-14
4593.2044997215	1.149827E-14
4593.8246074915	1.135337E-14
4594.4447152615	1.116749E-14
4595.0648230314	1.131672E-14
4595.6849308014	1.115759E-14
4596.3050385714	1.130722E-14
4596.9251463413	1.107334E-14
4597.5452541113	1.111469E-14
4598.1653618813	1.133765E-14
4598.7854696512	1.136208E-14
4599.4055774212	1.123057E-14
4600.0256851912	1.110729E-14
4600.6457929611	1.113045E-14
4601.2659007311	1.101278E-14
4601.8860085011	1.123316E-14
4602.506116271	1.124699E-14
4603.126224041	1.118359E-14
4603.746331811	1.105909E-14
4604.3664395809	1.097453E-14
4604.9865473509	1.112891E-14
4605.6066551209	1.124821E-14
4606.2267628908	1.124317E-14
4606.8468706608	1.133906E-14
4607.4669784308	1.118188E-14
4608.0870862007	1.118949E-14
4608.7071939707	1.12383E-14
4609.3273017407	1.09268E-14
4609.9474095106	1.113254E-14
4610.5675172806	1.107053E-14
4611.1876250506	1.114142E-14
4611.8077328205	1.111969E-14
4612.4278405905	1.103939E-14
4613.0479483605	1.11349E-14
4613.6680561304	1.121317E-14
4614.2881639004	1.111049E-14
4614.9082716704	1.115149E-14
4615.5283794403	1.094055E-14
4616.1484872103	1.095046E-14
4616.7685949803	1.099945E-14
4617.3887027502	1.092581E-14
4618.0088105202	1.098119E-14
4618.6289182902	1.10112E-14
4619.2490260601	1.113313E-14
4619.8691338301	1.111023E-14
4620.4892416001	1.109501E-14
4621.10934937	1.08728E-14
4621.72945714	1.090224E-14
4622.34956491	1.088164E-14
4622.9696726799	1.10304E-14
4623.5897804499	1.098329E-14
4624.2098882198	1.087314E-14
4624.8299959898	1.087499E-14
4625.4501037598	1.075317E-14
4626.0702115297	1.088097E-14
4626.6903192997	1.098341E-14
4627.3104270697	1.111906E-14
4627.9305348396	1.111661E-14
4628.5506426096	1.144252E-14
4629.1707503796	1.097375E-14
4629.7908581495	1.056755E-14
4630.4109659195	1.088848E-14
4631.0310736895	1.100809E-14
4631.6511814594	1.107057E-14
4632.2712892294	1.101532E-14
4632.8913969994	1.106974E-14
4633.5115047693	1.083313E-14
4634.1316125393	1.093704E-14
4634.7517203093	1.108422E-14
4635.3718280792	1.086128E-14
4635.9919358492	1.104682E-14
4636.6120436192	1.116153E-14
4637.2321513891	1.088045E-14
4637.8522591591	1.10269E-14
4638.4723669291	1.117336E-14
4639.092474699	1.098956E-14
4639.712582469	1.07659E-14
4640.332690239	1.088452E-14
4640.9527980089	1.097327E-14
4641.5729057789	1.095111E-14
4642.1930135489	1.079528E-14
4642.8131213188	1.074941E-14
4643.4332290888	1.078706E-14
4644.0533368588	1.067645E-14
4644.6734446287	1.075448E-14
4645.2935523987	1.073002E-14
4645.9136601687	1.072956E-14
4646.5337679386	1.095988E-14
4647.1538757086	1.088219E-14
4647.7739834786	1.074892E-14
4648.3940912485	1.084944E-14
4649.0141990185	1.087365E-14
4649.6343067885	1.082971E-14
4650.2544145584	1.083684E-14
4650.8745223284	1.086963E-14
4651.4946300984	1.094735E-14
4652.1147378683	1.093324E-14
4652.7348456383	1.092822E-14
4653.3549534083	1.095505E-14
4653.9750611782	1.076057E-14
4654.5951689482	1.061854E-14
4655.2152767182	1.069429E-14
4655.8353844881	1.076221E-14
4656.4554922581	1.070121E-14
4657.0756000281	1.069544E-14
4657.695707798	1.073182E-14
4658.315815568	1.086609E-14
4658.935923338	1.073475E-14
4659.5560311079	1.083503E-14
4660.1761388779	1.061176E-14
4660.7962466479	1.068831E-14
4661.4163544178	1.07611E-14
4662.0364621878	1.070707E-14
4662.6565699577	1.071542E-14
4663.2766777277	1.046688E-14
4663.8967854977	1.07984E-14
4664.5168932676	1.041028E-14
4665.1370010376	1.05151E-14
4665.7571088076	1.060333E-14
4666.3772165775	1.06797E-14
4666.9973243475	1.058269E-14
4667.6174321175	1.057246E-14
4668.2375398874	1.061156E-14
4668.8576476574	1.059064E-14
4669.4777554274	1.064018E-14
4670.0978631973	1.07716E-14
4670.7179709673	1.047412E-14
4671.3380787373	1.042386E-14
4671.9581865072	1.082194E-14
4672.5782942772	1.082033E-14
4673.1984020472	1.078004E-14
4673.8185098171	1.081539E-14
4674.4386175871	1.052815E-14
4675.0587253571	1.050224E-14
4675.678833127	1.053114E-14
4676.298940897	1.051272E-14
4676.919048667	1.068226E-14
4677.5391564369	1.064351E-14
4678.1592642069	1.03846E-14
4678.7793719769	1.030594E-14
4679.3994797468	1.041233E-14
4680.0195875168	1.031165E-14
4680.6396952868	1.047548E-14
4681.2598030567	1.053517E-14
4681.8799108267	1.044332E-14
4682.5000185967	1.041396E-14
4683.1201263666	1.055688E-14
4683.7402341366	1.053585E-14
4684.3603419066	1.052601E-14
4684.9804496765	1.048422E-14
4685.6005574465	1.037573E-14
4686.2206652165	1.046767E-14
4686.8407729864	1.063792E-14
4687.4608807564	1.023687E-14
4688.0809885264	1.039755E-14
4688.7010962963	1.057499E-14
4689.3212040663	1.050408E-14
4689.9413118363	1.042444E-14
4690.5614196062	1.043401E-14
4691.1815273762	1.041497E-14
4691.8016351462	1.033965E-14
4692.4217429161	1.029336E-14
4693.0418506861	1.035473E-14
4693.6619584561	1.03886E-14
4694.282066226	1.049147E-14
4694.902173996	1.038524E-14
4695.522281766	1.031559E-14
4696.1423895359	1.043125E-14
4696.7624973059	1.031085E-14
4697.3826050759	1.011797E-14
4698.0027128458	1.031235E-14
4698.6228206158	1.031672E-14
4699.2429283858	1.032895E-14
4699.8630361557	1.032841E-14
4700.4831439257	1.024384E-14
4701.1032516956	1.024408E-14
4701.7233594656	1.015863E-14
4702.3434672356	1.036464E-14
4702.9635750055	1.023537E-14
4703.5836827755	1.020002E-14
4704.2037905455	1.042503E-14
4704.8238983154	1.048193E-14
4705.4440060854	1.038771E-14
4706.0641138554	1.032749E-14
4706.6842216253	1.037277E-14
4707.3043293953	1.023361E-14
4707.9244371653	1.029668E-14
4708.5445449352	1.016088E-14
4709.1646527052	1.007344E-14
4709.7847604752	1.034435E-14
4710.4048682451	1.019086E-14
4711.0249760151	1.013972E-14
4711.6450837851	1.034742E-14
4712.265191555	1.017198E-14
4712.885299325	1.017565E-14
4713.505407095	1.019332E-14
4714.1255148649	1.018091E-14
4714.7456226349	1.000098E-14
4715.3657304049	1.013862E-14
4715.9858381748	9.970847E-15
4716.6059459448	1.00206E-14
4717.2260537148	1.034548E-14
4717.8461614847	1.005108E-14
4718.4662692547	1.001758E-14
4719.0863770247	1.00051E-14
4719.7064847946	9.995169E-15
4720.3265925646	1.002929E-14
4720.9467003346	1.007499E-14
4721.5668081045	1.019128E-14
4722.1869158745	1.009095E-14
4722.8070236445	9.886151E-15
4723.4271314144	1.008397E-14
4724.0472391844	1.001584E-14
4724.6673469544	9.858476E-15
4725.2874547243	1.014836E-14
4725.9075624943	1.014593E-14
4726.5276702643	1.000629E-14
4727.1477780342	9.934827E-15
4727.7678858042	9.956223E-15
4728.3879935742	1.001778E-14
4729.0081013441	9.914015E-15
4729.6282091141	9.924378E-15
4730.2483168841	9.903667E-15
4730.868424654	9.986046E-15
4731.488532424	9.934968E-15
4732.108640194	9.851057E-15
4732.7287479639	9.991734E-15
4733.3488557339	9.859073E-15
4733.9689635039	9.962731E-15
4734.5890712738	1.000434E-14
4735.2091790438	9.800411E-15
4735.8292868138	9.853983E-15
4736.4493945837	9.81153E-15
4737.0695023537	9.868335E-15
4737.6896101237	9.928231E-15
4738.3097178936	9.710509E-15
4738.9298256636	9.810239E-15
4739.5499334335	9.897015E-15
4740.1700412035	1.014177E-14
4740.7901489735	9.896652E-15
4741.4102567434	9.798511E-15
4742.0303645134	9.845554E-15
4742.6504722834	9.870444E-15
4743.2705800533	9.945825E-15
4743.8906878233	9.981035E-15
4744.5107955933	9.711499E-15
4745.1309033632	9.737293E-15
4745.7510111332	9.699042E-15
4746.3711189032	9.842851E-15
4746.9912266731	9.870708E-15
4747.6113344431	9.907004E-15
4748.2314422131	9.863113E-15
4748.851549983	9.752523E-15
4749.471657753	9.974713E-15
4750.091765523	9.901175E-15
4750.7118732929	9.77678E-15
4751.3319810629	9.804012E-15
4751.9520888329	9.68775E-15
4752.5721966028	9.774366E-15
4753.1923043728	9.860762E-15
4753.8124121428	9.90011E-15
4754.4325199127	9.746943E-15
4755.0526276827	9.864817E-15
4755.6727354527	9.752028E-15
4756.2928432226	9.916357E-15
4756.9129509926	9.641597E-15
4757.5330587626	9.845262E-15
4758.1531665325	9.680994E-15
4758.7732743025	9.811383E-15
4759.3933820725	9.679851E-15
4760.0134898424	9.447216E-15
4760.6335976124	9.642631E-15
4761.2537053824	9.634008E-15
4761.8738131523	9.71056E-15
4762.4939209223	9.856906E-15
4763.1140286923	9.556736E-15
4763.7341364622	9.568677E-15
4764.3542442322	9.633379E-15
4764.9743520022	9.635322E-15
4765.5944597721	9.458676E-15
4766.2145675421	9.544227E-15
4766.8346753121	9.592216E-15
4767.454783082	9.260488E-15
4768.074890852	9.348247E-15
4768.694998622	9.577264E-15
4769.3151063919	9.443413E-15
4769.9352141619	9.588477E-15
4770.5553219319	9.69577E-15
4771.1754297018	9.685557E-15
4771.7955374718	9.583676E-15
4772.4156452418	9.658972E-15
4773.0357530117	9.734164E-15
4773.6558607817	9.572364E-15
4774.2759685517	9.600833E-15
4774.8960763216	9.544906E-15
4775.5161840916	9.710204E-15
4776.1362918616	9.827352E-15
4776.7563996315	9.457106E-15
4777.3765074015	9.543214E-15
4777.9966151714	9.570799E-15
4778.6167229414	9.568045E-15
4779.2368307114	9.569144E-15
4779.8569384813	9.570285E-15
4780.4770462513	9.571442E-15
4781.0971540213	9.572602E-15
4781.7172617912	9.573793E-15
4782.3373695612	9.575059E-15
4782.9574773312	9.511535E-15
4783.5775851011	9.677211E-15
4784.1976928711	9.600629E-15
4784.8178006411	9.685122E-15
4785.437908411	9.523735E-15
4786.058016181	9.252024E-15
4786.678123951	9.474992E-15
4787.2982317209	9.563708E-15
4787.9183394909	9.675319E-15
4788.5384472609	9.638347E-15
4789.1585550308	9.490861E-15
4789.7786628008	9.590736E-15
4790.3987705708	9.675155E-15
4791.0188783407	9.503096E-15
4791.6389861107	9.603444E-15
4792.2590938807	9.558079E-15
4792.8792016506	9.72639E-15
4793.4993094206	9.62972E-15
4794.1194171906	9.556883E-15
4794.7395249605	9.510795E-15
4795.3596327305	9.361193E-15
4795.9797405005	9.576733E-15
4796.5998482704	9.634564E-15
4797.2199560404	9.573403E-15
4797.8400638104	9.739342E-15
4798.4601715803	9.53352E-15
4799.0802793503	9.474071E-15
4799.7003871203	9.374628E-15
4800.3204948902	9.412498E-15
4800.9406026602	9.494638E-15
4801.5607104302	9.56636E-15
4802.1808182001	9.410472E-15
4802.8009259701	9.475519E-15
4803.4210337401	9.516541E-15
4804.04114151	9.61873E-15
4804.66124928	9.524768E-15
4805.28135705	9.365963E-15
4805.9014648199	9.516283E-15
4806.5215725899	9.515428E-15
4807.1416803599	9.427267E-15
4807.7617881298	9.381619E-15
4808.3818958998	9.403746E-15
4809.0020036698	9.42114E-15
4809.6221114397	9.337736E-15
4810.2422192097	9.540063E-15
4810.8623269797	9.250933E-15
4811.4824347496	9.659469E-15
4812.1025425196	9.321642E-15
4812.7226502896	9.308443E-15
4813.3427580595	9.318799E-15
4813.9628658295	9.513706E-15
4814.5829735995	9.324443E-15
4815.2030813694	9.275094E-15
4815.8231891394	9.271272E-15
4816.4432969093	9.334279E-15
4817.0634046793	9.230575E-15
4817.6835124493	9.136921E-15
4818.3036202192	9.21652E-15
4818.9237279892	9.296594E-15
4819.5438357592	9.12359E-15
4820.1639435291	9.285642E-15
4820.7840512991	9.371047E-15
4821.4041590691	9.309743E-15
4822.024266839	9.326948E-15
4822.644374609	9.267309E-15
4823.264482379	9.337991E-15
4823.8845901489	9.173835E-15
4824.5046979189	9.152495E-15
4825.1248056889	8.968543E-15
4825.7449134588	9.395499E-15
4826.3650212288	9.107416E-15
4826.9851289988	8.944197E-15
4827.6052367687	9.202281E-15
4828.2253445387	9.278567E-15
4828.8454523087	9.15254E-15
4829.4655600786	8.92839E-15
4830.0856678486	8.961028E-15
4830.7057756186	9.031568E-15
4831.3258833885	8.98545E-15
4831.9459911585	8.890736E-15
4832.5660989285	9.040129E-15
4833.1862066984	9.026842E-15
4833.8063144684	8.857609E-15
4834.4264222384	8.948378E-15
4835.0465300083	9.074942E-15
4835.6666377783	8.914968E-15
4836.2867455483	8.873592E-15
4836.9068533182	8.923383E-15
4837.5269610882	8.693575E-15
4838.1470688582	8.931803E-15
4838.7671766281	8.705108E-15
4839.3872843981	8.7102E-15
4840.0073921681	8.816762E-15
4840.627499938	8.906344E-15
4841.247607708	8.740702E-15
4841.867715478	8.809791E-15
4842.4878232479	8.689578E-15
4843.1079310179	8.694477E-15
4843.7280387879	8.774716E-15
4844.3481465578	8.804996E-15
4844.9682543278	8.52921E-15
4845.5883620978	8.738124E-15
4846.2084698677	8.698723E-15
4846.8285776377	8.828664E-15
4847.4486854077	8.677197E-15
4848.0687931776	8.806602E-15
4848.6889009476	8.674941E-15
4849.3090087176	8.983311E-15
4849.9291164875	9.086775E-15
4850.5492242575	9.148554E-15
4851.1693320275	9.215465E-15
4851.7894397974	9.108929E-15
4852.4095475674	9.423885E-15
4853.0296553373	9.351743E-15
4853.6497631073	9.312053E-15
4854.2698708773	9.249142E-15
4854.8899786472	9.338371E-15
4855.5100864172	9.299945E-15
4856.1301941872	9.223687E-15
4856.7503019571	9.217911E-15
4857.3704097271	9.329746E-15
4857.9905174971	9.042476E-15
4858.610625267	8.993146E-15
4859.230733037	9.188205E-15
4859.850840807	9.069888E-15
4860.4709485769	9.046992E-15
4861.0910563469	8.934137E-15
4861.7111641169	8.99217E-15
4862.3312718868	8.925019E-15
4862.9513796568	8.977966E-15
4863.5714874268	9.038458E-15
4864.1915951967	9.163762E-15
4864.8117029667	9.330536E-15
4865.4318107367	9.071778E-15
4866.0519185066	9.270743E-15
4866.6720262766	9.186438E-15
4867.2921340466	9.109242E-15
4867.9122418165	9.217607E-15
4868.5323495865	9.172937E-15
4869.1524573565	9.225577E-15
4869.7725651264	9.258133E-15
4870.3926728964	9.360253E-15
4871.0127806664	9.30611E-15
4871.6328884363	9.431142E-15
4872.2529962063	9.397162E-15
4872.8731039763	9.28378E-15
4873.4932117462	9.371346E-15
4874.1133195162	9.146268E-15
4874.7334272862	9.254927E-15
4875.3535350561	8.939171E-15
4875.9736428261	9.08095E-15
4876.5937505961	8.546833E-15
4877.213858366	8.919348E-15
4877.833966136	8.91679E-15
4878.454073906	8.925784E-15
4879.0741816759	8.624012E-15
4879.6942894459	8.85119E-15
4880.3143972159	8.846031E-15
4880.9345049858	8.708319E-15
4881.5546127558	8.687036E-15
4882.1747205258	8.815322E-15
4882.7948282957	8.788055E-15
4883.4149360657	8.751743E-15
4884.0350438357	8.655895E-15
4884.6551516056	8.610654E-15
4885.2752593756	8.738896E-15
4885.8953671456	8.729498E-15
4886.5154749155	8.73271E-15
4887.1355826855	8.845722E-15
4887.7556904555	8.924193E-15
4888.3757982254	8.842846E-15
4888.9959059954	9.102026E-15
4889.6160137654	9.03549E-15
4890.2361215353	8.944067E-15
4890.8562293053	8.978005E-15
4891.4763370753	8.901524E-15
4892.0964448452	8.93725E-15
4892.7165526152	8.930039E-15
4893.3366603851	8.950002E-15
4893.9567681551	9.019729E-15
4894.5768759251	9.033788E-15
4895.196983695	9.013952E-15
4895.817091465	8.916802E-15
4896.437199235	8.952017E-15
4897.0573070049	9.017891E-15
4897.6774147749	9.057607E-15
4898.2975225449	9.048725E-15
4898.9176303148	9.097322E-15
4899.5377380848	9.264259E-15
4900.1578458548	9.256862E-15
4900.7779536247	8.909916E-15
4901.3980613947	9.005255E-15
4902.0181691647	8.998986E-15
4902.6382769346	9.102055E-15
4903.2583847046	9.164797E-15
4903.8784924746	8.940002E-15
4904.4986002445	8.899744E-15
4905.1187080145	9.110206E-15
4905.7388157845	8.970137E-15
4906.3589235544	9.081179E-15
4906.9790313244	9.060125E-15
4907.5991390944	9.063867E-15
4908.2192468643	8.875741E-15
4908.8393546343	9.088314E-15
4909.4594624043	8.964766E-15
4910.0795701742	8.97198E-15
4910.6996779442	8.939694E-15
4911.3197857142	9.274863E-15
4911.9398934841	9.299354E-15
4912.5600012541	9.426106E-15
4913.1801090241	9.297157E-15
4913.800216794	9.394251E-15
4914.420324564	9.31195E-15
4915.040432334	9.399098E-15
4915.6605401039	9.253918E-15
4916.2806478739	9.294598E-15
4916.9007556439	9.108532E-15
4917.5208634138	9.297893E-15
4918.1409711838	9.350381E-15
4918.7610789538	9.451638E-15
4919.3811867237	9.234822E-15
4920.0012944937	9.297361E-15
4920.6214022637	9.188321E-15
4921.2415100336	9.277118E-15
4921.8616178036	9.3542E-15
4922.4817255736	9.206385E-15
4923.1018333435	9.222901E-15
4923.7219411135	9.376457E-15
4924.3420488835	9.115596E-15
4924.9621566534	9.371689E-15
4925.5822644234	9.186179E-15
4926.2023721934	9.344029E-15
4926.8224799633	9.399266E-15
4927.4425877333	9.300601E-15
4928.0626955033	9.263925E-15
4928.6828032732	9.25143E-15
4929.3029110432	9.424724E-15
4929.9230188132	9.228401E-15
4930.5431265831	9.267174E-15
4931.1632343531	9.328421E-15
4931.783342123	9.338568E-15
4932.403449893	9.355009E-15
4933.023557663	9.454497E-15
4933.6436654329	9.282252E-15
4934.2637732029	9.298354E-15
4934.8838809729	9.384519E-15
4935.5039887428	9.302035E-15
4936.1240965128	9.41031E-15
4936.7442042828	9.28924E-15
4937.3643120527	9.247104E-15
4937.9844198227	9.100321E-15
4938.6045275927	9.185945E-15
4939.2246353626	9.051624E-15
4939.8447431326	9.299469E-15
4940.4648509026	9.179993E-15
4941.0849586725	9.12687E-15
4941.7050664425	9.229211E-15
4942.3251742125	9.240719E-15
4942.9452819824	9.128573E-15
4943.5653897524	9.170622E-15
4944.1854975224	9.113207E-15
4944.8056052923	9.197354E-15
4945.4257130623	9.216221E-15
4946.0458208323	9.157795E-15
4946.6659286022	9.232285E-15
4947.2860363722	9.128815E-15
4947.9061441422	9.197335E-15
4948.5262519121	9.146581E-15
4949.1463596821	9.109105E-15
4949.7664674521	9.291219E-15
4950.386575222	9.007219E-15
4951.006682992	9.202624E-15
4951.626790762	9.294029E-15
4952.2468985319	9.235657E-15
4952.8670063019	9.162538E-15
4953.4871140719	9.325363E-15
4954.1072218418	9.229583E-15
4954.7273296118	9.15406E-15
4955.3474373818	9.276121E-15
4955.9675451517	9.302159E-15
4956.5876529217	9.25891E-15
4957.2077606917	9.199519E-15
4957.8278684616	9.348687E-15
4958.4479762316	9.321401E-15
4959.0680840016	9.290781E-15
4959.6881917715	9.12186E-15
4960.3082995415	9.288912E-15
4960.9284073115	9.347901E-15
4961.5485150814	9.196728E-15
4962.1686228514	9.392276E-15
4962.7887306214	9.169134E-15
4963.4088383913	9.352613E-15
4964.0289461613	9.264444E-15
4964.6490539313	9.25628E-15
4965.2691617012	9.082854E-15
4965.8892694712	9.166635E-15
4966.5093772412	9.183226E-15
4967.1294850111	9.298662E-15
4967.7495927811	9.288923E-15
4968.369700551	9.291901E-15
4968.989808321	9.172361E-15
4969.609916091	9.23864E-15
4970.2300238609	9.242303E-15
4970.8501316309	9.414423E-15
4971.4702394009	9.342165E-15
4972.0903471708	8.99194E-15
4972.7104549408	9.340343E-15
4973.3305627108	8.94542E-15
4973.9506704807	9.134544E-15
4974.5707782507	9.182659E-15
4975.1908860207	9.144344E-15
4975.8109937906	9.204561E-15
4976.4311015606	9.24076E-15
4977.0512093306	9.106907E-15
4977.6713171005	9.209416E-15
4978.2914248705	9.17869E-15
4978.9115326405	9.263689E-15
4979.5316404104	9.200213E-15
4980.1517481804	9.130998E-15
4980.7718559504	9.268972E-15
4981.3919637203	9.027845E-15
4982.0120714903	9.048512E-15
4982.6321792603	9.126696E-15
4983.2522870302	9.123832E-15
4983.8723948002	9.346331E-15
4984.4925025702	9.164559E-15
4985.1126103401	9.121843E-15
4985.7327181101	9.131363E-15
4986.3528258801	9.136687E-15
4986.97293365	9.044226E-15
4987.59304142	9.237524E-15
4988.21314919	9.252266E-15
4988.8332569599	9.165E-15
4989.4533647299	9.05698E-15
4990.0734724999	9.333857E-15
4990.6935802698	9.331589E-15
4991.3136880398	9.010775E-15
4991.9337958098	9.243415E-15
4992.5539035797	9.386831E-15
4993.1740113497	9.133193E-15
4993.7941191197	9.11876E-15
4994.4142268896	9.080465E-15
4995.0343346596	9.02681E-15
4995.6544424296	9.204782E-15
4996.2745501995	9.100333E-15
4996.8946579695	9.135068E-15
4997.5147657395	9.044703E-15
4998.1348735094	9.071167E-15
4998.7549812794	8.932036E-15
4999.3750890494	9.040375E-15
4999.9951968193	9.013671E-15
5000.6153045893	9.197902E-15
5001.2354123593	9.034983E-15
5001.8555201292	9.096665E-15
5002.4756278992	9.007556E-15
5003.0957356692	9.013754E-15
5003.7158434391	9.181696E-15
5004.3359512091	9.156302E-15
5004.9560589791	9.214998E-15
5005.576166749	9.163304E-15
5006.196274519	9.265594E-15
5006.8163822889	9.244612E-15
5007.4364900589	9.330214E-15
5008.0565978289	9.279021E-15
5008.6767055988	9.054758E-15
5009.2968133688	9.283528E-15
5009.9169211388	9.159765E-15
5010.5370289087	9.28399E-15
5011.1571366787	9.33846E-15
5011.7772444487	9.115845E-15
5012.3973522186	9.254675E-15
5013.0174599886	9.249991E-15
5013.6375677586	9.016853E-15
5014.2576755285	9.129555E-15
5014.8777832985	9.13661E-15
5015.4978910685	9.021208E-15
5016.1179988384	9.233903E-15
5016.7381066084	8.85778E-15
5017.3582143784	9.150578E-15
5017.9783221483	8.931552E-15
5018.5984299183	8.960801E-15
5019.2185376883	9.103996E-15
5019.8386454582	8.979504E-15
5020.4587532282	9.208672E-15
5021.0788609982	9.176431E-15
5021.6989687681	9.005686E-15
5022.3190765381	9.098994E-15
5022.9391843081	9.02474E-15
5023.559292078	9.122373E-15
5024.179399848	9.029918E-15
5024.799507618	9.108835E-15
5025.4196153879	9.201604E-15
5026.0397231579	8.811393E-15
5026.6598309279	8.976208E-15
5027.2799386978	8.747613E-15
5027.9000464678	8.788599E-15
5028.5201542378	8.804269E-15
5029.1402620077	9.077503E-15
5029.7603697777	8.891357E-15
5030.3804775477	8.972139E-15
5031.0005853176	9.052682E-15
5031.6206930876	9.146548E-15
5032.2408008576	8.974342E-15
5032.8609086275	8.999723E-15
5033.4810163975	8.852773E-15
5034.1011241675	8.887768E-15
5034.7212319374	8.676659E-15
5035.3413397074	8.743548E-15
5035.9614474774	8.795889E-15
5036.5815552473	8.923577E-15
5037.2016630173	8.6628E-15
5037.8217707873	8.837517E-15
5038.4418785572	8.711759E-15
5039.0619863272	8.766327E-15
5039.6820940972	8.695276E-15
5040.3022018671	8.763487E-15
5040.9223096371	8.750191E-15
5041.5424174071	8.825392E-15
5042.162525177	8.672112E-15
5042.782632947	8.832661E-15
5043.402740717	8.789332E-15
5044.0228484869	8.830952E-15
5044.6429562569	8.738856E-15
5045.2630640268	8.632326E-15
5045.8831717968	8.738591E-15
5046.5032795668	8.866395E-15
5047.1233873367	8.927977E-15
5047.7434951067	8.777666E-15
5048.3636028767	8.795765E-15
5048.9837106466	8.766456E-15
5049.6038184166	8.859463E-15
5050.2239261866	8.4766E-15
5050.8440339565	8.781585E-15
5051.4641417265	8.722019E-15
5052.0842494965	8.796696E-15
5052.7043572664	8.808667E-15
5053.3244650364	8.750415E-15
5053.9445728064	8.80664E-15
5054.5646805763	8.678558E-15
5055.1847883463	8.712399E-15
5055.8048961163	8.697426E-15
5056.4250038862	8.704125E-15
5057.0451116562	8.563237E-15
5057.6652194262	8.683519E-15
5058.2853271961	8.780797E-15
5058.9054349661	8.642962E-15
5059.5255427361	8.554691E-15
5060.145650506	8.612071E-15
5060.765758276	8.543035E-15
5061.385866046	8.618876E-15
5062.0059738159	8.631579E-15
5062.6260815859	8.660216E-15
5063.2461893559	8.555743E-15
5063.8662971258	8.558727E-15
5064.4864048958	8.627611E-15
5065.1065126658	8.758524E-15
5065.7266204357	8.413007E-15
5066.3467282057	8.525611E-15
5066.9668359757	8.546008E-15
5067.5869437456	8.468031E-15
5068.2070515156	8.409762E-15
5068.8271592856	8.557786E-15
5069.4472670555	8.488397E-15
5070.0673748255	8.656074E-15
5070.6874825955	8.429841E-15
5071.3075903654	8.386794E-15
5071.9276981354	8.455417E-15
5072.5478059054	8.417603E-15
5073.1679136753	8.514497E-15
5073.7880214453	8.462317E-15
5074.4081292153	8.49358E-15
5075.0282369852	8.477765E-15
5075.6483447552	8.428428E-15
5076.2684525252	8.422936E-15
5076.8885602951	8.420282E-15
5077.5086680651	8.409086E-15
5078.1287758351	8.366594E-15
5078.748883605	8.328596E-15
5079.368991375	8.32237E-15
5079.989099145	8.243689E-15
5080.6092069149	8.165147E-15
5081.2293146849	8.086741E-15
5081.8494224549	8.008477E-15
5082.4695302248	7.930354E-15
5083.0896379948	8.165712E-15
5083.7097457648	7.881913E-15
5084.3298535347	8.037639E-15
5084.9499613047	7.995827E-15
5085.5700690746	8.11241E-15
5086.1901768446	7.920156E-15
5086.8102846146	7.863822E-15
5087.4303923845	7.98637E-15
5088.0505001545	7.860483E-15
5088.6706079245	7.649899E-15
5089.2907156944	7.772029E-15
5089.9108234644	7.688186E-15
5090.5309312344	7.700163E-15
5091.1510390043	7.722069E-15
5091.7711467743	7.396152E-15
5092.3912545443	7.307591E-15
5093.0113623142	7.4079E-15
5093.6314700842	7.197906E-15
5094.2515778542	7.19315E-15
5094.8716856241	7.123695E-15
5095.4917933941	7.098985E-15
5096.1119011641	7.083122E-15
5096.732008934	6.884525E-15
5097.352116704	6.833645E-15
5097.972224474	6.8181E-15
5098.5923322439	6.756788E-15
5099.2124400139	6.671619E-15
5099.8325477839	6.65123E-15
