3649.9826660156  2.523189E-16
3652.78351241006  2.572514E-16
3655.58435880451  2.736174E-16
3658.38520519897  2.852596E-16
3661.18605159342  2.797431E-16
3663.98689798787  2.856130E-16
3666.78774438233  2.968238E-16
3669.58859077678  3.000768E-16
3672.38943717124  3.082694E-16
3675.19028356569  2.922788E-16
3677.99112996014  2.393491E-16
3680.7919763546  2.558078E-16
3683.59282274905  3.320955E-16
3686.39366914351  3.378057E-16
3689.19451553796  3.031837E-16
3691.99536193241  2.876663E-16
3694.79620832687  3.363909E-16
3697.59705472132  3.485725E-16
3700.39790111577  2.836240E-16
3703.19874751023  2.823713E-16
3705.99959390468  3.068018E-16
3708.80044029914  3.106057E-16
3711.60128669359  3.265209E-16
3714.40213308804  3.050616E-16
3717.2029794825  3.054075E-16
3720.00382587695  3.142413E-16
3722.80467227141  2.987263E-16
3725.60551866586  3.180435E-16
3728.40636506031  2.687257E-16
3731.20721145477  2.599785E-16
3734.00805784922  2.827286E-16
3736.80890424367  2.685107E-16
3739.60975063813  3.125030E-16
3742.41059703258  3.156102E-16
3745.21144342704  3.307403E-16
3748.01228982149  3.265293E-16
3750.81313621594  2.889363E-16
3753.6139826104  2.981189E-16
3756.41482900485  3.564257E-16
3759.21567539931  3.779965E-16
3762.01652179376  3.223145E-16
3764.81736818821  3.316073E-16
3767.61821458267  3.450261E-16
3770.41906097712  3.315295E-16
3773.21990737158  3.180451E-16
3776.02075376603  3.215583E-16
3778.82160016048  2.869845E-16
3781.62244655494  3.234971E-16
3784.42329294939  2.876267E-16
3787.22413934384  3.308110E-16
3790.0249857383  3.214708E-16
3792.82583213275  2.633706E-16
3795.62667852721  2.419064E-16
3798.42752492166  3.095222E-16
3801.22837131612  2.995068E-16
3804.02921771057  3.114255E-16
3806.83006410502  2.740171E-16
3809.63091049948  2.589165E-16
3812.43175689393  2.608113E-16
3815.23260328838  2.542673E-16
3818.03344968284  2.521388E-16
3820.83429607729  2.393869E-16
3823.63514247175  2.665180E-16
3826.4359888662  3.192018E-16
3829.23683526065  2.958458E-16
3832.03768165511  2.669918E-16
3834.83852804956  2.666868E-16
3837.63937444402  2.945287E-16
3840.44022083847  3.127646E-16
3843.24106723292  2.979142E-16
3846.04191362738  2.702155E-16
3848.84276002183  3.080917E-16
3851.64360641629  2.921440E-16
3854.44445281074  3.109674E-16
3857.24529920519  2.966013E-16
3860.04614559965  2.520555E-16
3862.8469919941  2.660119E-16
3865.64783838855  3.142922E-16
3868.44868478301  3.047543E-16
3871.24953117746  2.619312E-16
3874.05037757192  2.540164E-16
3876.85122396637  2.652543E-16
3879.65207036082  2.529372E-16
3882.45291675528  2.698683E-16
3885.25376314973  2.749796E-16
3888.05460954419  2.667835E-16
3890.85545593864  2.844248E-16
3893.65630233309  3.391846E-16
3896.45714872755  3.484597E-16
3899.257995122  3.119244E-16
3902.05884151646  3.161945E-16
3904.85968791091  2.904686E-16
3907.66053430536  3.041886E-16
3910.46138069982  2.737543E-16
3913.26222709427  2.508202E-16
3916.06307348872  2.591101E-16
3918.86391988318  2.563846E-16
3921.66476627763  2.485997E-16
3924.46561267209  2.184548E-16
3927.26645906654  2.834906E-16
3930.06730546099  3.192080E-16
3932.86815185545  2.994950E-16
3935.6689982499  3.327343E-16
3938.46984464436  3.460174E-16
3941.27069103881  3.257922E-16
3944.07153743326  3.313071E-16
3946.87238382772  3.220142E-16
3949.67323022217  3.228866E-16
3952.47407661663  3.094244E-16
3955.27492301108  2.814571E-16
3958.07576940553  2.569005E-16
3960.87661579999  2.705371E-16
3963.67746219444  2.888112E-16
3966.47830858889  3.212256E-16
3969.27915498335  3.260035E-16
3972.0800013778  3.427173E-16
3974.88084777226  3.439738E-16
3977.68169416671  3.343999E-16
3980.48254056116  3.487780E-16
3983.28338695562  3.565533E-16
3986.08423335007  3.600780E-16
3988.88507974453  3.008223E-16
3991.68592613898  2.486584E-16
3994.48677253343  2.448579E-16
3997.28761892789  2.441113E-16
4000.08846532234  2.082380E-16
4002.8893117168  1.992113E-16
4005.69015811125  2.102390E-16
4008.4910045057  2.194910E-16
4011.29185090016  2.213792E-16
4014.09269729461  2.213300E-16
4016.89354368907  2.194562E-16
4019.69439008352  2.183636E-16
4022.49523647797  2.378507E-16
4025.29608287243  2.236858E-16
4028.09692926688  2.115989E-16
4030.89777566133  2.455991E-16
4033.69862205579  2.370203E-16
4036.49946845024  2.368821E-16
4039.3003148447  2.527840E-16
4042.10116123915  2.489829E-16
4044.9020076336  2.547773E-16
4047.70285402806  2.489637E-16
4050.50370042251  2.280010E-16
4053.30454681697  2.266445E-16
4056.10539321142  2.195846E-16
4058.90623960587  2.132245E-16
4061.70708600033  2.116579E-16
4064.50793239478  2.126420E-16
4067.30877878923  2.300501E-16
4070.10962518369  1.968682E-16
4072.91047157814  1.991035E-16
4075.7113179726  2.093194E-16
4078.51216436705  1.838930E-16
4081.31301076151  1.974912E-16
4084.11385715596  1.963460E-16
4086.91470355041  2.069533E-16
4089.71554994487  2.265503E-16
4092.51639633932  2.419006E-16
4095.31724273377  2.407855E-16
4098.11808912823  2.644445E-16
4100.91893552268  2.556202E-16
4103.71978191714  2.514103E-16
4106.52062831159  2.578421E-16
4109.32147470605  2.686777E-16
4112.1223211005  2.565761E-16
4114.92316749495  2.612702E-16
4117.72401388941  2.721688E-16
4120.52486028386  2.384606E-16
4123.32570667831  2.289746E-16
4126.12655307277  2.520064E-16
4128.92739946722  2.040733E-16
4131.72824586168  2.186577E-16
4134.52909225613  2.242077E-16
4137.32993865058  1.947992E-16
4140.13078504504  2.066867E-16
4142.93163143949  1.942859E-16
4145.73247783395  1.967923E-16
4148.5333242284  1.930837E-16
4151.33417062285  2.033238E-16
4154.13501701731  1.915204E-16
4156.93586341176  2.036000E-16
4159.73670980622  1.879327E-16
4162.53755620067  1.907449E-16
4165.33840259512  1.964492E-16
4168.13924898958  2.024270E-16
4170.94009538403  2.188763E-16
4173.74094177848  2.160709E-16
4176.54178817294  1.948572E-16
4179.34263456739  2.036529E-16
4182.14348096185  2.174494E-16
4184.9443273563  2.128645E-16
4187.74517375075  2.196825E-16
4190.54602014521  2.241709E-16
4193.34686653966  2.113847E-16
4196.14771293412  2.122007E-16
4198.94855932857  2.175855E-16
4201.74940572302  2.141559E-16
4204.55025211748  2.207084E-16
4207.35109851193  2.051304E-16
4210.15194490639  2.119761E-16
4212.95279130084  2.257379E-16
4215.75363769529  1.975159E-16
4218.55448408975  2.160344E-16
4221.3553304842  2.154841E-16
4224.15617687865  2.106078E-16
4226.95702327311  2.306711E-16
4229.75786966756  2.345357E-16
4232.55871606202  2.141870E-16
4235.35956245647  2.000733E-16
4238.16040885092  2.210182E-16
4240.96125524538  2.243232E-16
4243.76210163983  2.274130E-16
4246.56294803429  2.238669E-16
4249.36379442874  2.155579E-16
4252.16464082319  2.148687E-16
4254.96548721765  1.976447E-16
4257.7663336121  2.039569E-16
4260.56718000656  2.231593E-16
4263.36802640101  2.066736E-16
4266.16887279546  1.955509E-16
4268.96971918992  1.945802E-16
4271.77056558437  1.976874E-16
4274.57141197882  1.912207E-16
4277.37225837328  1.999743E-16
4280.17310476773  2.062679E-16
4282.97395116219  1.986812E-16
4285.77479755664  2.044611E-16
4288.57564395109  2.197922E-16
4291.37649034555  2.051810E-16
4294.17733674  1.927628E-16
4296.97818313446  1.993230E-16
4299.77902952891  2.118678E-16
4302.57987592336  2.035141E-16
4305.38072231782  1.951174E-16
4308.18156871227  1.824733E-16
4310.98241510673  1.749906E-16
4313.78326150118  1.857730E-16
4316.58410789563  1.886385E-16
4319.38495429009  1.918269E-16
4322.18580068454  2.034055E-16
4324.986647079  2.068852E-16
4327.78749347345  2.241531E-16
4330.5883398679  2.368996E-16
4333.38918626236  2.405604E-16
4336.19003265681  2.359579E-16
4338.99087905126  2.413954E-16
4341.79172544572  2.417289E-16
4344.59257184017  2.436212E-16
4347.39341823463  2.410171E-16
4350.19426462908  2.418737E-16
4352.99511102353  2.460324E-16
4355.79595741799  2.116580E-16
4358.59680381244  2.075268E-16
4361.3976502069  1.941121E-16
4364.19849660135  1.762780E-16
4366.9993429958  2.058536E-16
4369.80018939026  1.856294E-16
4372.60103578471  1.740201E-16
4375.40188217916  1.747365E-16
4378.20272857362  1.732022E-16
4381.00357496807  1.721727E-16
4383.80442136253  1.660340E-16
4386.60526775698  1.460739E-16
4389.40611415144  1.650141E-16
4392.20696054589  1.784404E-16
4395.00780694034  1.794872E-16
4397.8086533348  1.723789E-16
4400.60949972925  1.682304E-16
4403.41034612371  1.694923E-16
4406.21119251816  1.806840E-16
4409.01203891261  1.877135E-16
4411.81288530707  1.793290E-16
4414.61373170152  1.762814E-16
4417.41457809597  1.751363E-16
4420.21542449043  1.696851E-16
4423.01627088488  1.827004E-16
4425.81711727933  1.757874E-16
4428.61796367379  1.643806E-16
4431.41881006824  1.674112E-16
4434.2196564627  1.745290E-16
4437.02050285715  1.866114E-16
4439.82134925161  1.958589E-16
4442.62219564606  1.972616E-16
4445.42304204051  1.934633E-16
4448.22388843497  2.010977E-16
4451.02473482942  1.980227E-16
4453.82558122387  1.905214E-16
4456.62642761833  1.860491E-16
4459.42727401278  1.777812E-16
4462.22812040724  1.823706E-16
4465.02896680169  1.902560E-16
4467.82981319614  2.074919E-16
4470.6306595906  2.166317E-16
4473.43150598505  2.108155E-16
4476.23235237951  2.045087E-16
4479.03319877396  2.144000E-16
4481.83404516841  2.030535E-16
4484.63489156287  1.977797E-16
4487.43573795732  1.806027E-16
4490.23658435178  1.783175E-16
4493.03743074623  1.987457E-16
4495.83827714068  1.911623E-16
4498.63912353514  1.785249E-16
4501.43996992959  1.926367E-16
4504.24081632404  1.999606E-16
4507.0416627185  1.944929E-16
4509.84250911295  1.906407E-16
4512.6433555074  1.969109E-16
4515.44420190186  1.845050E-16
4518.24504829631  1.924848E-16
4521.04589469077  1.976698E-16
4523.84674108522  2.025475E-16
4526.64758747968  1.865981E-16
4529.44843387413  1.804277E-16
4532.24928026858  1.996905E-16
4535.05012666304  1.854603E-16
4537.85097305749  1.821967E-16
4540.65181945195  1.913100E-16
4543.4526658464  1.998697E-16
4546.25351224085  1.884449E-16
4549.05435863531  1.968415E-16
4551.85520502976  2.004531E-16
4554.65605142422  1.989081E-16
4557.45689781867  1.943197E-16
4560.25774421312  1.819442E-16
4563.05859060758  2.022879E-16
4565.85943700203  1.925614E-16
4568.66028339648  1.823133E-16
4571.46112979094  1.932393E-16
4574.26197618539  1.847672E-16
4577.06282257985  2.097265E-16
4579.8636689743  2.018280E-16
4582.66451536875  1.950843E-16
4585.46536176321  1.819468E-16
4588.26620815766  2.001641E-16
4591.06705455212  1.914273E-16
4593.86790094657  1.879423E-16
4596.66874734102  1.901398E-16
4599.46959373548  1.718347E-16
4602.27044012993  1.747584E-16
4605.07128652439  1.854883E-16
4607.87213291884  1.853109E-16
4610.67297931329  1.784858E-16
4613.47382570775  1.685059E-16
4616.2746721022  1.784011E-16
4619.07551849665  1.850888E-16
4621.87636489111  1.827481E-16
4624.67721128556  1.835971E-16
4627.47805768002  1.723869E-16
4630.27890407447  1.785425E-16
4633.07975046893  1.851712E-16
4635.88059686338  1.692203E-16
4638.68144325783  1.680322E-16
4641.48228965229  1.831407E-16
4644.28313604674  1.719022E-16
4647.08398244119  1.695868E-16
4649.88482883565  1.723456E-16
4652.6856752301  1.791800E-16
4655.48652162456  1.832910E-16
4658.28736801901  1.721086E-16
4661.08821441346  1.609754E-16
4663.88906080792  1.739738E-16
4666.68990720237  1.839640E-16
4669.49075359683  1.723520E-16
4672.29159999128  1.887644E-16
4675.09244638573  1.808162E-16
4677.89329278019  1.749405E-16
4680.69413917464  1.837476E-16
4683.49498556909  1.790778E-16
4686.29583196355  1.750233E-16
4689.096678358  1.610607E-16
4691.89752475246  1.806534E-16
4694.69837114691  1.917014E-16
4697.49921754137  1.595779E-16
4700.30006393582  1.608663E-16
4703.10091033027  1.660134E-16
4705.90175672473  1.633606E-16
4708.70260311918  1.588537E-16
4711.50344951363  1.721340E-16
4714.30429590809  1.583937E-16
4717.10514230254  1.579483E-16
4719.905988697  1.783699E-16
4722.70683509145  1.579445E-16
4725.5076814859  1.730654E-16
4728.30852788036  1.710347E-16
4731.10937427481  1.506306E-16
4733.91022066927  1.656104E-16
4736.71106706372  1.650524E-16
4739.51191345817  1.558364E-16
4742.31275985263  1.533677E-16
4745.11360624708  1.515600E-16
4747.91445264153  1.468974E-16
4750.71529903599  1.510733E-16
4753.51614543044  1.634463E-16
4756.3169918249  1.552453E-16
4759.11783821935  1.475336E-16
4761.9186846138  1.524976E-16
4764.71953100826  1.489751E-16
4767.52037740271  1.475051E-16
4770.32122379717  1.448012E-16
4773.12207019162  1.501310E-16
4775.92291658607  1.544465E-16
4778.72376298053  1.443219E-16
4781.52460937498  1.460374E-16
4784.32545576944  1.458444E-16
4787.12630216389  1.447624E-16
4789.92714855834  1.383765E-16
4792.7279949528  1.368858E-16
4795.52884134725  1.365722E-16
4798.32968774171  1.500436E-16
4801.13053413616  1.396683E-16
4803.93138053061  1.333107E-16
4806.73222692507  1.292068E-16
4809.53307331952  1.304606E-16
4812.33391971397  1.184737E-16
4815.13476610843  1.233163E-16
4817.93561250288  1.363239E-16
4820.73645889734  1.439891E-16
4823.53730529179  1.395596E-16
4826.33815168624  1.274795E-16
4829.1389980807  1.322080E-16
4831.93984447515  1.286170E-16
4834.74069086961  1.349355E-16
4837.54153726406  1.636056E-16
4840.34238365851  1.616240E-16
4843.14323005297  1.752687E-16
4845.94407644742  2.106165E-16
4848.74492284188  2.275900E-16
4851.54576923633  2.370370E-16
4854.34661563078  2.230358E-16
4857.14746202524  2.187466E-16
4859.94830841969  2.208938E-16
4862.74915481414  2.252554E-16
4865.5500012086  2.430118E-16
4868.35084760305  2.598215E-16
4871.15169399751  2.499823E-16
4873.95254039196  2.213070E-16
4876.75338678641  2.126330E-16
4879.55423318087  1.811749E-16
4882.35507957532  1.615621E-16
4885.15592596978  1.378162E-16
4887.95677236423  1.406872E-16
4890.75761875868  1.357488E-16
4893.55846515314  1.350761E-16
4896.35931154759  1.443103E-16
4899.16015794204  1.351936E-16
4901.9610043365  1.317858E-16
4904.76185073095  1.404174E-16
4907.56269712541  1.364444E-16
4910.36354351986  1.409380E-16
4913.16438991432  1.466005E-16
4915.96523630877  1.461941E-16
4918.76608270322  1.414813E-16
4921.56692909768  1.401165E-16
4924.36777549213  1.334118E-16
4927.16862188658  1.417098E-16
4929.96946828104  1.502376E-16
4932.77031467549  1.450818E-16
4935.57116106995  1.485709E-16
4938.3720074644  1.441478E-16
4941.17285385885  1.335430E-16
4943.97370025331  1.418533E-16
4946.77454664776  1.388905E-16
4949.57539304222  1.401448E-16
4952.37623943667  1.434732E-16
4955.17708583112  1.413095E-16
4957.97793222558  1.344424E-16
4960.77877862003  1.483507E-16
4963.57962501449  1.445379E-16
4966.38047140894  1.404087E-16
4969.18131780339  1.356431E-16
4971.98216419785  1.493148E-16
4974.7830105923  1.453614E-16
4977.58385698675  1.371977E-16
4980.38470338121  1.409414E-16
4983.18554977566  1.538683E-16
4985.98639617012  1.459385E-16
4988.78724256457  1.400366E-16
4991.58808895902  1.481814E-16
4994.38893535348  1.500895E-16
4997.18978174793  1.554944E-16
4999.99062814239  1.599609E-16
5002.79147453684  1.595275E-16
5005.59232093129  1.626127E-16
5008.39316732575  1.715383E-16
5011.1940137202  1.702499E-16
5013.99486011466  1.692565E-16
5016.79570650911  1.643398E-16
5019.59655290356  1.629915E-16
5022.39739929802  1.654076E-16
5025.19824569247  1.588780E-16
5027.99909208693  1.619897E-16
5030.79993848138  1.613645E-16
5033.60078487583  1.510422E-16
5036.40163127029  1.476253E-16
5039.20247766474  1.470763E-16
5042.0033240592  1.391505E-16
5044.80417045365  1.455757E-16
5047.6050168481  1.460576E-16
5050.40586324256  1.462021E-16
5053.20670963701  1.457403E-16
5056.00755603146  1.492908E-16
5058.80840242592  1.526842E-16
5061.60924882037  1.468279E-16
5064.41009521483  1.377121E-16
5067.21094160928  1.364563E-16
5070.01178800373  1.448087E-16
5072.81263439819  1.514574E-16
5075.61348079264  1.291877E-16
5078.4143271871  1.315220E-16
5081.21517358155  1.414176E-16
5084.016019976  1.572714E-16
5086.81686637046  1.622118E-16
5089.61771276491  1.600553E-16
5092.41855915937  1.429252E-16
5095.21940555382  1.373838E-16
5098.02025194827  1.384260E-16
5100.82109834273  1.454846E-16
5103.62194473718  1.467211E-16
5106.42279113163  1.399433E-16
5109.22363752609  1.378539E-16
5112.02448392054  1.410915E-16
5114.825330315  1.451696E-16
5117.62617670945  1.422735E-16
5120.4270231039  1.472353E-16
5123.22786949836  1.520806E-16
5126.02871589281  1.370581E-16
5128.82956228727  1.315343E-16
5131.63040868172  1.623189E-16
5134.43125507617  1.470787E-16
5137.23210147063  1.400906E-16
5140.03294786508  1.514213E-16
5142.83379425954  1.555461E-16
5145.63464065399  1.556258E-16
5148.43548704844  1.387778E-16
5151.2363334429  1.543125E-16
5154.03717983735  1.604536E-16
5156.83802623181  1.661728E-16
5159.63887262626  1.689599E-16
5162.43971902071  1.598423E-16
5165.24056541517  1.600768E-16
5168.04141180962  1.672170E-16
5170.84225820407  1.700021E-16
5173.64310459853  1.700935E-16
5176.44395099298  1.822497E-16
5179.24479738744  1.747804E-16
5182.04564378189  1.801686E-16
5184.84649017635  1.779841E-16
5187.6473365708  1.656542E-16
5190.44818296525  1.640515E-16
5193.24902935971  1.655182E-16
5196.04987575416  1.546466E-16
5198.85072214861  1.456612E-16
5201.65156854307  1.537448E-16
5204.45241493752  1.586104E-16
5207.25326133197  1.481683E-16
5210.05410772643  1.337733E-16
5212.85495412088  1.319382E-16
5215.65580051534  1.507903E-16
5218.45664690979  1.436004E-16
5221.25749330425  1.375982E-16
5224.0583396987  1.413950E-16
5226.85918609315  1.367154E-16
5229.66003248761  1.386061E-16
5232.46087888206  1.414637E-16
5235.26172527652  1.402578E-16
5238.06257167097  1.378198E-16
5240.86341806542  1.355388E-16
5243.66426445988  1.477827E-16
5246.46511085433  1.518765E-16
5249.26595724878  1.403243E-16
5252.06680364324  1.451923E-16
5254.86765003769  1.507849E-16
5257.66849643215  1.412492E-16
5260.4693428266  1.416577E-16
5263.27018922105  1.549427E-16
5266.07103561551  1.463614E-16
5268.87188200996  1.487383E-16
5271.67272840442  1.571779E-16
5274.47357479887  1.441502E-16
5277.27442119332  1.369504E-16
5280.07526758778  1.331389E-16
5282.87611398223  1.410609E-16
5285.67696037668  1.446903E-16
5288.47780677114  1.472597E-16
5291.27865316559  1.485943E-16
5294.07949956005  1.396805E-16
5296.8803459545  1.306675E-16
5299.68119234895  1.268052E-16
5302.48203874341  1.404264E-16
5305.28288513786  1.440146E-16
5308.08373153232  1.257738E-16
5310.88457792677  1.338002E-16
5313.68542432122  1.431872E-16
5316.48627071568  1.363732E-16
5319.28711711013  1.408269E-16
5322.08796350459  1.469342E-16
5324.88880989904  1.357838E-16
5327.68965629349  1.306312E-16
5330.49050268795  1.401937E-16
5333.2913490824  1.452365E-16
5336.09219547686  1.394868E-16
5338.89304187131  1.284254E-16
5341.69388826576  1.269672E-16
5344.49473466022  1.256035E-16
5347.29558105467  1.393633E-16
5350.09642744912  1.452321E-16
5352.89727384358  1.234626E-16
5355.69812023803  1.330596E-16
5358.49896663249  1.352658E-16
5361.29981302694  1.336618E-16
5364.10065942139  1.284809E-16
5366.90150581585  1.292073E-16
5369.7023522103  1.319792E-16
5372.50319860476  1.252558E-16
5375.30404499921  1.207154E-16
5378.10489139366  1.345019E-16
5380.90573778812  1.246687E-16
5383.70658418257  1.160370E-16
5386.50743057702  1.255980E-16
5389.30827697148  1.233161E-16
5392.10912336593  1.227901E-16
5394.90996976039  1.336480E-16
5397.71081615484  1.307180E-16
5400.51166254929  1.313369E-16
5403.31250894375  1.286552E-16
5406.1133553382  1.363626E-16
5408.91420173266  1.367870E-16
5411.71504812711  1.153752E-16
5414.51589452156  1.273245E-16
5417.31674091602  1.306909E-16
5420.11758731047  1.221139E-16
5422.91843370493  1.230165E-16
5425.71928009938  1.286965E-16
5428.52012649384  1.223429E-16
5431.32097288829  1.222961E-16
5434.12181928274  1.206600E-16
5436.9226656772  1.207555E-16
5439.72351207165  1.291628E-16
5442.5243584661  1.269602E-16
5445.32520486056  1.245608E-16
5448.12605125501  1.221730E-16
5450.92689764946  1.281900E-16
5453.72774404392  1.303789E-16
5456.52859043837  1.211761E-16
5459.32943683283  1.184540E-16
5462.13028322728  1.248979E-16
5464.93112962173  1.204786E-16
5467.73197601619  1.201275E-16
5470.53282241064  1.268526E-16
5473.3336688051  1.246566E-16
5476.13451519955  1.221363E-16
5478.935361594  1.241648E-16
5481.73620798846  1.173021E-16
5484.53705438291  1.142697E-16
5487.33790077737  1.185496E-16
5490.13874717182  1.239691E-16
5492.93959356627  1.236842E-16
5495.74043996073  1.239352E-16
5498.54128635518  1.288243E-16
5501.34213274963  1.238986E-16
5504.14297914409  1.168378E-16
5506.94382553854  1.192681E-16
5509.744671933  1.133622E-16
5512.54551832745  1.175560E-16
5515.34636472191  1.317436E-16
5518.14721111636  1.374878E-16
5520.94805751081  1.211813E-16
5523.74890390527  1.109086E-16
5526.54975029972  1.184870E-16
5529.35059669417  1.265933E-16
5532.15144308863  1.280924E-16
5534.95228948308  1.035965E-16
5537.75313587754  1.113267E-16
5540.55398227199  1.306958E-16
5543.35482866644  1.209310E-16
5546.1556750609  1.168481E-16
5548.95652145535  1.172554E-16
5551.7573678498  1.105341E-16
5554.55821424426  1.103924E-16
5557.35906063871  1.033807E-16
5560.15990703317  1.014951E-16
5562.96075342762  1.158521E-16
5565.76159982208  1.248749E-16
5568.56244621653  1.220620E-16
5571.36329261098  1.178869E-16
5574.16413900544  1.080160E-16
5576.96498539989  1.159643E-16
5579.76583179434  1.273389E-16
5582.5666781888  1.280693E-16
5585.36752458325  1.230971E-16
5588.16837097771  1.157622E-16
5590.96921737216  1.060935E-16
5593.77006376661  1.167742E-16
5596.57091016107  1.205372E-16
5599.37175655552  1.237960E-16
5602.17260294998  1.118911E-16
5604.97344934443  1.189063E-16
5607.77429573889  1.215101E-16
5610.57514213334  1.187206E-16
5613.37598852779  1.137475E-16
5616.17683492224  1.116965E-16
5618.9776813167  1.209295E-16
5621.77852771115  1.158953E-16
5624.57937410561  1.164915E-16
5627.38022050006  1.212161E-16
5630.18106689451  1.205365E-16
5632.98191328897  1.128322E-16
5635.78275968342  1.078990E-16
5638.58360607788  1.160005E-16
5641.38445247233  1.148198E-16
5644.18529886678  1.182649E-16
5646.98614526124  1.162132E-16
5649.78699165569  1.120845E-16
5652.58783805015  1.088313E-16
5655.3886844446  1.141993E-16
5658.18953083905  1.145190E-16
5660.99037723351  1.108543E-16
5663.79122362796  9.896165E-17
5666.59207002242  1.063457E-16
5669.39291641687  1.121249E-16
5672.19376281132  1.045142E-16
5674.99460920578  1.064639E-16
5677.79545560023  1.056457E-16
5680.59630199469  1.065261E-16
5683.39714838914  1.057841E-16
5686.19799478359  1.090511E-16
5688.99884117805  1.109731E-16
5691.7996875725  1.130483E-16
5694.60053396695  1.050294E-16
5697.40138036141  1.140956E-16
5700.20222675586  1.187652E-16
5703.00307315032  1.075971E-16
5705.80391954477  1.116702E-16
5708.60476593922  1.057300E-16
5711.40561233368  1.163793E-16
5714.20645872813  1.108319E-16
5717.00730512259  1.047391E-16
5719.80815151704  1.123962E-16
5722.60899791149  1.054949E-16
5725.40984430595  1.059687E-16
5728.2106907004  1.112098E-16
5731.01153709486  1.079810E-16
5733.81238348931  1.073609E-16
5736.61322988376  1.024094E-16
5739.41407627822  1.057672E-16
5742.21492267267  1.131277E-16
5745.01576906713  1.103199E-16
5747.81661546158  1.010640E-16
5750.61746185603  1.058949E-16
5753.41830825049  1.119293E-16
5756.21915464494  1.060947E-16
5759.0200010394  1.001653E-16
5761.82084743385  9.370947E-17
5764.6216938283  9.722760E-17
5767.42254022276  1.019070E-16
5770.22338661721  9.819330E-17
5773.02423301166  1.036382E-16
5775.82507940612  1.076571E-16
5778.62592580057  1.089942E-16
5781.42677219503  9.707297E-17
5784.22761858948  1.020119E-16
5787.02846498393  1.042747E-16
5789.82931137839  1.001270E-16
5792.63015777284  9.486202E-17
5795.4310041673  1.050816E-16
5798.23185056175  1.140205E-16
5801.0326969562  9.940163E-17
5803.83354335066  1.029097E-16
5806.63438974511  1.151621E-16
5809.43523613956  1.012645E-16
5812.23608253402  9.857785E-17
5815.03692892847  8.994010E-17
5817.83777532293  1.050537E-16
5820.63862171738  9.533180E-17
5823.43946811183  8.689622E-17
5826.24031450629  9.261536E-17
5829.04116090074  9.767910E-17
5831.8420072952  1.034532E-16
5834.64285368965  1.075497E-16
5837.4437000841  1.128266E-16
5840.24454647856  1.053042E-16
5843.04539287301  1.048049E-16
5845.84623926747  1.083403E-16
5848.64708566192  1.152318E-16
5851.44793205637  1.154042E-16
5854.24877845083  1.163751E-16
5857.04962484528  1.240080E-16
5859.85047123973  1.201925E-16
5862.65131763419  1.294780E-16
5865.45216402864  1.176909E-16
5868.2530104231  1.193878E-16
5871.05385681755  1.210863E-16
5873.854703212  1.117258E-16
5876.65554960646  1.282810E-16
5879.45639600091  1.254847E-16
5882.25724239537  1.223103E-16
5885.05808878982  1.330361E-16
5887.85893518427  1.321626E-16
5890.65978157873  1.196567E-16
5893.46062797318  1.198286E-16
5896.26147436764  1.373039E-16
5899.06232076209  1.211117E-16
5901.86316715654  1.058828E-16
5904.664013551  1.161665E-16
5907.46485994545  1.192018E-16
5910.2657063399  1.078554E-16
5913.06655273436  1.004522E-16
5915.86739912881  9.708125E-17
5918.66824552327  8.910836E-17
5921.46909191772  9.671931E-17
5924.26993831217  1.056968E-16
5927.07078470663  9.808098E-17
5929.87163110108  9.071328E-17
5932.67247749554  9.988854E-17
5935.47332388999  9.571493E-17
5938.27417028444  9.172479E-17
5941.0750166789  9.192017E-17
5943.87586307335  1.059755E-16
5946.6767094678  1.028992E-16
5949.47755586226  1.090834E-16
5952.27840225672  9.924905E-17
5955.07924865117  8.946488E-17
5957.88009504562  9.757133E-17
5960.68094144008  8.868461E-17
5963.48178783453  9.487245E-17
5966.28263422898  9.666013E-17
5969.08348062344  9.608564E-17
5971.88432701789  9.557367E-17
5974.68517341235  1.023464E-16
5977.4860198068  9.549485E-17
5980.28686620125  9.980032E-17
5983.08771259571  9.714354E-17
5985.88855899016  9.374380E-17
5988.68940538461  9.102394E-17
5991.49025177907  9.474118E-17
5994.29109817352  9.678740E-17
5997.09194456798  9.251353E-17
5999.89279096243  9.149314E-17
6002.69363735688  9.333531E-17
6005.49448375134  9.756755E-17
6008.29533014579  1.047169E-16
6011.09617654025  1.086808E-16
6013.8970229347  9.763333E-17
6016.69786932915  9.303685E-17
6019.49871572361  9.093139E-17
6022.29956211806  8.941429E-17
6025.10040851251  8.716976E-17
6027.90125490697  8.784081E-17
6030.70210130142  9.023298E-17
6033.50294769588  9.477951E-17
6036.30379409033  9.769356E-17
6039.10464048479  8.861426E-17
6041.90548687924  9.658638E-17
6044.70633327369  9.875796E-17
6047.50717966815  9.300520E-17
6050.3080260626  8.963501E-17
6053.10887245705  8.890218E-17
6055.90971885151  9.264007E-17
6058.71056524596  9.848402E-17
6061.51141164042  9.200432E-17
6064.31225803487  9.134825E-17
6067.11310442932  9.087529E-17
6069.91395082378  9.578886E-17
6072.71479721823  9.604125E-17
6075.51564361269  8.738879E-17
6078.31649000714  9.076422E-17
6081.11733640159  9.850907E-17
6083.91818279605  8.919769E-17
6086.7190291905  8.105196E-17
6089.51987558495  7.870201E-17
6092.32072197941  9.276416E-17
6095.12156837386  9.661933E-17
6097.92241476832  8.719383E-17
6100.72326116277  9.205228E-17
6103.52410755722  8.426658E-17
6106.32495395168  8.334393E-17
6109.12580034613  9.250511E-17
6111.92664674059  8.482970E-17
6114.72749313504  8.674207E-17
6117.52833952949  9.215617E-17
6120.32918592395  9.452481E-17
6123.1300323184  9.690404E-17
6125.93087871286  9.154808E-17
6128.73172510731  9.453105E-17
6131.53257150176  9.119858E-17
6134.33341789622  8.313254E-17
6137.13426429067  9.910330E-17
6139.93511068512  9.583177E-17
6142.73595707958  8.877129E-17
6145.53680347403  9.322479E-17
6148.33764986849  8.748878E-17
6151.13849626294  9.785874E-17
6153.93934265739  9.470597E-17
6156.74018905185  9.836115E-17
6159.5410354463  9.880578E-17
6162.34188184076  9.430220E-17
6165.14272823521  8.844385E-17
6167.94357462967  1.004922E-16
6170.74442102412  8.981142E-17
6173.54526741857  8.718965E-17
6176.34611381303  8.630836E-17
6179.14696020748  8.927967E-17
6181.94780660193  8.827478E-17
6184.74865299639  8.841262E-17
6187.54949939084  9.322877E-17
6190.3503457853  8.461858E-17
6193.15119217975  8.790753E-17
6195.9520385742  9.289657E-17
6198.75288496866  8.824813E-17
6201.55373136311  9.709071E-17
6204.35457775757  9.278527E-17
6207.15542415202  9.293029E-17
6209.95627054647  9.935244E-17
6212.75711694093  9.606010E-17
6215.55796333538  9.494906E-17
6218.35880972983  8.568517E-17
6221.15965612429  8.772029E-17
6223.96050251874  9.488952E-17
6226.7613489132  9.503888E-17
6229.56219530765  8.466538E-17
6232.3630417021  8.391039E-17
6235.16388809656  8.742310E-17
6237.96473449101  9.851274E-17
6240.76558088547  9.886512E-17
6243.56642727992  8.551752E-17
6246.36727367437  9.047871E-17
6249.16812006883  9.559418E-17
6251.96896646328  8.914858E-17
6254.76981285774  9.673187E-17
6257.57065925219  9.097530E-17
6260.37150564664  8.929900E-17
6263.1723520411  9.625211E-17
6265.97319843555  9.114622E-17
6268.77404483001  8.950626E-17
6271.57489122446  8.471796E-17
6274.37573761891  8.199837E-17
6277.17658401337  9.072189E-17
6279.97743040782  7.764299E-17
6282.77827680228  7.909133E-17
6285.57912319673  8.103264E-17
6288.37996959118  8.300607E-17
6291.18081598564  8.447833E-17
6293.98166238009  7.873742E-17
6296.78250877454  8.012403E-17
6299.583355169  9.847919E-17
6302.38420156345  1.016701E-16
6305.1850479579  8.536884E-17
6307.98589435236  8.604992E-17
6310.78674074681  1.002124E-16
6313.58758714127  8.779073E-17
6316.38843353572  7.755470E-17
6319.18927993018  8.941211E-17
6321.99012632463  8.900695E-17
6324.79097271908  9.489503E-17
6327.59181911354  9.043808E-17
6330.39266550799  7.538490E-17
6333.19351190244  9.177676E-17
6335.9943582969  9.753012E-17
6338.79520469135  8.521979E-17
6341.59605108581  9.863963E-17
6344.39689748026  8.847268E-17
6347.19774387471  8.362989E-17
6349.99859026917  9.221924E-17
6352.79943666362  8.362118E-17
6355.60028305808  8.366258E-17
6358.40112945253  8.706735E-17
6361.20197584698  8.780168E-17
6364.00282224144  7.822625E-17
6366.80366863589  8.493485E-17
6369.60451503035  8.461083E-17
6372.4053614248  9.596639E-17
6375.20620781925  8.945017E-17
6378.00705421371  8.067676E-17
6380.80790060816  7.814706E-17
6383.60874700261  7.977165E-17
6386.40959339707  8.137579E-17
6389.21043979152  7.574378E-17
6392.01128618598  8.150724E-17
6394.81213258043  8.519072E-17
6397.61297897489  8.582636E-17
6400.41382536934  9.130791E-17
6403.21467176379  8.143252E-17
6406.01551815825  8.392590E-17
6408.8163645527  8.074162E-17
6411.61721094715  9.146223E-17
6414.41805734161  8.931564E-17
6417.21890373606  8.276710E-17
6420.01975013052  8.674281E-17
6422.82059652497  8.981536E-17
6425.62144291942  8.624745E-17
6428.42228931388  8.598850E-17
6431.22313570833  8.383498E-17
6434.02398210278  7.828159E-17
6436.82482849724  7.700529E-17
6439.62567489169  8.180192E-17
6442.42652128615  8.275481E-17
6445.2273676806  8.497735E-17
6448.02821407505  9.511607E-17
6450.82906046951  8.738235E-17
6453.62990686396  7.967688E-17
6456.43075325842  8.367332E-17
6459.23159965287  8.708137E-17
6462.03244604732  8.885341E-17
6464.83329244178  8.668252E-17
6467.63413883623  7.836998E-17
6470.43498523069  8.738294E-17
6473.23583162514  8.309452E-17
6476.0366780196  9.612334E-17
6478.83752441405  8.789953E-17
6481.6383708085  7.979610E-17
6484.43921720296  8.121110E-17
6487.24006359741  8.129272E-17
6490.04090999186  7.742175E-17
6492.84175638632  8.690048E-17
6495.64260278077  9.351512E-17
6498.44344917522  8.397783E-17
6501.24429556968  8.237384E-17
6504.04514196413  8.319823E-17
6506.84598835859  8.331138E-17
6509.64683475304  9.253134E-17
6512.44768114749  7.731495E-17
6515.24852754195  7.312853E-17
6518.0493739364  7.338364E-17
6520.85022033086  8.057382E-17
6523.65106672531  9.329282E-17
6526.45191311976  1.013228E-16
6529.25275951422  9.909664E-17
6532.05360590867  1.095764E-16
6534.85445230313  1.194671E-16
6537.65529869758  1.418241E-16
6540.45614509203  1.561744E-16
6543.25699148649  1.815355E-16
6546.05783788094  2.078591E-16
6548.85868427539  2.322882E-16
6551.65953066985  2.281715E-16
6554.4603770643  2.298262E-16
6557.26122345876  2.099480E-16
6560.06206985321  2.059865E-16
6562.86291624767  2.249399E-16
6565.66376264212  2.181260E-16
6568.46460903657  2.266068E-16
6571.26545543103  2.423193E-16
6574.06630182548  2.471778E-16
6576.86714821993  2.438300E-16
6579.66799461439  2.000746E-16
6582.46884100884  1.731320E-16
6585.26968740329  1.554169E-16
6588.07053379775  1.287396E-16
6590.87138019221  1.154218E-16
6593.67222658666  1.112702E-16
6596.47307298111  9.814750E-17
6599.27391937557  9.300718E-17
6602.07476577002  9.321615E-17
6604.87561216447  8.205364E-17
6607.67645855893  7.770392E-17
6610.47730495338  8.197672E-17
6613.27815134784  8.845701E-17
6616.07899774229  7.459509E-17
6618.87984413674  6.753368E-17
6621.6806905312  7.903352E-17
6624.48153692565  8.488376E-17
6627.2823833201  7.962082E-17
6630.08322971456  7.272698E-17
6632.88407610901  7.859963E-17
6635.68492250347  8.573304E-17
6638.48576889792  7.973498E-17
6641.28661529237  8.402204E-17
6644.08746168683  8.637959E-17
6646.88830808128  9.019311E-17
6649.68915447574  7.712880E-17
6652.49000087019  7.433596E-17
6655.29084726464  8.845433E-17
6658.0916936591  7.878768E-17
6660.89254005355  8.171931E-17
6663.69338644801  8.946364E-17
6666.49423284246  9.477535E-17
6669.29507923691  8.807826E-17
6672.09592563137  7.668157E-17
6674.89677202582  8.342995E-17
6677.69761842027  8.316455E-17
6680.49846481473  8.806365E-17
6683.29931120918  8.446286E-17
6686.10015760364  8.514964E-17
6688.90100399809  9.011130E-17
6691.70185039255  9.181255E-17
6694.502696787  8.642814E-17
6697.30354318145  9.198320E-17
6700.10438957591  8.470699E-17
6702.90523597036  8.495755E-17
6705.70608236481  7.378134E-17
6708.50692875927  6.984854E-17
6711.30777515372  8.816083E-17
6714.10862154818  8.330168E-17
6716.90946794263  7.432752E-17
6719.71031433708  7.304449E-17
6722.51116073154  7.082047E-17
6725.31200712599  7.537665E-17
6728.11285352045  7.502528E-17
6730.9136999149  8.328097E-17
6733.71454630935  8.904519E-17
6736.51539270381  7.683732E-17
6739.31623909826  7.016611E-17
6742.11708549272  7.125819E-17
6744.91793188717  7.478063E-17
6747.71877828162  7.751478E-17
6750.51962467608  7.539049E-17
6753.32047107053  8.593793E-17
6756.12131746498  7.882817E-17
6758.92216385944  7.841600E-17
6761.72301025389  7.710594E-17
6764.52385664835  7.928255E-17
6767.3247030428  8.388115E-17
6770.12554943725  8.242004E-17
6772.92639583171  7.017820E-17
6775.72724222616  7.639374E-17
6778.52808862062  7.050167E-17
6781.32893501507  7.365720E-17
6784.12978140952  7.984452E-17
6786.93062780398  7.802628E-17
6789.73147419843  7.175123E-17
6792.53232059288  7.566856E-17
6795.33316698734  7.339276E-17
6798.13401338179  7.463107E-17
6800.93485977625  7.534984E-17
6803.7357061707  8.125456E-17
6806.53655256516  8.291232E-17
6809.33739895961  7.462045E-17
6812.13824535406  7.639305E-17
6814.93909174852  7.672569E-17
6817.73993814297  6.835842E-17
6820.54078453742  7.531622E-17
6823.34163093188  8.204730E-17
6826.14247732633  7.863428E-17
6828.94332372078  6.744599E-17
6831.74417011524  7.664692E-17
6834.54501650969  7.999954E-17
6837.34586290415  7.451582E-17
6840.1467092986  7.056015E-17
6842.94755569306  6.454842E-17
6845.74840208751  6.978334E-17
6848.54924848196  7.505554E-17
6851.35009487642  7.641834E-17
6854.15094127087  7.307293E-17
6856.95178766532  7.129540E-17
6859.75263405978  7.903720E-17
6862.55348045423  7.570856E-17
6865.35432684869  7.281087E-17
6868.15517324314  5.502431E-17
6870.95601963759  5.051636E-17
6873.75686603205  4.840703E-17
6876.5577124265  5.623360E-17
6879.35855882096  6.512319E-17
6882.15940521541  6.407643E-17
6884.96025160986  6.307145E-17
6887.76109800432  6.121760E-17
6890.56194439877  5.914271E-17
6893.36279079323  6.253925E-17
6896.16363718768  6.016956E-17
6898.96448358213  5.692818E-17
6901.76532997659  5.653992E-17
6904.56617637104  5.739610E-17
6907.3670227655  7.297831E-17
6910.16786915995  6.790057E-17
6912.9687155544  6.487519E-17
6915.76956194886  5.949943E-17
6918.57040834331  6.862362E-17
6921.37125473776  7.330048E-17
6924.17210113222  6.038376E-17
6926.97294752667  5.954523E-17
6929.77379392113  6.357398E-17
6932.57464031558  6.772836E-17
6935.37548671003  7.101790E-17
6938.17633310449  5.959357E-17
6940.97717949894  5.330403E-17
6943.7780258934  6.199363E-17
6946.57887228785  6.088657E-17
6949.3797186823  6.547934E-17
6952.18056507676  6.707943E-17
6954.98141147121  6.496144E-17
6957.78225786567  6.287655E-17
6960.58310426012  6.880903E-17
6963.38395065457  7.201265E-17
6966.18479704903  6.784617E-17
6968.98564344348  6.940305E-17
6971.78648983793  7.829516E-17
6974.58733623239  7.017935E-17
6977.38818262684  6.560590E-17
6980.1890290213  8.293839E-17
6982.98987541575  6.592471E-17
6985.7907218102  6.101688E-17
6988.59156820466  6.886066E-17
6991.39241459911  6.584137E-17
6994.19326099357  6.626705E-17
6996.99410738802  6.521598E-17
6999.79495378247  6.602192E-17
7002.59580017693  5.907036E-17
7005.39664657138  6.726494E-17
7008.19749296583  6.895786E-17
7010.99833936029  7.202722E-17
7013.79918575474  6.778015E-17
7016.6000321492  6.488594E-17
7019.40087854365  6.834475E-17
7022.2017249381  7.488229E-17
7025.00257133256  7.758744E-17
7027.80341772701  7.621295E-17
7030.60426412147  7.319083E-17
7033.40511051592  6.894591E-17
7036.20595691038  8.283385E-17
7039.00680330483  7.595442E-17
7041.80764969928  7.101592E-17
7044.60849609374  6.735261E-17
7047.40934248819  7.438746E-17
7050.21018888264  6.898516E-17
7053.0110352771  6.426622E-17
7055.81188167155  6.477160E-17
7058.61272806601  6.717623E-17
7061.41357446046  7.478039E-17
7064.21442085491  8.001293E-17
7067.01526724937  8.330069E-17
7069.81611364382  6.871493E-17
7072.61696003827  6.997063E-17
7075.41780643273  7.386060E-17
7078.21865282718  7.302112E-17
7081.01949922164  7.501938E-17
7083.82034561609  7.025287E-17
7086.62119201055  7.728534E-17
7089.422038405  6.730656E-17
7092.22288479945  7.827613E-17
7095.02373119391  6.981997E-17
7097.82457758836  7.131197E-17
7100.62542398281  8.268282E-17
7103.42627037727  8.061526E-17
7106.22711677172  7.504933E-17
7109.02796316618  7.796950E-17
7111.82880956063  7.626345E-17
7114.62965595509  6.887351E-17
7117.43050234954  6.728331E-17
7120.23134874399  7.581630E-17
7123.03219513845  6.934983E-17
7125.8330415329  6.974358E-17
7128.63388792735  6.772279E-17
7131.43473432181  7.309784E-17
7134.23558071626  6.237042E-17
7137.03642711072  6.966084E-17
7139.83727350517  7.476542E-17
7142.63811989962  6.181285E-17
7145.43896629408  7.169335E-17
7148.23981268853  7.941227E-17
7151.04065908299  7.644730E-17
7153.84150547744  7.041008E-17
7156.64235187189  7.537481E-17
7159.44319826635  7.241929E-17
7162.2440446608  6.396177E-17
7165.04489105525  6.435339E-17
7167.84573744971  5.417988E-17
7170.64658384416  5.974860E-17
7173.44743023862  4.899473E-17
7176.24827663307  5.406395E-17
7179.04912302752  5.266467E-17
7181.84996942198  4.473925E-17
7184.65081581643  4.580567E-17
7187.45166221089  5.202071E-17
7190.25250860534  6.209846E-17
7193.05335499979  5.932725E-17
7195.85420139425  5.388441E-17
7198.6550477887  5.373086E-17
7201.45589418316  6.184996E-17
7204.25674057761  6.993592E-17
7207.05758697206  6.451823E-17
7209.85843336652  6.210423E-17
7212.65927976097  7.361957E-17
7215.46012615542  6.560202E-17
7218.26097254988  6.285327E-17
7221.06181894433  6.900445E-17
7223.86266533879  6.662134E-17
7226.66351173324  5.910949E-17
7229.4643581277  4.954430E-17
7232.26520452215  6.074432E-17
7235.0660509166  5.404187E-17
7237.86689731106  3.336898E-17
7240.66774370551  4.087620E-17
7243.46859009996  2.706544E-17
7246.26943649442  5.380720E-17
7249.07028288887  6.669560E-17
7251.87112928333  5.454852E-17
7254.67197567778  5.610828E-17
7257.47282207223  6.097214E-17
7260.27366846669  5.078464E-17
7263.07451486114  5.114602E-17
7265.87536125559  6.201674E-17
7268.67620765005  5.695690E-17
7271.4770540445  4.986211E-17
7274.27790043896  6.559540E-17
7277.07874683341  6.101513E-17
7279.87959322786  4.497700E-17
7282.68043962232  4.191270E-17
7285.48128601677  5.006998E-17
7288.28213241123  6.208091E-17
7291.08297880568  5.489655E-17
7293.88382520013  4.882668E-17
7296.68467159459  5.775306E-17
7299.48551798904  5.281403E-17
7302.2863643835  5.573254E-17
7305.08721077795  6.603733E-17
7307.8880571724  6.200963E-17
7310.68890356686  6.831053E-17
7313.48974996131  5.681708E-17
7316.29059635576  5.565825E-17
7319.09144275022  6.866629E-17
7321.89228914467  6.528245E-17
7324.69313553913  7.857321E-17
7327.49398193358  6.408044E-17
7330.29482832804  7.006786E-17
7333.09567472249  6.285532E-17
7335.89652111694  6.252677E-17
7338.6973675114  5.001805E-17
7341.49821390585  6.137848E-17
7344.2990603003  6.633272E-17
7347.09990669476  6.947836E-17
7349.90075308921  6.221106E-17
7352.70159948367  5.916456E-17
7355.50244587812  6.602275E-17
7358.30329227257  6.558298E-17
7361.10413866703  6.334061E-17
7363.90498506148  5.706173E-17
7366.70583145594  4.908080E-17
7369.50667785039  6.615227E-17
7372.30752424484  6.038185E-17
7375.1083706393  6.775109E-17
7377.90921703375  6.633349E-17
7380.71006342821  6.507159E-17
7383.51090982266  7.450421E-17
7386.31175621711  7.730487E-17
7389.11260261157  6.248801E-17
7391.91344900602  6.560051E-17
7394.71429540047  6.706064E-17
7397.51514179493  5.147794E-17
7400.31598818938  4.097338E-17
7403.11683458384  4.989489E-17
7405.91768097829  5.040306E-17
7408.71852737274  5.952032E-17
7411.5193737672  6.766903E-17
7414.32022016165  6.960923E-17
7417.12106655611  6.839815E-17
7419.92191295056  7.422770E-17
7422.72275934501  7.052260E-17
7425.52360573947  6.691986E-17
7428.32445213392  6.965206E-17
7431.12529852837  6.632119E-17
7433.92614492283  6.136105E-17
7436.72699131728  8.675719E-17
7439.52783771174  7.265373E-17
7442.32868410619  5.925220E-17
7445.12953050064  7.158303E-17
7447.9303768951  6.632793E-17
7450.73122328955  6.313774E-17
7453.53206968401  6.114527E-17
7456.33291607846  6.247192E-17
7459.13376247291  6.657021E-17
7461.93460886737  7.864811E-17
7464.73545526182  8.033796E-17
7467.53630165628  6.981471E-17
7470.33714805073  6.326113E-17
7473.13799444519  6.438796E-17
7475.93884083964  5.997313E-17
7478.73968723409  6.745704E-17
7481.54053362855  6.795313E-17
7484.341380023  5.124188E-17
7487.14222641745  5.769990E-17
7489.94307281191  7.302061E-17
7492.74391920636  6.771987E-17
7495.54476560081  7.126664E-17
7498.34561199527  6.524693E-17
7501.14645838972  7.112386E-17
7503.94730478418  7.534778E-17
7506.74815117863  6.612312E-17
7509.54899757308  6.741496E-17
7512.34984396754  6.561535E-17
7515.15069036199  5.905502E-17
7517.95153675645  7.124680E-17
7520.7523831509  6.790314E-17
7523.55322954536  6.298954E-17
7526.35407593981  7.122822E-17
7529.15492233426  7.173288E-17
7531.95576872871  7.026427E-17
7534.75661512317  6.170493E-17
7537.55746151762  7.594344E-17
7540.35830791208  8.127102E-17
7543.15915430653  7.242175E-17
7545.96000070099  7.105566E-17
7548.76084709544  6.162762E-17
7551.56169348989  6.774276E-17
7554.36253988435  6.600244E-17
7557.1633862788  6.610593E-17
7559.96423267325  6.775219E-17
7562.76507906771  5.844419E-17
7565.56592546216  5.903114E-17
7568.36677185662  5.387210E-17
7571.16761825107  5.063840E-17
7573.96846464552  6.312003E-17
7576.76931103998  6.896947E-17
7579.57015743443  6.710224E-17
7582.37100382889  6.187134E-17
7585.17185022334  6.753729E-17
7587.97269661779  6.527535E-17
7590.77354301225  6.150537E-17
7593.5743894067  4.963327E-17
7596.37523580116  3.475686E-17
7599.17608219561  2.563860E-17
7601.97692859006  1.169781E-17
7604.77777498452  1.550211E-17
7607.57862137897  1.730776E-17
7610.37946777343  1.980300E-17
7613.18031416788  3.167663E-17
7615.98116056233  3.660910E-17
7618.78200695679  3.526689E-17
7621.58285335124  4.215463E-17
7624.3836997457  3.227421E-17
7627.18454614015  2.773830E-17
7629.9853925346  3.165231E-17
7632.78623892906  3.463370E-17
7635.58708532351  3.929792E-17
7638.38793171796  4.126689E-17
7641.18877811242  3.778556E-17
7643.98962450687  4.647412E-17
7646.79047090133  3.983861E-17
7649.59131729578  3.639544E-17
7652.39216369023  3.975667E-17
7655.19301008469  4.575675E-17
7657.99385647914  4.570751E-17
7660.79470287359  5.925733E-17
7663.59554926805  4.805074E-17
7666.3963956625  4.721306E-17
7669.19724205696  6.168507E-17
7671.99808845141  5.627500E-17
7674.79893484587  6.556641E-17
7677.59978124032  5.837245E-17
7680.40062763477  5.082936E-17
7683.20147402923  5.347765E-17
7686.00232042368  6.283383E-17
7688.80316681813  4.577455E-17
7691.60401321259  4.669678E-17
7694.40485960704  5.631101E-17
7697.2057060015  3.845004E-17
7700.00655239595  4.329320E-17
7702.8073987904  5.454097E-17
7705.60824518486  6.307869E-17
7708.40909157931  4.071178E-17
7711.20993797377  2.088270E-17
7714.01078436822  6.264613E-17
7716.81163076267  4.720658E-17
7719.61247715713  3.294175E-17
7722.41332355158  4.169911E-17
7725.21416994604  4.774336E-17
7728.01501634049  2.925528E-17
7730.81586273494  5.134628E-17
7733.6167091294  5.457071E-17
7736.41755552385  5.143349E-17
7739.2184019183  5.029453E-17
7742.01924831276  5.563001E-17
7744.82009470721  3.940654E-17
7747.62094110167  3.983231E-17
7750.42178749612  4.360641E-17
7753.22263389057  3.087179E-17
7756.02348028503  4.932485E-17
7758.82432667948  6.011249E-17
7761.62517307394  5.762967E-17
7764.42601946839  4.842354E-17
7767.22686586284  5.467978E-17
7770.0277122573  6.372271E-17
7772.82855865175  5.663609E-17
7775.62940504621  5.511350E-17
7778.43025144066  5.589449E-17
7781.23109783511  5.408951E-17
7784.03194422957  5.525402E-17
7786.83279062402  6.989073E-17
7789.63363701847  5.592501E-17
7792.43448341293  5.610046E-17
7795.23532980738  7.279936E-17
7798.03617620184  6.901395E-17
7800.83702259629  7.279783E-17
7803.63786899074  5.316810E-17
7806.4387153852  4.921923E-17
7809.23956177965  6.233671E-17
7812.0404081741  6.020616E-17
7814.84125456856  4.781529E-17
7817.64210096302  4.151787E-17
7820.44294735747  4.891173E-17
7823.24379375192  6.869521E-17
7826.04464014638  6.588515E-17
7828.84548654083  5.748069E-17
7831.64633293528  5.631397E-17
7834.44717932974  5.801293E-17
7837.24802572419  5.268803E-17
7840.04887211865  5.045449E-17
7842.8497185131  5.078205E-17
7845.65056490755  4.736229E-17
7848.45141130201  4.851416E-17
7851.25225769646  4.820147E-17
7854.05310409092  5.350735E-17
7856.85395048537  5.697372E-17
7859.65479687982  4.330112E-17
7862.45564327428  4.899049E-17
7865.25648966873  3.878334E-17
7868.05733606318  4.181393E-17
7870.85818245764  4.754339E-17
7873.65902885209  3.991777E-17
7876.45987524655  5.420983E-17
7879.260721641  5.458129E-17
7882.06156803545  5.578330E-17
7884.86241442991  4.813916E-17
7887.66326082436  5.616603E-17
7890.46410721882  4.928196E-17
7893.26495361327  4.549182E-17
7896.06580000772  4.393659E-17
7898.86664640218  4.879661E-17
7901.66749279663  5.905327E-17
7904.46833919108  5.951613E-17
7907.26918558554  4.760280E-17
7910.07003197999  5.613429E-17
7912.87087837445  5.016127E-17
7915.6717247689  3.502657E-17
7918.47257116335  5.281820E-17
7921.27341755781  4.541720E-17
7924.07426395226  4.968462E-17
7926.87511034672  5.202032E-17
7929.67595674117  5.293781E-17
7932.47680313562  7.062851E-17
7935.27764953008  7.000880E-17
7938.07849592453  5.715930E-17
7940.87934231899  6.800770E-17
7943.68018871344  5.676849E-17
7946.48103510789  5.394867E-17
7949.28188150235  5.541150E-17
7952.0827278968  5.624387E-17
7954.88357429125  6.365744E-17
7957.68442068571  5.796411E-17
7960.48526708016  4.417022E-17
7963.28611347462  5.882944E-17
7966.08695986907  4.201296E-17
7968.88780626353  3.374830E-17
7971.68865265798  4.994742E-17
7974.48949905243  6.722218E-17
7977.29034544689  4.380723E-17
7980.09119184134  4.486520E-17
7982.89203823579  5.722465E-17
7985.69288463025  4.435060E-17
7988.4937310247  5.466449E-17
7991.29457741916  4.812641E-17
7994.09542381361  4.266219E-17
7996.89627020806  4.940719E-17
7999.69711660252  5.179588E-17
8002.49796299697  5.048679E-17
8005.29880939143  5.061410E-17
8008.09965578588  4.783879E-17
8010.90050218033  5.322383E-17
8013.70134857479  6.399121E-17
8016.50219496924  6.501924E-17
8019.3030413637  5.160108E-17
8022.10388775815  5.115786E-17
8024.9047341526  5.936166E-17
8027.70558054706  5.713918E-17
8030.50642694151  3.878726E-17
8033.30727333596  5.415020E-17
8036.10811973042  4.661069E-17
8038.90896612487  5.065626E-17
8041.70981251933  5.937929E-17
8044.51065891378  5.342161E-17
8047.31150530823  6.053229E-17
8050.11235170269  6.728617E-17
8052.91319809714  6.865230E-17
8055.71404449159  6.574757E-17
8058.51489088605  5.870139E-17
8061.3157372805  5.266528E-17
8064.11658367496  6.632185E-17
8066.91743006941  5.778297E-17
8069.71827646387  5.874762E-17
8072.51912285832  6.218219E-17
8075.31996925277  6.891485E-17
8078.12081564723  5.740968E-17
8080.92166204168  6.014357E-17
8083.72250843613  6.426653E-17
8086.52335483059  5.601840E-17
8089.32420122504  6.149195E-17
8092.1250476195  5.687513E-17
8094.92589401395  6.054009E-17
8097.7267404084  5.972095E-17
8100.52758680286  5.610622E-17
8103.32843319731  7.227657E-17
8106.12927959177  5.951778E-17
8108.93012598622  5.364195E-17
8111.73097238067  6.459909E-17
8114.53181877513  5.727952E-17
8117.33266516958  6.084019E-17
8120.13351156404  6.162110E-17
8122.93435795849  6.112877E-17
8125.73520435294  6.132290E-17
8128.5360507474  5.711392E-17
8131.33689714185  6.094754E-17
8134.13774353631  6.304902E-17
8136.93858993076  6.129921E-17
8139.73943632521  4.454116E-17
8142.54028271967  4.848865E-17
8145.34112911412  5.032213E-17
8148.14197550857  4.787857E-17
8150.94282190303  5.401669E-17
8153.74366829748  5.632959E-17
8156.54451469194  7.182812E-17
8159.34536108639  5.435261E-17
8162.14620748084  4.929018E-17
8164.9470538753  4.564760E-17
8167.74790026975  4.093559E-17
8170.54874666421  5.889973E-17
8173.34959305866  6.044833E-17
8176.15043945311  4.232833E-17
8178.95128584757  5.374667E-17
8181.75213224202  5.294483E-17
8184.55297863648  5.463717E-17
8187.35382503093  6.048366E-17
8190.15467142538  5.291616E-17
8192.95551781984  4.894836E-17
8195.75636421429  5.160548E-17
8198.55721060874  4.652483E-17
8201.3580570032  4.588389E-17
8204.15890339765  5.347680E-17
8206.95974979211  7.525096E-17
8209.76059618656  7.130028E-17
8212.56144258101  5.986803E-17
8215.36228897547  5.879898E-17
8218.16313536992  5.731374E-17
8220.96398176438  6.041557E-17
8223.76482815883  5.405349E-17
8226.56567455328  3.693509E-17
8229.36652094774  4.074193E-17
8232.16736734219  5.780392E-17
8234.96821373665  5.354692E-17
8237.7690601311  5.740213E-17
8240.56990652555  5.896626E-17
8243.37075292001  6.189180E-17
8246.17159931446  6.358935E-17
8248.97244570891  5.890041E-17
8251.77329210337  8.641440E-17
8254.57413849782  6.244847E-17
8257.37498489228  4.978401E-17
8260.17583128673  6.473770E-17
8262.97667768118  5.820263E-17
8265.77752407564  6.279493E-17
8268.57837047009  7.242289E-17
8271.37921686455  7.969873E-17
8274.180063259  5.460651E-17
8276.98090965346  4.689091E-17
8279.78175604791  3.856771E-17
8282.58260244236  4.949825E-17
8285.38344883682  5.585744E-17
8288.18429523127  3.714957E-17
8290.98514162572  3.425476E-17
8293.78598802018  4.081087E-17
8296.58683441463  5.355511E-17
8299.38768080909  4.254325E-17
8302.18852720354  4.152333E-17
8304.98937359799  4.572396E-17
8307.79021999245  5.068412E-17
8310.5910663869  4.520825E-17
8313.39191278136  4.580719E-17
8316.19275917581  4.827401E-17
8318.99360557026  5.372374E-17
8321.79445196472  5.736966E-17
8324.59529835917  5.139327E-17
8327.39614475362  4.965560E-17
8330.19699114808  5.838130E-17
8332.99783754253  4.395604E-17
8335.79868393699  4.178938E-17
8338.59953033144  3.856076E-17
8341.40037672589  5.216150E-17
8344.20122312035  3.010707E-17
8347.0020695148  5.963563E-17
8349.80291590925  6.255228E-17
8352.60376230371  5.652475E-17
8355.40460869816  5.094609E-17
8358.20545509262  5.291477E-17
8361.00630148707  5.256344E-17
8363.80714788153  5.468816E-17
8366.60799427598  6.267988E-17
8369.40884067043  4.860149E-17
8372.20968706489  4.540598E-17
8375.01053345934  5.256943E-17
8377.81137985379  3.878234E-17
8380.61222624825  3.695207E-17
8383.4130726427  4.901890E-17
8386.21391903716  4.829369E-17
8389.01476543161  5.306173E-17
8391.81561182606  5.856409E-17
8394.61645822052  5.745591E-17
8397.41730461497  5.052296E-17
8400.21815100942  7.276839E-17
8403.01899740388  6.360999E-17
8405.81984379833  4.963489E-17
8408.62069019279  6.189532E-17
8411.42153658724  6.057448E-17
8414.2223829817  3.883350E-17
8417.02322937615  4.651960E-17
8419.8240757706  5.501267E-17
8422.62492216506  4.726427E-17
8425.42576855951  6.221781E-17
8428.22661495397  6.117643E-17
8431.02746134842  5.765040E-17
8433.82830774287  3.155066E-17
8436.62915413733  3.895572E-17
8439.43000053178  6.693973E-17
8442.23084692623  5.877031E-17
8445.03169332069  5.831401E-17
8447.83253971514  4.734459E-17
8450.6333861096  3.842997E-17
8453.43423250405  4.192895E-17
8456.23507889851  6.528385E-17
8459.03592529296  4.978283E-17
8461.83677168741  3.095090E-17
8464.63761808187  2.776500E-17
8467.43846447632  3.711349E-17
8470.23931087077  4.284715E-17
8473.04015726523  5.827494E-17
8475.84100365968  5.433562E-17
8478.64185005414  4.825648E-17
8481.44269644859  6.531089E-17
8484.24354284304  7.280275E-17
8487.0443892375  6.581466E-17
8489.84523563195  5.746224E-17
8492.6460820264  5.839373E-17
8495.44692842086  6.850342E-17
8498.24777481531  6.659562E-17
8501.04862120977  3.987440E-17
8503.84946760422  5.997865E-17
8506.65031399867  6.258192E-17
8509.45116039313  6.126385E-17
8512.25200678758  7.360630E-17
8515.05285318204  7.648193E-17
8517.85369957649  8.204980E-17
8520.65454597094  8.218818E-17
8523.4553923654  8.465871E-17
8526.25623875985  7.916959E-17
8529.05708515431  8.005326E-17
8531.85793154876  7.294785E-17
8534.65877794321  6.066054E-17
8537.45962433767  6.542394E-17
8540.26047073212  5.868489E-17
8543.06131712657  6.060762E-17
8545.86216352103  5.058067E-17
8548.66300991548  7.054260E-17
8551.46385630994  8.219624E-17
8554.26470270439  8.437752E-17
8557.06554909885  7.897210E-17
8559.8663954933  8.076277E-17
8562.66724188775  8.404817E-17
8565.46808828221  7.521731E-17
8568.26893467666  6.220192E-17
8571.06978107111  6.344015E-17
8573.87062746557  6.576898E-17
8576.67147386002  5.999635E-17
8579.47232025448  5.717443E-17
8582.27316664893  6.046245E-17
8585.07401304338  5.366574E-17
8587.87485943784  4.932719E-17
8590.67570583229  5.421596E-17
8593.47655222674  4.669988E-17
8596.2773986212  4.322579E-17
8599.07824501565  5.160131E-17
8601.87909141011  5.409101E-17
8604.67993780456  5.183435E-17
8607.48078419902  5.556155E-17
8610.28163059347  5.510547E-17
8613.08247698792  4.189344E-17
8615.88332338238  6.011503E-17
8618.68416977683  5.216720E-17
8621.48501617128  5.498209E-17
8624.28586256574  8.342396E-17
8627.08670896019  4.275212E-17
8629.88755535465  4.476039E-17
8632.6884017491  3.588232E-17
8635.48924814355  4.877330E-17
8638.29009453801  6.861468E-17
8641.09094093246  4.115518E-17
8643.89178732692  5.654399E-17
8646.69263372137  4.826551E-17
8649.49348011582  6.115654E-17
8652.29432651028  6.960260E-17
8655.09517290473  4.739086E-17
8657.89601929918  3.999843E-17
8660.69686569364  5.721678E-17
8663.49771208809  8.067487E-17
8666.29855848255  7.584667E-17
8669.099404877  7.672700E-17
8671.90025127145  6.284619E-17
8674.70109766591  6.526962E-17
8677.50194406036  5.715861E-17
8680.30279045482  6.488123E-17
8683.10363684927  7.030160E-17
8685.90448324372  5.226151E-17
8688.70532963818  7.078780E-17
8691.50617603263  5.052370E-17
8694.30702242709  5.689264E-17
8697.10786882154  7.416807E-17
8699.90871521599  5.393884E-17
8702.70956161045  5.868921E-17
8705.5104080049  6.133460E-17
8708.31125439936  4.716567E-17
8711.11210079381  5.748578E-17
8713.91294718826  5.412774E-17
8716.71379358272  4.404210E-17
8719.51463997717  5.110357E-17
8722.31548637162  5.513928E-17
8725.11633276608  5.030276E-17
8727.91717916053  4.239040E-17
8730.71802555499  5.382934E-17
8733.51887194944  6.214077E-17
8736.31971834389  6.374255E-17
8739.12056473835  6.038165E-17
8741.9214111328  6.594061E-17
8744.72225752725  5.712525E-17
8747.52310392171  4.878280E-17
8750.32395031616  6.113926E-17
8753.12479671062  5.031047E-17
8755.92564310507  2.709238E-17
8758.72648949953  3.022855E-17
8761.52733589398  3.410253E-17
8764.32818228843  5.591390E-17
8767.12902868289  5.264260E-17
8769.92987507734  4.349212E-17
8772.7307214718  4.220532E-17
8775.53156786625  5.624448E-17
8778.3324142607  6.154054E-17
8781.13326065516  6.221516E-17
8783.93410704961  6.622123E-17
8786.73495344406  5.471134E-17
8789.53579983852  4.443326E-17
8792.33664623297  4.687136E-17
8795.13749262743  4.934444E-17
8797.93833902188  5.809366E-17
8800.73918541634  5.688088E-17
8803.54003181079  6.189776E-17
8806.34087820524  4.236285E-17
8809.1417245997  5.182830E-17
8811.94257099415  5.190202E-17
8814.7434173886  5.031207E-17
8817.54426378306  5.082388E-17
8820.34511017751  4.536860E-17
8823.14595657197  4.117357E-17
8825.94680296642  2.282010E-17
8828.74764936087  3.973494E-17
8831.54849575533  3.250461E-17
8834.34934214978  4.290386E-17
8837.15018854423  7.130906E-17
8839.95103493869  4.964687E-17
8842.75188133314  3.735871E-17
8845.5527277276  4.477550E-17
8848.35357412205  5.228335E-17
8851.1544205165  5.075081E-17
8853.95526691096  5.339652E-17
8856.75611330541  4.759202E-17
8859.55695969987  6.710681E-17
8862.35780609432  5.822391E-17
8865.15865248877  5.473178E-17
8867.95949888323  6.112890E-17
8870.76034527768  9.578198E-17
8873.56119167213  4.771426E-17
8876.36203806659  4.552583E-17
8879.16288446104  4.000103E-17
8881.9637308555  3.219232E-17
8884.76457724995  6.907871E-17
8887.5654236444  7.747387E-17
8890.36627003886  4.130456E-17
8893.16711643331  3.707506E-17
8895.96796282777  4.027167E-17
8898.76880922222  2.905907E-17
8901.56965561667  1.969101E-17
8904.37050201113  3.904899E-17
8907.17134840558  4.079907E-17
8909.97219480004  4.481829E-17
8912.77304119449  6.004802E-17
8915.57388758895  4.202050E-17
8918.3747339834  4.005010E-17
8921.17558037785  4.138766E-17
8923.97642677231  3.134842E-17
8926.77727316676  2.679507E-17
8929.57811956121  4.931647E-17
8932.37896595567  5.319101E-17
8935.17981235012  5.065278E-17
8937.98065874458  3.982818E-17
8940.78150513903  3.900262E-17
8943.58235153348  3.546900E-17
8946.38319792794  2.426858E-17
8949.18404432239  4.165005E-17
8951.98489071685  4.425985E-17
8954.7857371113  2.479784E-17
8957.58658350575  6.344043E-17
8960.38742990021  3.713716E-17
8963.18827629466  2.909692E-17
8965.98912268911  2.113414E-17
8968.78996908357  5.058338E-17
8971.59081547802  3.487584E-17
8974.39166187248  4.156940E-17
8977.19250826693  5.062830E-17
8979.99335466138  3.523296E-17
8982.79420105584  3.042619E-17
8985.59504745029  4.258215E-17
8988.39589384474  3.902228E-17
8991.1967402392  4.759742E-17
8993.99758663365  5.361068E-17
8996.79843302811  3.322739E-17
8999.59927942256  2.696983E-17
9002.40012581702  6.053311E-17
9005.20097221147  5.018010E-17
9008.00181860592  3.720391E-17
9010.80266500038  6.118356E-17
9013.60351139483  3.994825E-17
9016.40435778928  3.379254E-17
9019.20520418374  4.723173E-17
9022.00605057819  5.396122E-17
9024.80689697265  4.878204E-17
9027.6077433671  5.095947E-17
9030.40858976155  5.635002E-17
9033.20943615601  5.126979E-17
9036.01028255046  5.118598E-17
9038.81112894491  4.733829E-17
9041.61197533937  4.462473E-17
9044.41282173383  6.687647E-17
9047.21366812828  4.721568E-17
9050.01451452273  3.155971E-17
9052.81536091719  3.344789E-17
9055.61620731164  6.267581E-17
9058.41705370609  6.263105E-17
9061.21790010055  4.679351E-17
9064.018746495  3.977350E-17
9066.81959288946  4.197138E-17
9069.62043928391  5.690871E-17
9072.42128567836  5.882715E-17
9075.22213207282  4.777229E-17
9078.02297846727  4.383696E-17
9080.82382486172  4.456997E-17
9083.62467125618  4.995531E-17
9086.42551765063  4.258597E-17
9089.22636404509  3.794868E-17
9092.02721043954  3.772460E-17
9094.82805683399  3.077117E-17
9097.62890322845  3.435351E-17
9100.4297496229  4.421783E-17
9103.23059601736  5.446948E-17
9106.03144241181  5.601239E-17
9108.83228880626  4.911117E-17
9111.63313520072  4.367638E-17
9114.43398159517  4.223226E-17
9117.23482798963  4.024176E-17
9120.03567438408  3.242602E-17
9122.83652077853  3.229662E-17
9125.63736717299  4.378198E-17
9128.43821356744  4.198201E-17
9131.23905996189  2.880501E-17
9134.03990635635  2.248464E-17
9136.8407527508  3.579631E-17
9139.64159914526  4.608661E-17
9142.44244553971  4.445090E-17
9145.24329193416  4.309146E-17
9148.04413832862  3.918192E-17
9150.84498472307  3.966341E-17
9153.64583111753  3.610702E-17
9156.44667751198  4.990938E-17
9159.24752390643  5.873166E-17
9162.04837030089  3.670930E-17
9164.84921669534  4.878321E-17
9167.6500630898  3.789015E-17
9170.45090948425  2.906547E-17
9173.2517558787  3.134625E-17
9176.05260227316  3.561952E-17
9178.85344866761  3.794395E-17
9181.65429506206  4.172180E-17
9184.45514145652  5.340933E-17
9187.25598785097  6.258031E-17
9190.05683424543  5.615418E-17
9192.85768063988  5.879021E-17
9195.65852703434  5.721839E-17
9198.45937342879  7.275537E-17
9201.26021982324  6.313729E-17
9204.0610662177  6.061711E-17
9206.86191261215  6.776283E-17
9209.6627590066  5.215973E-17
9212.46360540106  4.837993E-17
9215.26445179551  6.138836E-17
9218.06529818997  5.565285E-17
9220.86614458442  6.576174E-17
9223.66699097887  5.515902E-17
9226.46783737333  6.291585E-17
9229.26868376778  7.547856E-17
9232.06953016224  6.321441E-17
9234.87037655669  5.545770E-17
9237.67122295114  5.883712E-17
9240.4720693456  5.328839E-17
9243.27291574005  6.346448E-17
9246.0737621345  6.462404E-17
9248.87460852896  6.952045E-17
9251.67545492341  5.591001E-17
9254.47630131787  4.372319E-17
9257.27714771232  5.924104E-17
9260.07799410677  6.379076E-17
9262.87884050123  7.031365E-17
9265.67968689568  5.739954E-17
9268.48053329014  5.062279E-17
9271.28137968459  5.097426E-17
9274.08222607904  4.266429E-17
9276.8830724735  3.897550E-17
9279.68391886795  3.729472E-17
9282.48476526241  3.714469E-17
9285.28561165686  3.811548E-17
9288.08645805131  4.088451E-17
9290.88730444577  5.150439E-17
9293.68815084022  4.359185E-17
9296.48899723468  4.204395E-17
9299.28984362913  4.014741E-17
9302.09069002358  1.588675E-17
9304.89153641804  3.818433E-17
9307.69238281249  1.215908E-17
