3684.8979492187  3.472355E-14
3687.70739945795  3.387242E-14
3690.5168496972  3.280053E-14
3693.32629993645  3.276695E-14
3696.13575017569  3.280109E-14
3698.94520041494  3.293475E-14
3701.75465065419  3.336542E-14
3704.56410089344  3.384370E-14
3707.37355113269  3.451696E-14
3710.18300137194  3.447559E-14
3712.99245161118  3.494589E-14
3715.80190185043  3.547427E-14
3718.61135208968  3.534728E-14
3721.42080232893  3.535501E-14
3724.23025256817  3.546282E-14
3727.03970280742  3.559995E-14
3729.84915304667  3.622902E-14
3732.65860328592  3.683836E-14
3735.46805352517  3.718175E-14
3738.27750376441  3.721227E-14
3741.08695400366  3.828239E-14
3743.89640424291  3.919138E-14
3746.70585448216  3.911026E-14
3749.5153047214  3.905234E-14
3752.32475496065  3.951174E-14
3755.1342051999  4.016296E-14
3757.94365543915  4.064233E-14
3760.75310567839  4.101590E-14
3763.56255591764  4.184956E-14
3766.37200615689  4.148069E-14
3769.18145639614  4.102058E-14
3771.99090663539  4.157595E-14
3774.80035687463  4.207464E-14
3777.60980711388  4.220339E-14
3780.41925735313  4.272723E-14
3783.22870759238  4.327482E-14
3786.03815783163  4.322689E-14
3788.84760807087  4.350991E-14
3791.65705831012  4.363643E-14
3794.46650854937  4.357269E-14
3797.27595878862  4.330452E-14
3800.08540902786  4.355476E-14
3802.89485926711  4.387563E-14
3805.70430950636  4.395624E-14
3808.51375974561  4.370300E-14
3811.32320998485  4.383035E-14
3814.1326602241  4.453099E-14
3816.94211046335  4.511003E-14
3819.7515607026  4.575301E-14
3822.56101094185  4.696485E-14
3825.37046118109  4.762921E-14
3828.17991142034  4.728790E-14
3830.98936165959  4.783588E-14
3833.79881189884  4.759631E-14
3836.60826213809  4.650556E-14
3839.41771237733  4.611746E-14
3842.22716261658  4.592791E-14
3845.03661285583  4.618931E-14
3847.84606309508  4.652446E-14
3850.65551333432  4.711153E-14
3853.46496357357  4.800211E-14
3856.27441381282  4.917902E-14
3859.08386405207  5.050191E-14
3861.89331429132  5.174563E-14
3864.70276453056  5.288258E-14
3867.51221476981  5.359487E-14
3870.32166500906  5.360909E-14
3873.13111524831  5.368142E-14
3875.94056548755  5.378581E-14
3878.7500157268  5.337146E-14
3881.55946596605  5.283727E-14
3884.3689162053  5.216399E-14
3887.17836644455  5.155544E-14
3889.98781668379  5.066073E-14
3892.79726692304  5.006468E-14
3895.60671716229  4.920800E-14
3898.41616740154  4.893349E-14
3901.22561764079  4.949968E-14
3904.03506788003  4.997631E-14
3906.84451811928  5.096985E-14
3909.65396835853  5.225188E-14
3912.46341859778  5.375520E-14
3915.27286883702  5.488905E-14
3918.08231907627  5.638022E-14
3920.89176931552  5.856883E-14
3923.70121955477  5.969039E-14
3926.51066979401  6.040079E-14
3929.32012003326  6.096075E-14
3932.12957027251  6.149963E-14
3934.93902051176  6.151159E-14
3937.74847075101  6.175668E-14
3940.55792099025  6.201110E-14
3943.3673712295  6.151662E-14
3946.17682146875  6.099617E-14
3948.986271708  6.067933E-14
3951.79572194725  6.083235E-14
3954.60517218649  6.018851E-14
3957.41462242574  5.932586E-14
3960.22407266499  5.830956E-14
3963.03352290424  5.751722E-14
3965.84297314348  5.656244E-14
3968.65242338273  5.520201E-14
3971.46187362198  5.481059E-14
3974.27132386123  5.392510E-14
3977.08077410048  5.336197E-14
3979.89022433972  5.321577E-14
3982.69967457897  5.292838E-14
3985.50912481822  5.363556E-14
3988.31857505747  5.496413E-14
3991.12802529672  5.617824E-14
3993.93747553596  5.722132E-14
3996.74692577521  5.863308E-14
3999.55637601446  6.033239E-14
4002.36582625371  6.153354E-14
4005.17527649295  6.169491E-14
4007.9847267322  6.221317E-14
4010.79417697145  6.310635E-14
4013.6036272107  6.301830E-14
4016.41307744995  6.315348E-14
4019.22252768919  6.321511E-14
4022.03197792844  6.348240E-14
4024.84142816769  6.366143E-14
4027.65087840694  6.370204E-14
4030.46032864618  6.377371E-14
4033.26977888543  6.405442E-14
4036.07922912468  6.397168E-14
4038.88867936393  6.369112E-14
4041.69812960317  6.399653E-14
4044.50757984242  6.422194E-14
4047.31703008167  6.458140E-14
4050.12648032092  6.469900E-14
4052.93593056017  6.480803E-14
4055.74538079941  6.486941E-14
4058.55483103866  6.501870E-14
4061.36428127791  6.534643E-14
4064.17373151716  6.510074E-14
4066.98318175641  6.485146E-14
4069.79263199565  6.465075E-14
4072.6020822349  6.415282E-14
4075.41153247415  6.360715E-14
4078.2209827134  6.305466E-14
4081.03043295264  6.286726E-14
4083.83988319189  6.192559E-14
4086.64933343114  6.097270E-14
4089.45878367039  5.970113E-14
4092.26823390964  5.840975E-14
4095.07768414888  5.744112E-14
4097.88713438813  5.662527E-14
4100.69658462738  5.598554E-14
4103.50603486663  5.479420E-14
4106.31548510587  5.410135E-14
4109.12493534512  5.389614E-14
4111.93438558437  5.408944E-14
4114.74383582362  5.420481E-14
4117.55328606287  5.465161E-14
4120.36273630211  5.592927E-14
4123.17218654136  5.688563E-14
4125.98163678061  5.784038E-14
4128.79108701986  5.901717E-14
4131.60053725911  5.989827E-14
4134.40998749835  6.067466E-14
4137.2194377376  6.151758E-14
4140.02888797685  6.222416E-14
4142.8383382161  6.266563E-14
4145.64778845534  6.304995E-14
4148.45723869459  6.362679E-14
4151.26668893384  6.429376E-14
4154.07613917309  6.462393E-14
4156.88558941233  6.502327E-14
4159.69503965158  6.520042E-14
4162.50448989083  6.571062E-14
4165.31394013008  6.594208E-14
4168.12339036933  6.574092E-14
4170.93284060857  6.568758E-14
4173.74229084782  6.578635E-14
4176.55174108707  6.615696E-14
4179.36119132632  6.604367E-14
4182.17064156556  6.610099E-14
4184.98009180481  6.652313E-14
4187.78954204406  6.638723E-14
4190.59899228331  6.638148E-14
4193.40844252256  6.680378E-14
4196.2178927618  6.687814E-14
4199.02734300105  6.659275E-14
4201.8367932403  6.669934E-14
4204.64624347955  6.709030E-14
4207.45569371879  6.694456E-14
4210.26514395804  6.680696E-14
4213.07459419729  6.684278E-14
4215.88404443654  6.680205E-14
4218.69349467579  6.667752E-14
4221.50294491503  6.684670E-14
4224.31239515428  6.672476E-14
4227.12184539353  6.619210E-14
4229.93129563278  6.642895E-14
4232.74074587203  6.670597E-14
4235.55019611127  6.666866E-14
4238.35964635052  6.634131E-14
4241.16909658977  6.620839E-14
4243.97854682902  6.616886E-14
4246.78799706827  6.601667E-14
4249.59744730751  6.598543E-14
4252.40689754676  6.582236E-14
4255.21634778601  6.576940E-14
4258.02579802526  6.570924E-14
4260.8352482645  6.556023E-14
4263.64469850375  6.577554E-14
4266.454148743  6.589110E-14
4269.26359898225  6.566317E-14
4272.0730492215  6.573508E-14
4274.88249946074  6.555621E-14
4277.69194969999  6.544045E-14
4280.50139993924  6.529136E-14
4283.31085017849  6.535224E-14
4286.12030041773  6.541080E-14
4288.92975065698  6.517300E-14
4291.73920089623  6.534064E-14
4294.54865113548  6.537276E-14
4297.35810137472  6.501597E-14
4300.16755161397  6.481659E-14
4302.97700185322  6.450134E-14
4305.78645209247  6.440897E-14
4308.59590233172  6.447140E-14
4311.40535257096  6.405291E-14
4314.21480281021  6.337991E-14
4317.02425304946  6.242441E-14
4319.83370328871  6.178414E-14
4322.64315352796  6.129240E-14
4325.4526037672  6.027116E-14
4328.26205400645  5.922990E-14
4331.0715042457  5.843503E-14
4333.88095448495  5.748750E-14
4336.69040472419  5.698289E-14
4339.49985496344  5.628553E-14
4342.30930520269  5.553424E-14
4345.11875544194  5.508717E-14
4347.92820568119  5.491206E-14
4350.73765592043  5.462349E-14
4353.54710615968  5.498036E-14
4356.35655639893  5.598169E-14
4359.16600663818  5.660034E-14
4361.97545687743  5.741239E-14
4364.78490711667  5.856589E-14
4367.59435735592  5.979059E-14
4370.40380759517  6.041433E-14
4373.21325783442  6.110617E-14
4376.02270807366  6.165932E-14
4378.83215831291  6.214907E-14
4381.64160855216  6.291729E-14
4384.45105879141  6.277236E-14
4387.26050903066  6.303334E-14
4390.0699592699  6.362230E-14
4392.87940950915  6.356231E-14
4395.6888597484  6.359025E-14
4398.49830998765  6.388957E-14
4401.30776022689  6.421306E-14
4404.11721046614  6.415813E-14
4406.92666070539  6.415563E-14
4409.73611094464  6.421337E-14
4412.54556118389  6.438776E-14
4415.35501142313  6.435998E-14
4418.16446166238  6.451002E-14
4420.97391190163  6.446140E-14
4423.78336214088  6.444069E-14
4426.59281238012  6.444212E-14
4429.40226261937  6.411842E-14
4432.21171285862  6.421852E-14
4435.02116309787  6.429351E-14
4437.83061333712  6.418733E-14
4440.64006357636  6.417787E-14
4443.44951381561  6.409152E-14
4446.25896405486  6.418820E-14
4449.06841429411  6.363174E-14
4451.87786453335  6.318664E-14
4454.6873147726  6.337844E-14
4457.49676501185  6.314253E-14
4460.3062152511  6.285321E-14
4463.11566549035  6.273943E-14
4465.92511572959  6.254953E-14
4468.73456596884  6.247686E-14
4471.54401620809  6.204732E-14
4474.35346644734  6.149215E-14
4477.16291668658  6.137555E-14
4479.97236692583  6.134822E-14
4482.78181716508  6.118196E-14
4485.59126740433  6.128633E-14
4488.40071764358  6.129596E-14
4491.21016788283  6.131993E-14
4494.01961812207  6.189114E-14
4496.82906836132  6.237631E-14
4499.63851860057  6.253707E-14
4502.44796883982  6.256904E-14
4505.25741907906  6.286136E-14
4508.06686931831  6.320493E-14
4510.87631955756  6.318029E-14
4513.68576979681  6.345854E-14
4516.49522003605  6.346403E-14
4519.3046702753  6.353210E-14
4522.11412051455  6.347588E-14
4524.9235707538  6.337369E-14
4527.73302099305  6.348240E-14
4530.54247123229  6.326555E-14
4533.35192147154  6.324754E-14
4536.16137171079  6.337700E-14
4538.97082195004  6.325692E-14
4541.78027218928  6.338269E-14
4544.58972242853  6.342112E-14
4547.39917266778  6.320331E-14
4550.20862290703  6.332958E-14
4553.01807314627  6.328393E-14
4555.82752338552  6.314365E-14
4558.63697362477  6.297320E-14
4561.44642386402  6.290268E-14
4564.25587410327  6.299893E-14
4567.06532434252  6.271813E-14
4569.87477458176  6.296486E-14
4572.68422482101  6.323907E-14
4575.49367506026  6.307047E-14
4578.30312529951  6.314743E-14
4581.11257553875  6.311203E-14
4583.922025778  6.316426E-14
4586.73147601725  6.300752E-14
4589.5409262565  6.281720E-14
4592.35037649574  6.272090E-14
4595.15982673499  6.277763E-14
4597.96927697424  6.304083E-14
4600.77872721349  6.301584E-14
4603.58817745274  6.286588E-14
4606.39762769198  6.303846E-14
4609.20707793123  6.308891E-14
4612.01652817048  6.306943E-14
4614.82597840973  6.296000E-14
4617.63542864898  6.302837E-14
4620.44487888822  6.310261E-14
4623.25432912747  6.298150E-14
4626.06377936672  6.291473E-14
4628.87322960597  6.269085E-14
4631.68267984521  6.251138E-14
4634.49213008446  6.258325E-14
4637.30158032371  6.258895E-14
4640.11103056296  6.247049E-14
4642.9204808022  6.238617E-14
4645.72993104145  6.246604E-14
4648.5393812807  6.269210E-14
4651.34883151995  6.252921E-14
4654.1582817592  6.232193E-14
4656.96773199844  6.248807E-14
4659.77718223769  6.238024E-14
4662.58663247694  6.225073E-14
4665.39608271619  6.211800E-14
4668.20553295544  6.197905E-14
4671.01498319468  6.221059E-14
4673.82443343393  6.224536E-14
4676.63388367318  6.194695E-14
4679.44333391243  6.215072E-14
4682.25278415168  6.232240E-14
4685.06223439092  6.188624E-14
4687.87168463017  6.153796E-14
4690.68113486942  6.133816E-14
4693.49058510867  6.148517E-14
4696.30003534791  6.129160E-14
4699.10948558716  6.094499E-14
4701.91893582641  6.097329E-14
4704.72838606566  6.078986E-14
4707.53783630491  6.033735E-14
4710.34728654415  6.034547E-14
4713.1567367834  6.037666E-14
4715.96618702265  6.017405E-14
4718.7756372619  5.996906E-14
4721.58508750114  5.974116E-14
4724.39453774039  5.965707E-14
4727.20398797964  5.954242E-14
4730.01343821889  5.975630E-14
4732.82288845814  5.948660E-14
4735.63233869738  5.953772E-14
4738.44178893663  5.958542E-14
4741.25123917588  5.951337E-14
4744.06068941513  5.922498E-14
4746.87013965437  5.909722E-14
4749.67958989362  5.913040E-14
4752.48904013287  5.915640E-14
4755.29849037212  5.910924E-14
4758.10794061137  5.878028E-14
4760.91739085061  5.850627E-14
4763.72684108986  5.839033E-14
4766.53629132911  5.813670E-14
4769.34574156836  5.794249E-14
4772.1551918076  5.781062E-14
4774.96464204685  5.764029E-14
4777.7740922861  5.740146E-14
4780.58354252535  5.726228E-14
4783.3929927646  5.727669E-14
4786.20244300384  5.715447E-14
4789.01189324309  5.677675E-14
4791.82134348234  5.649145E-14
4794.63079372159  5.638719E-14
4797.44024396083  5.640204E-14
4800.24969420008  5.629240E-14
4803.05914443933  5.583511E-14
4805.86859467858  5.573187E-14
4808.67804491783  5.584547E-14
4811.48749515707  5.557234E-14
4814.29694539632  5.530340E-14
4817.10639563557  5.508275E-14
4819.91584587482  5.485664E-14
4822.72529611407  5.465266E-14
4825.53474635331  5.463246E-14
4828.34419659256  5.437959E-14
4831.15364683181  5.385635E-14
4833.96309707106  5.328324E-14
4836.7725473103  5.249096E-14
4839.58199754955  5.171451E-14
4842.3914477888  5.116129E-14
4845.20089802805  5.058707E-14
4848.0103482673  5.012383E-14
4850.81979850654  4.969058E-14
4853.62924874579  4.929677E-14
4856.43869898504  4.867141E-14
4859.24814922429  4.802132E-14
4862.05759946353  4.776587E-14
4864.86704970278  4.762812E-14
4867.67649994203  4.761007E-14
4870.48595018128  4.749838E-14
4873.29540042052  4.744787E-14
4876.10485065977  4.781948E-14
4878.91430089902  4.810509E-14
4881.72375113827  4.845001E-14
4884.53320137752  4.901652E-14
4887.34265161676  4.973674E-14
4890.15210185601  5.022836E-14
4892.96155209526  5.062196E-14
4895.77100233451  5.097248E-14
4898.58045257376  5.132046E-14
4901.389902813  5.157780E-14
4904.19935305225  5.173923E-14
4907.0088032915  5.185923E-14
4909.81825353075  5.189533E-14
4912.62770377  5.205507E-14
4915.43715400924  5.230166E-14
4918.24660424849  5.225747E-14
4921.05605448774  5.227690E-14
4923.86550472699  5.230126E-14
4926.67495496623  5.228734E-14
4929.48440520548  5.227541E-14
4932.29385544473  5.212622E-14
4935.10330568398  5.223005E-14
4937.91275592322  5.240774E-14
4940.72220616247  5.258612E-14
4943.53165640172  5.266873E-14
4946.34110664097  5.272310E-14
4949.15055688022  5.256031E-14
4951.96000711946  5.253323E-14
4954.76945735871  5.262030E-14
4957.57890759796  5.268988E-14
4960.38835783721  5.266570E-14
4963.19780807646  5.285710E-14
4966.0072583157  5.277695E-14
4968.81670855495  5.278483E-14
4971.6261587942  5.292009E-14
4974.43560903345  5.265482E-14
4977.24505927269  5.269004E-14
4980.05450951194  5.268773E-14
4982.86395975119  5.264323E-14
4985.67340999044  5.258518E-14
4988.48286022968  5.278081E-14
4991.29231046893  5.279931E-14
4994.10176070818  5.256931E-14
4996.91121094743  5.244774E-14
4999.72066118668  5.225709E-14
5002.53011142592  5.221316E-14
5005.33956166517  5.216662E-14
5008.14901190442  5.217006E-14
5010.95846214367  5.208414E-14
5013.76791238292  5.194052E-14
5016.57736262216  5.180288E-14
5019.38681286141  5.161680E-14
5022.19626310066  5.133129E-14
5025.00571333991  5.119637E-14
5027.81516357916  5.114207E-14
5030.6246138184  5.106267E-14
5033.43406405765  5.102410E-14
5036.2435142969  5.113909E-14
5039.05296453615  5.115731E-14
5041.86241477539  5.103501E-14
5044.67186501464  5.113679E-14
5047.48131525389  5.099019E-14
5050.29076549314  5.092811E-14
5053.10021573238  5.098856E-14
5055.90966597163  5.094967E-14
5058.71911621088  5.111026E-14
5061.52856645013  5.100760E-14
5064.33801668938  5.089842E-14
5067.14746692862  5.093556E-14
5069.95691716787  5.075968E-14
5072.76636740712  5.079555E-14
5075.57581764637  5.091198E-14
5078.38526788562  5.086642E-14
5081.19471812486  5.065185E-14
5084.00416836411  5.071678E-14
5086.81361860336  5.065331E-14
5089.62306884261  5.040335E-14
5092.43251908185  5.033563E-14
5095.2419693211  5.021827E-14
5098.05141956035  5.019537E-14
5100.8608697996  5.023892E-14
5103.67032003884  5.026770E-14
5106.47977027809  5.013625E-14
5109.28922051734  4.987548E-14
5112.09867075659  4.992665E-14
5114.90812099584  5.015247E-14
5117.71757123508  5.004301E-14
5120.52702147433  4.983256E-14
5123.33647171358  4.975603E-14
5126.14592195283  4.979392E-14
5128.95537219208  4.971919E-14
5131.76482243132  4.968394E-14
5134.57427267057  4.962167E-14
5137.38372290982  4.938786E-14
5140.19317314907  4.921823E-14
5143.00262338831  4.912077E-14
5145.81207362756  4.906517E-14
5148.62152386681  4.899390E-14
5151.43097410606  4.874523E-14
5154.24042434531  4.864609E-14
5157.04987458455  4.873712E-14
5159.8593248238  4.868377E-14
5162.66877506305  4.842999E-14
5165.4782253023  4.821889E-14
5168.28767554154  4.795293E-14
5171.09712578079  4.779225E-14
5173.90657602004  4.762762E-14
5176.71602625929  4.745724E-14
5179.52547649854  4.734305E-14
5182.33492673778  4.725559E-14
5185.14437697703  4.735504E-14
5187.95382721628  4.734309E-14
5190.76327745553  4.706120E-14
5193.57272769478  4.699979E-14
5196.38217793402  4.708343E-14
5199.19162817327  4.716066E-14
5202.00107841252  4.700467E-14
5204.81052865177  4.670413E-14
5207.61997889101  4.684263E-14
5210.42942913026  4.688210E-14
5213.23887936951  4.670858E-14
5216.04832960876  4.645674E-14
5218.85777984801  4.642578E-14
5221.66723008725  4.659676E-14
5224.4766803265  4.652044E-14
5227.28613056575  4.622249E-14
5230.095580805  4.620138E-14
5232.90503104424  4.624457E-14
5235.71448128349  4.578320E-14
5238.52393152274  4.559043E-14
5241.33338176199  4.567891E-14
5244.14283200124  4.565800E-14
5246.95228224048  4.565062E-14
5249.76173247973  4.555639E-14
5252.57118271898  4.555064E-14
5255.38063295823  4.547254E-14
5258.19008319747  4.543002E-14
5260.99953343672  4.545397E-14
5263.80898367597  4.527773E-14
5266.61843391522  4.528177E-14
5269.42788415447  4.518694E-14
5272.23733439371  4.492767E-14
5275.04678463296  4.486667E-14
5277.85623487221  4.479626E-14
5280.66568511146  4.470800E-14
5283.4751353507  4.458424E-14
5286.28458558995  4.460242E-14
5289.0940358292  4.467384E-14
5291.90348606845  4.467031E-14
5294.7129363077  4.466444E-14
5297.52238654694  4.454975E-14
5300.33183678619  4.430295E-14
5303.14128702544  4.424659E-14
5305.95073726469  4.422188E-14
5308.76018750393  4.409468E-14
5311.56963774318  4.405332E-14
5314.37908798243  4.400105E-14
5317.18853822168  4.395820E-14
5319.99798846093  4.379114E-14
5322.80743870017  4.370151E-14
5325.61688893942  4.361368E-14
5328.42633917867  4.372591E-14
5331.23578941792  4.364217E-14
5334.04523965717  4.346487E-14
5336.85468989641  4.350838E-14
5339.66414013566  4.354599E-14
5342.47359037491  4.364272E-14
5345.28304061416  4.359994E-14
5348.0924908534  4.337419E-14
5350.90194109265  4.347226E-14
5353.7113913319  4.358201E-14
5356.52084157115  4.343879E-14
5359.3302918104  4.330551E-14
5362.13974204964  4.329062E-14
5364.94919228889  4.332177E-14
5367.75864252814  4.317881E-14
5370.56809276739  4.315368E-14
5373.37754300664  4.319857E-14
5376.18699324588  4.302683E-14
5378.99644348513  4.277333E-14
5381.80589372438  4.273273E-14
5384.61534396363  4.282250E-14
5387.42479420287  4.278176E-14
5390.23424444212  4.269738E-14
5393.04369468137  4.282870E-14
5395.85314492062  4.293595E-14
5398.66259515986  4.263447E-14
5401.47204539911  4.264997E-14
5404.28149563836  4.265885E-14
5407.09094587761  4.239010E-14
5409.90039611686  4.239578E-14
5412.70984635611  4.236979E-14
5415.51929659535  4.228076E-14
5418.3287468346  4.214213E-14
5421.13819707385  4.211024E-14
5423.9476473131  4.214559E-14
5426.75709755234  4.198616E-14
5429.56654779159  4.201888E-14
5432.37599803084  4.193268E-14
5435.18544827009  4.199030E-14
5437.99489850933  4.207386E-14
5440.80434874858  4.196000E-14
5443.61379898783  4.177039E-14
5446.42324922708  4.170916E-14
5449.23269946633  4.169050E-14
5452.04214970557  4.165286E-14
5454.85159994482  4.159813E-14
5457.66105018407  4.155008E-14
5460.47050042332  4.151003E-14
5463.27995066256  4.159218E-14
5466.08940090181  4.160577E-14
5468.89885114106  4.144290E-14
5471.70830138031  4.124706E-14
5474.51775161956  4.125418E-14
5477.3272018588  4.115984E-14
5480.13665209805  4.104277E-14
5482.9461023373  4.104617E-14
5485.75555257655  4.096675E-14
5488.56500281579  4.094418E-14
5491.37445305504  4.083794E-14
5494.18390329429  4.079159E-14
5496.99335353354  4.077607E-14
5499.80280377279  4.089999E-14
5502.61225401203  4.094955E-14
5505.42170425128  4.081921E-14
5508.23115449053  4.068335E-14
5511.04060472978  4.074480E-14
5513.85005496903  4.064376E-14
5516.65950520827  4.047278E-14
5519.46895544752  4.039799E-14
5522.27840568677  4.053829E-14
5525.08785592602  4.058135E-14
5527.89730616526  4.040335E-14
5530.70675640451  4.019893E-14
5533.51620664376  4.022893E-14
5536.32565688301  4.029601E-14
5539.13510712225  4.019582E-14
5541.9445573615  4.005965E-14
5544.75400760075  3.992090E-14
5547.56345784  3.995363E-14
5550.37290807925  3.990268E-14
5553.18235831849  3.963876E-14
5555.99180855774  3.971344E-14
5558.80125879699  3.993123E-14
5561.61070903624  3.971955E-14
5564.42015927549  3.963912E-14
5567.22960951473  3.957331E-14
5570.03905975398  3.935036E-14
5572.84850999323  3.922316E-14
5575.65796023248  3.905805E-14
5578.46741047172  3.913885E-14
5581.27686071097  3.937224E-14
5584.08631095022  3.934449E-14
5586.89576118947  3.914486E-14
5589.70521142872  3.898107E-14
5592.51466166796  3.890093E-14
5595.32411190721  3.886688E-14
5598.13356214646  3.879316E-14
5600.94301238571  3.870190E-14
5603.75246262496  3.856710E-14
5606.5619128642  3.852503E-14
5609.37136310345  3.867140E-14
5612.1808133427  3.862515E-14
5614.99026358195  3.832141E-14
5617.7997138212  3.839066E-14
5620.60916406044  3.828519E-14
5623.41861429969  3.817851E-14
5626.22806453894  3.812951E-14
5629.03751477819  3.795224E-14
5631.84696501743  3.802906E-14
5634.65641525668  3.795489E-14
5637.46586549593  3.784716E-14
5640.27531573518  3.774761E-14
5643.08476597442  3.763119E-14
5645.89421621367  3.755791E-14
5648.70366645292  3.752331E-14
5651.51311669217  3.737115E-14
5654.32256693141  3.736152E-14
5657.13201717066  3.750640E-14
5659.94146740991  3.748107E-14
5662.75091764916  3.731735E-14
5665.56036788841  3.719130E-14
5668.36981812766  3.707087E-14
5671.1792683669  3.703233E-14
5673.98871860615  3.694079E-14
5676.7981688454  3.683552E-14
5679.60761908465  3.662784E-14
5682.41706932389  3.649143E-14
5685.22651956314  3.652299E-14
5688.03596980239  3.640570E-14
5690.84542004164  3.612589E-14
5693.65487028088  3.611005E-14
5696.46432052013  3.622062E-14
5699.27377075938  3.614048E-14
5702.08322099863  3.604701E-14
5704.89267123788  3.599117E-14
5707.70212147712  3.587309E-14
5710.51157171637  3.573702E-14
5713.32102195562  3.551506E-14
5716.13047219487  3.533131E-14
5718.93992243411  3.540413E-14
5721.74937267336  3.538947E-14
5724.55882291261  3.526364E-14
5727.36827315186  3.517401E-14
5730.1777233911  3.516428E-14
5732.98717363035  3.511539E-14
5735.7966238696  3.500324E-14
5738.60607410885  3.496685E-14
5741.4155243481  3.490292E-14
5744.22497458734  3.486446E-14
5747.03442482659  3.471459E-14
5749.84387506584  3.471105E-14
5752.65332530509  3.469182E-14
5755.46277554434  3.451327E-14
5758.27222578358  3.448242E-14
5761.08167602283  3.458957E-14
5763.89112626208  3.445390E-14
5766.70057650133  3.419238E-14
5769.51002674057  3.412618E-14
5772.31947697982  3.411996E-14
5775.12892721907  3.406816E-14
5777.93837745832  3.404833E-14
5780.74782769757  3.397974E-14
5783.55727793681  3.396474E-14
5786.36672817606  3.386598E-14
5789.17617841531  3.374619E-14
5791.98562865456  3.375571E-14
5794.79507889381  3.379586E-14
5797.60452913305  3.378767E-14
5800.4139793723  3.386504E-14
5803.22342961155  3.397182E-14
5806.0328798508  3.398198E-14
5808.84233009004  3.389068E-14
5811.65178032929  3.387471E-14
5814.46123056854  3.393094E-14
5817.27068080779  3.395592E-14
5820.08013104704  3.392866E-14
5822.88958128628  3.381359E-14
5825.69903152553  3.381243E-14
5828.50848176478  3.371596E-14
5831.31793200403  3.369778E-14
5834.12738224327  3.377222E-14
5836.93683248252  3.354447E-14
5839.74628272177  3.339515E-14
5842.55573296102  3.350783E-14
5845.36518320027  3.350986E-14
5848.17463343951  3.333688E-14
5850.98408367876  3.323490E-14
5853.79353391801  3.312286E-14
5856.60298415726  3.300339E-14
5859.41243439651  3.285742E-14
5862.22188463575  3.271886E-14
5865.031334875  3.290259E-14
5867.84078511425  3.292063E-14
5870.6502353535  3.273345E-14
5873.45968559274  3.263445E-14
5876.26913583199  3.255415E-14
5879.07858607124  3.243483E-14
5881.88803631049  3.202073E-14
5884.69748654973  3.161163E-14
5887.50693678898  3.158878E-14
5890.31638702823  3.157054E-14
5893.12583726748  3.143838E-14
5895.93528750673  3.155610E-14
5898.74473774597  3.197164E-14
5901.55418798522  3.198236E-14
5904.36363822447  3.203118E-14
5907.17308846372  3.216348E-14
5909.98253870297  3.212992E-14
5912.79198894221  3.213515E-14
5915.60143918146  3.216572E-14
5918.41088942071  3.201670E-14
5921.22033965996  3.195549E-14
5924.0297898992  3.196743E-14
5926.83924013845  3.204371E-14
5929.6486903777  3.196150E-14
5932.45814061695  3.185391E-14
5935.2675908562  3.191026E-14
5938.07704109544  3.170762E-14
5940.88649133469  3.167754E-14
5943.69594157394  3.164870E-14
5946.50539181319  3.151664E-14
5949.31484205243  3.141608E-14
5952.12429229168  3.144908E-14
5954.93374253093  3.156318E-14
5957.74319277018  3.151111E-14
5960.55264300943  3.139306E-14
5963.36209324867  3.130318E-14
5966.17154348792  3.131474E-14
5968.98099372717  3.126016E-14
5971.79044396642  3.108406E-14
5974.59989420566  3.104533E-14
5977.40934444491  3.112666E-14
5980.21879468416  3.114231E-14
5983.02824492341  3.105580E-14
5985.83769516266  3.087787E-14
5988.6471454019  3.076915E-14
5991.45659564115  3.075469E-14
5994.2660458804  3.072097E-14
5997.07549611965  3.077925E-14
5999.8849463589  3.076972E-14
6002.69439659814  3.069868E-14
6005.50384683739  3.074234E-14
6008.31329707664  3.063692E-14
6011.12274731589  3.056448E-14
6013.93219755513  3.056444E-14
6016.74164779438  3.046928E-14
6019.55109803363  3.050274E-14
6022.36054827288  3.043993E-14
6025.16999851212  3.028087E-14
6027.97944875137  3.015669E-14
6030.78889899062  3.016057E-14
6033.59834922987  3.019705E-14
6036.40779946912  3.009454E-14
6039.21724970836  3.007352E-14
6042.02669994761  3.002388E-14
6044.83615018686  2.987991E-14
6047.64560042611  2.986825E-14
6050.45505066536  2.992172E-14
6053.2645009046  2.982182E-14
6056.07395114385  2.970993E-14
6058.8834013831  2.976220E-14
6061.69285162235  2.977736E-14
6064.50230186159  2.978201E-14
6067.31175210084  2.971678E-14
6070.12120234009  2.976594E-14
6072.93065257934  2.983091E-14
6075.74010281858  2.959979E-14
6078.54955305783  2.935411E-14
6081.35900329708  2.931271E-14
6084.16845353633  2.918789E-14
6086.97790377558  2.905914E-14
6089.78735401483  2.911226E-14
6092.59680425407  2.912894E-14
6095.40625449332  2.911081E-14
6098.21570473257  2.898812E-14
6101.02515497182  2.893327E-14
6103.83460521106  2.896770E-14
6106.64405545031  2.899568E-14
6109.45350568956  2.889184E-14
6112.26295592881  2.878236E-14
6115.07240616805  2.874632E-14
6117.8818564073  2.869334E-14
6120.69130664655  2.880949E-14
6123.5007568858  2.869344E-14
6126.31020712505  2.847475E-14
6129.11965736429  2.858360E-14
6131.92910760354  2.861465E-14
6134.73855784279  2.846391E-14
6137.54800808204  2.839917E-14
6140.35745832129  2.832151E-14
6143.16690856053  2.824729E-14
6145.97635879978  2.820966E-14
6148.78580903903  2.822637E-14
6151.59525927828  2.825983E-14
6154.40470951752  2.820669E-14
6157.21415975677  2.810735E-14
6160.02360999602  2.793423E-14
6162.83306023527  2.793523E-14
6165.64251047452  2.785658E-14
6168.45196071376  2.772373E-14
6171.26141095301  2.788943E-14
6174.07086119226  2.790560E-14
6176.88031143151  2.775360E-14
6179.68976167075  2.776588E-14
6182.49921191  2.762689E-14
6185.30866214925  2.748712E-14
6188.1181123885  2.743955E-14
6190.92756262775  2.739374E-14
6193.73701286699  2.738968E-14
6196.54646310624  2.741486E-14
6199.35591334549  2.735818E-14
6202.16536358474  2.734312E-14
6204.97481382399  2.732081E-14
6207.78426406323  2.725919E-14
6210.59371430248  2.712309E-14
6213.40316454173  2.698242E-14
6216.21261478098  2.702808E-14
6219.02206502022  2.694768E-14
6221.83151525947  2.684354E-14
6224.64096549872  2.690649E-14
6227.45041573797  2.693925E-14
6230.25986597721  2.684506E-14
6233.06931621646  2.689917E-14
6235.87876645571  2.691067E-14
6238.68821669496  2.679193E-14
6241.4976669342  2.675173E-14
6244.30711717345  2.667281E-14
6247.1165674127  2.660563E-14
6249.92601765195  2.646195E-14
6252.7354678912  2.639425E-14
6255.54491813045  2.647175E-14
6258.35436836969  2.644600E-14
6261.16381860894  2.634894E-14
6263.97326884819  2.622026E-14
6266.78271908744  2.619376E-14
6269.59216932668  2.606262E-14
6272.40161956593  2.557462E-14
6275.21106980518  2.509143E-14
6278.02052004443  2.499353E-14
6280.82997028367  2.519445E-14
6283.63942052292  2.529312E-14
6286.44887076217  2.530700E-14
6289.25832100142  2.529692E-14
6292.06777124067  2.519625E-14
6294.87722147991  2.529205E-14
6297.68667171916  2.528809E-14
6300.49612195841  2.525919E-14
6303.30557219766  2.534401E-14
6306.11502243691  2.523881E-14
6308.92447267615  2.523763E-14
6311.7339229154  2.532943E-14
6314.54337315465  2.530084E-14
6317.3528233939  2.519486E-14
6320.16227363314  2.524930E-14
6322.97172387239  2.530040E-14
6325.78117411164  2.522722E-14
6328.59062435089  2.521282E-14
6331.40007459014  2.518903E-14
6334.20952482938  2.508613E-14
6337.01897506863  2.505795E-14
6339.82842530788  2.507918E-14
6342.63787554713  2.491732E-14
6345.44732578637  2.492460E-14
6348.25677602562  2.499931E-14
6351.06622626487  2.489930E-14
6353.87567650412  2.481127E-14
6356.68512674337  2.476991E-14
6359.49457698261  2.470708E-14
6362.30402722186  2.467268E-14
6365.11347746111  2.473087E-14
6367.92292770036  2.475636E-14
6370.73237793961  2.471064E-14
6373.54182817885  2.469546E-14
6376.3512784181  2.476591E-14
6379.16072865735  2.470725E-14
6381.9701788966  2.458636E-14
6384.77962913584  2.461484E-14
6387.58907937509  2.468620E-14
6390.39852961434  2.471607E-14
6393.20797985359  2.467518E-14
6396.01743009284  2.456096E-14
6398.82688033208  2.450937E-14
6401.63633057133  2.454279E-14
6404.44578081058  2.450797E-14
6407.25523104983  2.450052E-14
6410.06468128907  2.442545E-14
6412.87413152832  2.438004E-14
6415.68358176757  2.436130E-14
6418.49303200682  2.443039E-14
6421.30248224607  2.425240E-14
6424.11193248531  2.408917E-14
6426.92138272456  2.417155E-14
6429.73083296381  2.411441E-14
6432.54028320306  2.408012E-14
6435.34973344231  2.406664E-14
6438.15918368155  2.397026E-14
6440.9686339208  2.384180E-14
6443.77808416005  2.381507E-14
6446.5875343993  2.390569E-14
6449.39698463854  2.383559E-14
6452.20643487779  2.374206E-14
6455.01588511704  2.379233E-14
6457.82533535629  2.370277E-14
6460.63478559553  2.364280E-14
6463.44423583478  2.359083E-14
6466.25368607403  2.352947E-14
6469.06313631328  2.365019E-14
6471.87258655252  2.357578E-14
6474.68203679177  2.342023E-14
6477.49148703102  2.340536E-14
6480.30093727027  2.331006E-14
6483.11038750952  2.323994E-14
6485.91983774877  2.324280E-14
6488.72928798801  2.326386E-14
6491.53873822726  2.322110E-14
6494.34818846651  2.322395E-14
6497.15763870576  2.318718E-14
6499.967088945  2.303953E-14
6502.77653918425  2.305219E-14
6505.5859894235  2.308813E-14
6508.39543966275  2.289468E-14
6511.20488990199  2.284859E-14
6514.01434014124  2.288599E-14
6516.82379038049  2.270486E-14
6519.63324061974  2.260835E-14
6522.44269085899  2.257572E-14
6525.25214109823  2.255492E-14
6528.06159133748  2.246624E-14
6530.87104157673  2.230040E-14
6533.68049181598  2.210175E-14
6536.48994205522  2.197060E-14
6539.29939229447  2.183961E-14
6542.10884253372  2.189720E-14
6544.91829277297  2.212106E-14
6547.72774301222  2.233002E-14
6550.53719325146  2.250151E-14
6553.34664349071  2.262483E-14
6556.15609372996  2.263749E-14
6558.96554396921  2.252632E-14
6561.77499420846  2.241701E-14
6564.5844444477  2.245664E-14
6567.39389468695  2.245398E-14
6570.2033449262  2.231188E-14
6573.01279516545  2.194869E-14
6575.82224540469  2.159451E-14
6578.63169564394  2.135626E-14
6581.44114588319  2.125289E-14
6584.25059612244  2.125173E-14
6587.06004636169  2.135499E-14
6589.86949660094  2.156550E-14
6592.67894684018  2.169027E-14
6595.48839707943  2.172280E-14
6598.29784731868  2.178979E-14
6601.10729755793  2.193127E-14
6603.91674779717  2.196185E-14
6606.72619803642  2.196417E-14
6609.53564827567  2.197979E-14
6612.34509851492  2.199679E-14
6615.15454875416  2.202293E-14
6617.96399899341  2.206271E-14
6620.77344923266  2.215851E-14
6623.58289947191  2.203513E-14
6626.39234971116  2.197665E-14
6629.2017999504  2.206785E-14
6632.01125018965  2.206836E-14
6634.8207004289  2.211952E-14
6637.63015066815  2.210618E-14
6640.43960090739  2.201634E-14
6643.24905114664  2.206152E-14
6646.05850138589  2.202083E-14
6648.86795162514  2.195905E-14
6651.67740186439  2.206085E-14
6654.48685210363  2.200262E-14
6657.29630234288  2.190292E-14
6660.10575258213  2.193394E-14
6662.91520282138  2.195850E-14
6665.72465306062  2.195602E-14
6668.53410329987  2.189398E-14
6671.34355353912  2.190321E-14
6674.15300377837  2.199912E-14
6676.96245401762  2.195099E-14
6679.77190425686  2.184118E-14
6682.58135449611  2.186541E-14
6685.39080473536  2.184326E-14
6688.20025497461  2.174452E-14
6691.00970521385  2.173366E-14
6693.8191554531  2.173112E-14
6696.62860569235  2.171991E-14
6699.4380559316  2.175814E-14
6702.24750617084  2.181631E-14
6705.05695641009  2.170684E-14
6707.86640664934  2.168570E-14
6710.67585688859  2.176576E-14
6713.48530712784  2.171044E-14
6716.29475736708  2.169772E-14
6719.10420760633  2.167300E-14
6721.91365784558  2.167442E-14
6724.72310808483  2.164649E-14
6727.53255832408  2.158672E-14
6730.34200856332  2.162933E-14
6733.15145880257  2.158490E-14
6735.96090904182  2.145261E-14
6738.77035928107  2.156544E-14
6741.57980952032  2.153381E-14
6744.38925975956  2.143061E-14
6747.19870999881  2.149514E-14
6750.00816023806  2.146738E-14
6752.81761047731  2.143577E-14
6755.62706071655  2.142245E-14
6758.4365109558  2.134711E-14
6761.24596119505  2.128799E-14
6764.0554114343  2.145103E-14
6766.86486167355  2.150945E-14
6769.67431191279  2.138245E-14
6772.48376215204  2.124941E-14
6775.29321239129  2.112486E-14
6778.10266263054  2.123645E-14
6780.91211286979  2.134373E-14
6783.72156310903  2.118483E-14
6786.53101334828  2.112634E-14
6789.34046358753  2.117263E-14
6792.14991382678  2.116043E-14
6794.95936406602  2.114254E-14
6797.76881430527  2.105060E-14
6800.57826454452  2.100637E-14
6803.38771478377  2.103736E-14
6806.19716502301  2.094956E-14
6809.00661526226  2.092668E-14
6811.81606550151  2.097738E-14
6814.62551574076  2.091908E-14
6817.43496598001  2.093921E-14
6820.24441621925  2.081398E-14
6823.0538664585  2.073920E-14
6825.86331669775  2.069979E-14
6828.672766937  2.061670E-14
6831.48221717624  2.066043E-14
6834.29166741549  2.062984E-14
6837.10111765474  2.055633E-14
6839.91056789399  2.065965E-14
6842.72001813324  2.051916E-14
6845.52946837248  2.048059E-14
6848.33891861173  2.057382E-14
6851.14836885098  2.047817E-14
6853.95781909023  2.039571E-14
6856.76726932947  2.041567E-14
6859.57671956872  2.019680E-14
6862.38616980797  1.926163E-14
6865.19562004722  1.731353E-14
6868.00507028647  1.539554E-14
6870.81452052571  1.465132E-14
6873.62397076496  1.502056E-14
6876.43342100421  1.604734E-14
6879.24287124346  1.710656E-14
6882.0523214827  1.749411E-14
6884.86177172195  1.736505E-14
6887.6712219612  1.717122E-14
6890.48067220045  1.709720E-14
6893.2901224397  1.712492E-14
6896.09957267895  1.721874E-14
6898.90902291819  1.738280E-14
6901.71847315744  1.758449E-14
6904.52792339669  1.779895E-14
6907.33737363594  1.802162E-14
6910.14682387518  1.828326E-14
6912.95627411443  1.846877E-14
6915.76572435368  1.856782E-14
6918.57517459293  1.859615E-14
6921.38462483217  1.867046E-14
6924.19407507142  1.875245E-14
6927.00352531067  1.885064E-14
6929.81297554992  1.900900E-14
6932.62242578917  1.898631E-14
6935.43187602841  1.893872E-14
6938.24132626766  1.890030E-14
6941.05077650691  1.894112E-14
6943.86022674616  1.896817E-14
6946.66967698541  1.894252E-14
6949.47912722465  1.904262E-14
6952.2885774639  1.904979E-14
6955.09802770315  1.894470E-14
6957.9074779424  1.889025E-14
6960.71692818164  1.893208E-14
6963.52637842089  1.900375E-14
6966.33582866014  1.911896E-14
6969.14527889939  1.914354E-14
6971.95472913864  1.913700E-14
6974.76417937788  1.910448E-14
6977.57362961713  1.902563E-14
6980.38307985638  1.900413E-14
6983.19253009563  1.884655E-14
6986.00198033487  1.863906E-14
6988.81143057412  1.858465E-14
6991.62088081337  1.869221E-14
6994.43033105262  1.876365E-14
6997.23978129186  1.864716E-14
7000.04923153111  1.856437E-14
7002.85868177036  1.857516E-14
7005.66813200961  1.857191E-14
7008.47758224886  1.861569E-14
7011.2870324881  1.860304E-14
7014.09648272735  1.839991E-14
7016.9059329666  1.833233E-14
7019.71538320585  1.844448E-14
7022.5248334451  1.848838E-14
7025.33428368434  1.837509E-14
7028.14373392359  1.831933E-14
7030.95318416284  1.837434E-14
7033.76263440209  1.834781E-14
7036.57208464133  1.825775E-14
7039.38153488058  1.819816E-14
7042.19098511983  1.823991E-14
7045.00043535908  1.819834E-14
7047.80988559832  1.810613E-14
7050.61933583757  1.803739E-14
7053.42878607682  1.805436E-14
7056.23823631607  1.802066E-14
7059.04768655532  1.798488E-14
7061.85713679456  1.800409E-14
7064.66658703381  1.799773E-14
7067.47603727306  1.797938E-14
7070.28548751231  1.798288E-14
7073.09493775155  1.794666E-14
7075.9043879908  1.783582E-14
7078.71383823005  1.766929E-14
7081.5232884693  1.762576E-14
7084.33273870855  1.773793E-14
7087.1421889478  1.771750E-14
7089.95163918704  1.764853E-14
7092.76108942629  1.765875E-14
7095.57053966554  1.764412E-14
7098.37998990479  1.761678E-14
7101.18944014403  1.762064E-14
7103.99889038328  1.761301E-14
7106.80834062253  1.758145E-14
7109.61779086178  1.755616E-14
7112.42724110103  1.757963E-14
7115.23669134027  1.756671E-14
7118.04614157952  1.744770E-14
7120.85559181877  1.734184E-14
7123.66504205802  1.735127E-14
7126.47449229726  1.737638E-14
7129.28394253651  1.731720E-14
7132.09339277576  1.735413E-14
7134.90284301501  1.734110E-14
7137.71229325426  1.726340E-14
7140.5217434935  1.721561E-14
7143.33119373275  1.720210E-14
7146.140643972  1.715304E-14
7148.95009421125  1.710162E-14
7151.75954445049  1.705248E-14
7154.56899468974  1.700696E-14
7157.37844492899  1.690340E-14
7160.18789516824  1.692686E-14
7162.99734540749  1.683555E-14
7165.80679564673  1.657603E-14
7168.61624588598  1.637575E-14
7171.42569612523  1.613786E-14
7174.23514636448  1.596211E-14
7177.04459660373  1.581579E-14
7179.85404684297  1.571637E-14
7182.66349708222  1.549689E-14
7185.47294732147  1.529889E-14
7188.28239756072  1.531319E-14
7191.09184779996  1.530423E-14
7193.90129803921  1.540284E-14
7196.71074827846  1.547481E-14
7199.52019851771  1.541229E-14
7202.32964875696  1.534378E-14
7205.1390989962  1.540686E-14
7207.94854923545  1.575044E-14
7210.7579994747  1.606567E-14
7213.56744971395  1.616128E-14
7216.37689995319  1.623280E-14
7219.18635019244  1.629332E-14
7221.99580043169  1.622172E-14
7224.80525067094  1.622184E-14
7227.61470091018  1.609853E-14
7230.42415114943  1.577794E-14
7233.23360138868  1.549163E-14
7236.04305162793  1.530291E-14
7238.85250186718  1.525569E-14
7241.66195210642  1.528668E-14
7244.47140234567  1.540991E-14
7247.28085258492  1.544585E-14
7250.09030282417  1.538230E-14
7252.89975306341  1.536761E-14
7255.70920330266  1.544502E-14
7258.51865354191  1.553437E-14
7261.32810378116  1.545146E-14
7264.13755402041  1.539685E-14
7266.94700425965  1.542642E-14
7269.7564544989  1.534525E-14
7272.56590473815  1.517698E-14
7275.3753549774  1.504809E-14
7278.18480521665  1.510764E-14
7280.99425545589  1.539214E-14
7283.80370569514  1.558130E-14
7286.61315593439  1.547110E-14
7289.42260617364  1.529549E-14
7292.23205641288  1.525811E-14
7295.04150665213  1.529967E-14
7297.85095689138  1.536266E-14
7300.66040713063  1.527682E-14
7303.46985736988  1.516614E-14
7306.27930760912  1.523057E-14
7309.08875784837  1.520368E-14
7311.89820808762  1.515922E-14
7314.70765832687  1.509555E-14
7317.51710856612  1.512994E-14
7320.32655880536  1.532185E-14
7323.13600904461  1.544019E-14
7325.94545928386  1.546272E-14
7328.75490952311  1.546730E-14
7331.56435976235  1.545261E-14
7334.3738100016  1.541495E-14
7337.18326024085  1.547168E-14
7339.9927104801  1.558254E-14
7342.80216071934  1.549010E-14
7345.61161095859  1.545908E-14
7348.42106119784  1.544129E-14
7351.23051143709  1.540495E-14
7354.03996167634  1.542046E-14
7356.84941191559  1.541817E-14
7359.65886215483  1.537698E-14
7362.46831239408  1.532330E-14
7365.27776263333  1.525952E-14
7368.08721287258  1.524671E-14
7370.89666311182  1.524691E-14
7373.70611335107  1.523956E-14
7376.51556359032  1.528910E-14
7379.32501382957  1.532167E-14
7382.13446406882  1.532244E-14
7384.94391430806  1.529174E-14
7387.75336454731  1.524861E-14
7390.56281478656  1.526714E-14
7393.37226502581  1.527698E-14
7396.18171526505  1.520012E-14
7398.9911655043  1.517550E-14
7401.80061574355  1.521862E-14
7404.6100659828  1.523825E-14
7407.41951622204  1.530512E-14
7410.22896646129  1.523246E-14
7413.03841670054  1.519525E-14
7415.84786693979  1.530910E-14
7418.65731717903  1.524869E-14
7421.46676741828  1.511568E-14
7424.27621765753  1.502166E-14
7427.08566789678  1.511174E-14
7429.89511813603  1.516106E-14
7432.70456837528  1.522507E-14
7435.51401861452  1.519971E-14
7438.32346885377  1.509461E-14
7441.13291909302  1.514388E-14
7443.94236933227  1.503740E-14
7446.75181957151  1.505024E-14
7449.56126981076  1.515649E-14
7452.37072005001  1.513380E-14
7455.18017028926  1.506015E-14
7457.9896205285  1.495373E-14
7460.79907076775  1.494258E-14
7463.608521007  1.499286E-14
7466.41797124625  1.493689E-14
7469.2274214855  1.491529E-14
7472.03687172475  1.489669E-14
7474.84632196399  1.493748E-14
7477.65577220324  1.492470E-14
7480.46522244249  1.475397E-14
7483.27467268174  1.477473E-14
7486.08412292098  1.480321E-14
7488.89357316023  1.479866E-14
7491.70302339948  1.485528E-14
7494.51247363873  1.489600E-14
7497.32192387797  1.486670E-14
7500.13137411722  1.483791E-14
7502.94082435647  1.484908E-14
7505.75027459572  1.477509E-14
7508.55972483497  1.466714E-14
7511.36917507421  1.472021E-14
7514.17862531346  1.474898E-14
7516.98807555271  1.470995E-14
7519.79752579196  1.471479E-14
7522.6069760312  1.462517E-14
7525.41642627045  1.445691E-14
7528.2258765097  1.455658E-14
7531.03532674895  1.466943E-14
7533.8447769882  1.471027E-14
7536.65422722744  1.460094E-14
7539.46367746669  1.460216E-14
7542.27312770594  1.460131E-14
7545.08257794519  1.452734E-14
7547.89202818444  1.449955E-14
7550.70147842368  1.448576E-14
7553.51092866293  1.447099E-14
7556.32037890218  1.444704E-14
7559.12982914143  1.445664E-14
7561.93927938067  1.442034E-14
7564.74872961992  1.439279E-14
7567.55817985917  1.438778E-14
7570.36763009842  1.428045E-14
7573.17708033766  1.425653E-14
7575.98653057691  1.418494E-14
7578.79598081616  1.418755E-14
7581.60543105541  1.435236E-14
7584.41488129466  1.439029E-14
7587.2243315339  1.442298E-14
7590.03378177315  1.401917E-14
7592.8432320124  1.189243E-14
7595.65268225165  8.809736E-15
7598.46213249089  6.353196E-15
7601.27158273014  4.401077E-15
7604.08103296939  3.289931E-15
7606.89048320864  3.144705E-15
7609.69993344789  3.661281E-15
7612.50938368714  4.733839E-15
7615.31883392638  6.661648E-15
7618.12828416563  8.613780E-15
7620.93773440488  8.921481E-15
7623.74718464413  8.162877E-15
7626.55663488337  7.324026E-15
7629.36608512262  6.741264E-15
7632.17553536187  6.668607E-15
7634.98498560112  6.807556E-15
7637.79443584036  7.160323E-15
7640.60388607961  7.515136E-15
7643.41333631886  7.949527E-15
7646.22278655811  8.509636E-15
7649.03223679736  9.021933E-15
7651.8416870366  9.506609E-15
7654.65113727585  1.005626E-14
7657.4605875151  1.059416E-14
7660.27003775435  1.105047E-14
7663.0794879936  1.144465E-14
7665.88893823284  1.178843E-14
7668.69838847209  1.213702E-14
7671.50783871134  1.228468E-14
7674.31728895059  1.251131E-14
7677.12673918983  1.278459E-14
7679.93618942908  1.296612E-14
7682.74563966833  1.305382E-14
7685.55508990758  1.319337E-14
7688.36454014682  1.328324E-14
7691.17399038607  1.339448E-14
7693.98344062532  1.346806E-14
7696.79289086457  1.349023E-14
7699.60234110382  1.355303E-14
7702.41179134306  1.350670E-14
7705.22124158231  1.359051E-14
7708.03069182156  1.371326E-14
7710.84014206081  1.361461E-14
7713.64959230006  1.360092E-14
7716.4590425393  1.373558E-14
7719.26849277855  1.372681E-14
7722.0779430178  1.360886E-14
7724.88739325705  1.359676E-14
7727.6968434963  1.360953E-14
7730.50629373554  1.355781E-14
7733.31574397479  1.348962E-14
7736.12519421404  1.349461E-14
7738.93464445329  1.362593E-14
7741.74409469253  1.364188E-14
7744.55354493178  1.349273E-14
7747.36299517103  1.353064E-14
7750.17244541028  1.343698E-14
7752.98189564952  1.336794E-14
7755.79134588877  1.331552E-14
7758.60079612802  1.318024E-14
7761.41024636727  1.323615E-14
7764.21969660652  1.328162E-14
7767.02914684576  1.318771E-14
7769.83859708501  1.317776E-14
7772.64804732426  1.324083E-14
7775.45749756351  1.317455E-14
7778.26694780276  1.308406E-14
7781.076398042  1.301933E-14
7783.88584828125  1.301642E-14
7786.6952985205  1.297666E-14
7789.50474875975  1.294278E-14
7792.31419899899  1.292996E-14
7795.12364923824  1.301640E-14
7797.93309947749  1.317790E-14
7800.74254971674  1.321938E-14
7803.55199995598  1.328539E-14
7806.36145019523  1.325422E-14
7809.17090043448  1.323151E-14
7811.98035067373  1.318694E-14
7814.78980091297  1.318636E-14
7817.59925115222  1.319962E-14
7820.40870139147  1.319090E-14
7823.21815163072  1.317509E-14
7826.02760186997  1.316026E-14
7828.83705210922  1.314429E-14
7831.64650234846  1.318170E-14
7834.45595258771  1.323905E-14
7837.26540282696  1.317416E-14
7840.07485306621  1.314033E-14
7842.88430330546  1.316485E-14
7845.6937535447  1.314865E-14
7848.50320378395  1.305281E-14
7851.3126540232  1.304001E-14
7854.12210426245  1.311587E-14
7856.93155450169  1.308427E-14
7859.74100474094  1.301686E-14
7862.55045498019  1.294918E-14
7865.35990521944  1.291351E-14
7868.16935545868  1.288784E-14
7870.97880569793  1.290108E-14
7873.78825593718  1.288061E-14
7876.59770617643  1.287761E-14
7879.40715641568  1.286422E-14
7882.21660665492  1.285781E-14
7885.02605689417  1.289871E-14
7887.83550713342  1.284327E-14
7890.64495737267  1.278168E-14
7893.45440761191  1.275388E-14
7896.26385785116  1.280712E-14
7899.07330809041  1.282757E-14
7901.88275832966  1.268845E-14
7904.69220856891  1.267931E-14
7907.50165880815  1.274224E-14
7910.3111090474  1.259941E-14
7913.12055928665  1.250487E-14
7915.9300095259  1.248539E-14
7918.73945976514  1.252015E-14
7921.54891000439  1.251879E-14
7924.35836024364  1.256738E-14
7927.16781048289  1.263297E-14
7929.97726072213  1.257130E-14
7932.78671096138  1.245975E-14
7935.59616120063  1.256899E-14
7938.40561143988  1.245541E-14
7941.21506167913  1.246315E-14
7944.02451191837  1.246609E-14
7946.83396215762  1.247667E-14
7949.64341239687  1.255412E-14
7952.45286263612  1.246866E-14
7955.26231287537  1.244235E-14
7958.07176311462  1.237689E-14
7960.88121335386  1.231518E-14
7963.69066359311  1.224785E-14
7966.50011383236  1.227715E-14
7969.30956407161  1.229129E-14
7972.11901431085  1.240285E-14
7974.9284645501  1.247295E-14
7977.73791478935  1.249913E-14
7980.5473650286  1.246588E-14
7983.35681526784  1.246417E-14
7986.16626550709  1.241612E-14
7988.97571574634  1.234418E-14
7991.78516598559  1.243527E-14
7994.59461622484  1.258593E-14
7997.40406646408  1.249820E-14
8000.21351670333  1.232846E-14
8003.02296694258  1.240254E-14
8005.83241718183  1.242567E-14
8008.64186742107  1.242196E-14
8011.45131766032  1.242227E-14
8014.26076789957  1.227388E-14
8017.07021813882  1.229451E-14
8019.87966837807  1.240173E-14
8022.68911861731  1.242596E-14
8025.49856885656  1.238671E-14
8028.30801909581  1.229874E-14
8031.11746933506  1.217708E-14
8033.9269195743  1.222792E-14
8036.73636981355  1.231253E-14
8039.5458200528  1.231615E-14
8042.35527029205  1.217309E-14
8045.1647205313  1.210884E-14
8047.97417077054  1.208834E-14
8050.78362100979  1.218023E-14
8053.59307124904  1.218788E-14
8056.40252148829  1.219995E-14
8059.21197172753  1.213967E-14
8062.02142196678  1.202158E-14
8064.83087220603  1.208898E-14
8067.64032244528  1.210406E-14
8070.44977268453  1.200577E-14
8073.25922292377  1.186093E-14
8076.06867316302  1.187466E-14
8078.87812340227  1.198833E-14
8081.68757364152  1.200198E-14
8084.49702388077  1.198690E-14
8087.30647412001  1.188761E-14
8090.11592435926  1.184082E-14
8092.92537459851  1.189635E-14
8095.73482483776  1.192783E-14
8098.544275077  1.185707E-14
8101.35372531625  1.177986E-14
8104.1631755555  1.173227E-14
8106.97262579475  1.174744E-14
8109.78207603399  1.178351E-14
8112.59152627324  1.166273E-14
8115.40097651249  1.160111E-14
8118.21042675174  1.160886E-14
8121.01987699099  1.158545E-14
8123.82932723023  1.155045E-14
8126.63877746948  1.146818E-14
8129.44822770873  1.150005E-14
8132.25767794798  1.130318E-14
8135.06712818723  1.112112E-14
8137.87657842647  1.117498E-14
8140.68602866572  1.114387E-14
8143.49547890497  1.115071E-14
8146.30492914422  1.117466E-14
8149.11437938346  1.090691E-14
8151.92382962271  1.078131E-14
8154.73327986196  1.067814E-14
8157.54273010121  1.069329E-14
8160.35218034046  1.069414E-14
8163.1616305797  1.045444E-14
8165.97108081895  1.035795E-14
8168.7805310582  1.032180E-14
8171.58998129745  1.046632E-14
8174.3994315367  1.074918E-14
8177.20888177594  1.052893E-14
8180.01833201519  1.039711E-14
8182.82778225444  1.047315E-14
8185.63723249369  1.047363E-14
8188.44668273293  1.045535E-14
8191.25613297218  1.045009E-14
8194.06558321143  1.045844E-14
8196.87503345068  1.046550E-14
8199.68448368993  1.049887E-14
8202.49393392917  1.060415E-14
8205.30338416842  1.070642E-14
8208.11283440767  1.079069E-14
8210.92228464692  1.079568E-14
8213.73173488616  1.079956E-14
8216.54118512541  1.080397E-14
8219.35063536466  1.080662E-14
8222.16008560391  1.072582E-14
8224.96953584315  1.026759E-14
8227.7789860824  9.747144E-15
8230.58843632165  9.467753E-15
8233.3978865609  9.692645E-15
8236.20733680015  1.025403E-14
8239.01678703939  1.047543E-14
8241.82623727864  1.050250E-14
8244.63568751789  1.062549E-14
8247.44513775714  1.078647E-14
8250.25458799638  1.086700E-14
8253.06403823563  1.085173E-14
8255.87348847488  1.073798E-14
8258.68293871413  1.056975E-14
8261.49238895338  1.053170E-14
8264.30183919262  1.057131E-14
8267.11128943187  1.079679E-14
8269.92073967112  1.088686E-14
8272.73018991037  1.065728E-14
8275.53964014962  1.039001E-14
8278.34909038886  1.029772E-14
8281.15854062811  1.029419E-14
8283.96799086736  1.022097E-14
8286.77744110661  1.019018E-14
8289.58689134585  1.025289E-14
8292.3963415851  1.039042E-14
8295.20579182435  1.040544E-14
8298.0152420636  1.048623E-14
8300.82469230285  1.060033E-14
8303.63414254209  1.044902E-14
8306.44359278134  1.025710E-14
8309.25304302059  1.047090E-14
8312.06249325984  1.060007E-14
8314.87194349909  1.060462E-14
8317.68139373833  1.042656E-14
8320.49084397758  1.024079E-14
8323.30029421683  1.022048E-14
8326.10974445608  1.033755E-14
8328.91919469532  1.052257E-14
8331.72864493457  1.054314E-14
8334.53809517382  1.057409E-14
8337.34754541307  1.037975E-14
8340.15699565232  1.019845E-14
8342.96644589156  1.023040E-14
8345.77589613081  1.026920E-14
8348.58534637006  1.042824E-14
8351.39479660931  1.051065E-14
8354.20424684856  1.045904E-14
8357.0136970878  1.041245E-14
8359.82314732705  1.030055E-14
8362.6325975663  1.030966E-14
8365.44204780555  1.037099E-14
8368.25149804479  1.036258E-14
8371.06094828404  1.048870E-14
8373.87039852329  1.050137E-14
8376.67984876254  1.042204E-14
8379.48929900178  1.036353E-14
8382.29874924103  1.042162E-14
8385.10819948028  1.034934E-14
8387.91764971953  1.028538E-14
8390.72709995878  1.037472E-14
8393.53655019802  1.026416E-14
8396.34600043727  1.022260E-14
8399.15545067652  1.010585E-14
8401.96490091577  1.003769E-14
8404.77435115501  1.013069E-14
8407.58380139426  1.024638E-14
8410.39325163351  1.032026E-14
8413.20270187276  1.032356E-14
8416.01215211201  1.020422E-14
8418.82160235125  1.008904E-14
8421.6310525905  1.011080E-14
8424.44050282975  1.008539E-14
8427.249953069  1.012845E-14
8430.05940330825  1.013747E-14
8432.86885354749  9.895766E-15
8435.67830378674  9.883237E-15
8438.48775402599  9.956387E-15
8441.29720426524  1.005559E-14
8444.10665450448  1.020830E-14
8446.91610474373  1.020485E-14
8449.72555498298  1.000863E-14
8452.53500522223  9.902478E-15
8455.34445546148  9.838952E-15
8458.15390570072  9.827085E-15
8460.96335593997  9.806742E-15
8463.77280617922  9.870516E-15
8466.58225641847  1.007771E-14
8469.39170665771  1.004975E-14
8472.20115689696  9.914761E-15
8475.01060713621  9.918714E-15
8477.82005737546  9.901102E-15
8480.6295076147  9.888906E-15
8483.43895785395  9.903300E-15
8486.2484080932  9.950110E-15
8489.05785833245  9.979198E-15
8491.8673085717  1.003237E-14
8494.67675881094  9.879509E-15
8497.48620905019  9.738912E-15
8500.29565928944  9.709234E-15
8503.10510952869  9.808842E-15
8505.91455976794  9.915080E-15
8508.72401000718  9.962442E-15
8511.53346024643  9.968638E-15
8514.34291048568  9.780068E-15
8517.15236072493  9.715091E-15
8519.96181096417  9.661731E-15
8522.77126120342  9.557277E-15
8525.58071144267  9.663202E-15
8528.39016168192  9.826242E-15
8531.19961192117  9.884180E-15
8534.00906216042  9.841020E-15
8536.81851239966  9.719624E-15
8539.62796263891  9.706887E-15
8542.43741287816  9.725289E-15
8545.24686311741  9.839830E-15
8548.05631335665  9.874595E-15
8550.8657635959  9.689627E-15
8553.67521383515  9.457697E-15
8556.4846640744  9.528099E-15
8559.29411431364  9.617828E-15
8562.10356455289  9.687424E-15
8564.91301479214  9.705644E-15
8567.72246503139  9.632859E-15
8570.53191527063  9.531268E-15
8573.34136550988  9.440404E-15
8576.15081574913  9.555262E-15
8578.96026598838  9.600359E-15
8581.76971622762  9.647154E-15
8584.57916646687  9.747563E-15
8587.38861670612  9.581616E-15
8590.19806694537  9.354004E-15
8593.00751718462  9.333507E-15
8595.81696742387  9.455325E-15
8598.62641766311  9.437758E-15
8601.43586790236  9.561470E-15
8604.24531814161  9.600304E-15
8607.05476838086  9.486385E-15
8609.86421862011  9.359831E-15
8612.67366885935  9.218321E-15
8615.4831190986  9.344722E-15
8618.29256933785  9.487243E-15
8621.1020195771  9.398948E-15
8623.91146981634  9.218279E-15
8626.72092005559  9.118356E-15
8629.53037029484  9.119964E-15
8632.33982053409  9.281344E-15
8635.14927077333  9.331898E-15
8637.95872101258  9.373512E-15
8640.76817125183  9.322136E-15
8643.57762149108  9.132449E-15
8646.38707173033  9.184194E-15
8649.19652196958  9.105625E-15
8652.00597220882  9.193873E-15
8654.81542244807  9.331821E-15
8657.62487268732  9.430918E-15
8660.43432292657  9.449572E-15
8663.24377316581  9.340580E-15
8666.05322340506  9.073473E-15
8668.86267364431  8.946979E-15
8671.67212388356  8.959452E-15
8674.4815741228  9.003372E-15
8677.29102436205  9.001801E-15
8680.1004746013  9.020491E-15
8682.90992484055  9.061977E-15
8685.7193750798  9.107146E-15
8688.52882531904  9.013373E-15
8691.33827555829  8.947459E-15
8694.14772579754  8.967346E-15
8696.95717603679  8.956696E-15
8699.76662627603  8.943007E-15
8702.57607651528  9.051524E-15
8705.38552675453  9.196053E-15
8708.19497699378  9.186687E-15
8711.00442723303  9.023217E-15
8713.81387747227  8.920390E-15
8716.62332771152  8.904753E-15
8719.43277795077  8.903077E-15
8722.24222819002  9.095115E-15
8725.05167842927  9.063988E-15
8727.86112866851  8.932619E-15
8730.67057890776  8.867125E-15
8733.48002914701  8.808182E-15
8736.28947938626  8.714333E-15
8739.0989296255  8.723563E-15
8741.90837986475  8.776415E-15
8744.717830104  8.843883E-15
8747.52728034325  8.836869E-15
8750.33673058249  8.714835E-15
8753.14618082174  8.716275E-15
8755.95563106099  8.495995E-15
8758.76508130024  8.483858E-15
8761.57453153948  8.683421E-15
8764.38398177873  8.643764E-15
8767.19343201798  8.482082E-15
8770.00288225723  8.349168E-15
8772.81233249648  8.315017E-15
8775.62178273572  8.414823E-15
8778.43123297497  8.507489E-15
8781.24068321422  8.633913E-15
8784.05013345347  8.741899E-15
8786.85958369272  8.688767E-15
8789.66903393196  8.670569E-15
8792.47848417121  8.509268E-15
8795.28793441046  8.514462E-15
8798.09738464971  8.725985E-15
8800.90683488895  8.788942E-15
8803.7162851282  8.748105E-15
8806.52573536745  8.634733E-15
8809.3351856067  8.576815E-15
8812.14463584595  8.555108E-15
8814.95408608519  8.651301E-15
8817.76353632444  8.655205E-15
8820.57298656369  8.527848E-15
8823.38243680294  8.326553E-15
8826.19188704219  8.237235E-15
8829.00133728143  8.184156E-15
8831.81078752068  8.261510E-15
8834.62023775993  8.363900E-15
8837.42968799918  8.396378E-15
8840.23913823843  8.397609E-15
8843.04858847767  8.380892E-15
8845.85803871692  8.289695E-15
8848.66748895617  8.194025E-15
8851.47693919542  8.260380E-15
8854.28638943466  8.365848E-15
8857.09583967391  8.342149E-15
8859.90528991316  8.402861E-15
8862.71474015241  8.332686E-15
8865.52419039166  8.190079E-15
8868.3336406309  8.111906E-15
8871.14309087015  8.083396E-15
8873.9525411094  8.064717E-15
8876.76199134865  8.055144E-15
8879.57144158789  8.101794E-15
8882.38089182714  8.079854E-15
8885.19034206639  8.090798E-15
8887.99979230564  8.159129E-15
8890.80924254489  8.200425E-15
8893.61869278413  8.109626E-15
8896.42814302338  8.029786E-15
8899.23759326263  8.126620E-15
8902.04704350188  8.127678E-15
8904.85649374112  8.250602E-15
8907.66594398037  8.433955E-15
8910.47539421962  8.462638E-15
8913.28484445887  8.385846E-15
8916.09429469811  8.321159E-15
8918.90374493736  8.099761E-15
8921.71319517661  8.040672E-15
8924.52264541586  8.246769E-15
8927.33209565511  8.288514E-15
8930.14154589435  8.379644E-15
8932.9509961336  8.393020E-15
8935.76044637285  8.182717E-15
8938.5698966121  8.072482E-15
8941.37934685135  8.162061E-15
8944.18879709059  8.178608E-15
8946.99824732984  8.142492E-15
8949.80769756909  8.030692E-15
8952.61714780834  7.844105E-15
8955.42659804758  7.642513E-15
8958.23604828683  7.695783E-15
8961.04549852608  7.660744E-15
8963.85494876533  7.523861E-15
8966.66439900458  7.587260E-15
8969.47384924382  7.699172E-15
8972.28329948307  7.568338E-15
8975.09274972232  7.586385E-15
8977.90219996157  7.636156E-15
8980.71165020081  7.517745E-15
8983.52110044006  7.440115E-15
8986.33055067931  7.172014E-15
8989.14000091856  6.795820E-15
8991.9494511578  6.802613E-15
8994.75890139705  7.177749E-15
8997.5683516363  7.292798E-15
9000.37780187555  7.170314E-15
9003.1872521148  7.089709E-15
9005.99670235405  7.031899E-15
9008.80615259329  7.125485E-15
9011.61560283254  7.253390E-15
9014.42505307179  7.195744E-15
9017.23450331104  7.106396E-15
9020.04395355028  7.090083E-15
9022.85340378953  7.001588E-15
9025.66285402878  7.080268E-15
9028.47230426803  7.109289E-15
9031.28175450727  7.207753E-15
9034.09120474652  7.420199E-15
9036.90065498577  7.525693E-15
9039.71010522502  7.541968E-15
9042.51955546427  7.504459E-15
9045.32900570351  7.517195E-15
9048.13845594276  7.428845E-15
9050.94790618201  7.428405E-15
9053.75735642126  7.503740E-15
9056.56680666051  7.550380E-15
9059.37625689975  7.567574E-15
9062.185707139  7.471155E-15
9064.99515737825  7.439506E-15
9067.8046076175  7.195251E-15
9070.61405785674  6.892603E-15
9073.42350809599  6.921628E-15
9076.23295833524  7.029295E-15
9079.04240857449  6.972274E-15
9081.85185881374  7.110186E-15
9084.66130905298  7.033186E-15
9087.47075929223  7.002003E-15
9090.28020953148  7.019786E-15
9093.08965977073  6.972015E-15
9095.89911000997  7.002094E-15
9098.70856024922  7.082713E-15
9101.51801048847  7.096841E-15
9104.32746072772  7.045883E-15
9107.13691096696  7.077341E-15
9109.94636120621  7.345450E-15
9112.75581144546  7.439578E-15
9115.56526168471  7.237326E-15
9118.37471192396  7.010879E-15
9121.18416216321  7.108783E-15
9123.99361240245  7.240988E-15
9126.8030626417  7.094356E-15
9129.61251288095  6.901489E-15
9132.4219631202  6.769236E-15
9135.23141335944  6.676316E-15
9138.04086359869  6.754990E-15
9140.85031383794  7.020487E-15
9143.65976407719  7.159587E-15
9146.46921431643  7.143739E-15
9149.27866455568  6.864485E-15
9152.08811479493  6.558713E-15
9154.89756503418  6.625270E-15
9157.70701527343  6.769583E-15
9160.51646551268  6.858316E-15
9163.32591575192  6.988364E-15
9166.13536599117  6.962800E-15
9168.94481623042  6.854151E-15
9171.75426646967  6.744418E-15
9174.56371670891  6.561341E-15
9177.37316694816  6.650492E-15
9180.18261718741  6.814712E-15
