3829.1206054688	4.250816E-14
3829.7413100895	4.107645E-14
3830.3620147103	4.099407E-14
3830.982719331	4.060715E-14
3831.6034239517	4.033E-14
3832.2241285724	4.024952E-14
3832.8448331931	4.053846E-14
3833.4655378139	4.094932E-14
3834.0862424346	4.138315E-14
3834.7069470553	4.16855E-14
3835.327651676	4.143859E-14
3835.9483562968	4.182053E-14
3836.5690609175	4.193427E-14
3837.1897655382	4.178954E-14
3837.8104701589	4.178146E-14
3838.4311747797	4.206793E-14
3839.0518794004	4.241014E-14
3839.6725840211	4.272993E-14
3840.2932886418	4.225521E-14
3840.9139932626	4.214283E-14
3841.5346978833	4.217336E-14
3842.155402504	4.253143E-14
3842.7761071247	4.274165E-14
3843.3968117454	4.258272E-14
3844.0175163662	4.307482E-14
3844.6382209869	4.303742E-14
3845.2589256076	4.269373E-14
3845.8796302283	4.303517E-14
3846.5003348491	4.362817E-14
3847.1210394698	4.378602E-14
3847.7417440905	4.37653E-14
3848.3624487112	4.415278E-14
3848.983153332	4.469808E-14
3849.6038579527	4.479162E-14
3850.2245625734	4.478299E-14
3850.8452671941	4.527561E-14
3851.4659718148	4.593101E-14
3852.0866764356	4.601238E-14
3852.7073810563	4.561946E-14
3853.328085677	4.644896E-14
3853.9487902977	4.670243E-14
3854.5694949185	4.659675E-14
3855.1901995392	4.712509E-14
3855.8109041599	4.710996E-14
3856.4316087806	4.722953E-14
3857.0523134014	4.692403E-14
3857.6730180221	4.714635E-14
3858.2937226428	4.709878E-14
3858.9144272635	4.720811E-14
3859.5351318842	4.723553E-14
3860.155836505	4.706105E-14
3860.7765411257	4.713633E-14
3861.3972457464	4.689245E-14
3862.0179503671	4.620596E-14
3862.6386549879	4.617557E-14
3863.2593596086	4.58907E-14
3863.8800642293	4.551203E-14
3864.50076885	4.55648E-14
3865.1214734708	4.574761E-14
3865.7421780915	4.523346E-14
3866.3628827122	4.527818E-14
3866.9835873329	4.507773E-14
3867.6042919536	4.53815E-14
3868.2249965744	4.556449E-14
3868.8457011951	4.535129E-14
3869.4664058158	4.522599E-14
3870.0871104365	4.483827E-14
3870.7078150573	4.41006E-14
3871.328519678	4.433903E-14
3871.9492242987	4.429669E-14
3872.5699289194	4.349188E-14
3873.1906335402	4.323927E-14
3873.8113381609	4.339055E-14
3874.4320427816	4.261963E-14
3875.0527474023	4.265741E-14
3875.673452023	4.260252E-14
3876.2941566438	4.255856E-14
3876.9148612645	4.240421E-14
3877.5355658852	4.193982E-14
3878.1562705059	4.158303E-14
3878.7769751267	4.139323E-14
3879.3976797474	4.09097E-14
3880.0183843681	4.089348E-14
3880.6390889888	4.078465E-14
3881.2597936096	4.081821E-14
3881.8804982303	4.075963E-14
3882.501202851	4.10026E-14
3883.1219074717	4.075343E-14
3883.7426120925	4.061939E-14
3884.3633167132	4.120956E-14
3884.9840213339	4.088372E-14
3885.6047259546	4.093725E-14
3886.2254305753	4.090333E-14
3886.8461351961	4.066441E-14
3887.4668398168	4.116965E-14
3888.0875444375	4.152536E-14
3888.7082490582	4.111043E-14
3889.328953679	4.092739E-14
3889.9496582997	4.115876E-14
3890.5703629204	4.110579E-14
3891.1910675411	4.125307E-14
3891.8117721619	4.118404E-14
3892.4324767826	4.116021E-14
3893.0531814033	4.121677E-14
3893.673886024	4.158621E-14
3894.2945906447	4.180857E-14
3894.9152952655	4.186811E-14
3895.5359998862	4.163735E-14
3896.1567045069	4.187957E-14
3896.7774091276	4.222137E-14
3897.3981137484	4.246825E-14
3898.0188183691	4.21218E-14
3898.6395229898	4.153419E-14
3899.2602276105	4.180853E-14
3899.8809322313	4.224631E-14
3900.501636852	4.211546E-14
3901.1223414727	4.277242E-14
3901.7430460934	4.320187E-14
3902.3637507141	4.311195E-14
3902.9844553349	4.303927E-14
3903.6051599556	4.322312E-14
3904.2258645763	4.294421E-14
3904.846569197	4.354695E-14
3905.4672738178	4.394013E-14
3906.0879784385	4.426889E-14
3906.7086830592	4.423829E-14
3907.3293876799	4.426207E-14
3907.9500923007	4.40695E-14
3908.5707969214	4.414499E-14
3909.1915015421	4.469152E-14
3909.8122061628	4.508541E-14
3910.4329107835	4.520582E-14
3911.0536154043	4.485702E-14
3911.674320025	4.493342E-14
3912.2950246457	4.530924E-14
3912.9157292664	4.547318E-14
3913.5364338872	4.588977E-14
3914.1571385079	4.554753E-14
3914.7778431286	4.521247E-14
3915.3985477493	4.546416E-14
3916.0192523701	4.604969E-14
3916.6399569908	4.598096E-14
3917.2606616115	4.588046E-14
3917.8813662322	4.642719E-14
3918.5020708529	4.643488E-14
3919.1227754737	4.620071E-14
3919.7434800944	4.576816E-14
3920.3641847151	4.579745E-14
3920.9848893358	4.575204E-14
3921.6055939566	4.547705E-14
3922.2262985773	4.576731E-14
3922.847003198	4.529548E-14
3923.4677078187	4.499895E-14
3924.0884124395	4.512088E-14
3924.7091170602	4.506398E-14
3925.3298216809	4.513937E-14
3925.9505263016	4.523962E-14
3926.5712309224	4.503734E-14
3927.1919355431	4.550515E-14
3927.8126401638	4.574312E-14
3928.4333447845	4.566575E-14
3929.0540494052	4.556584E-14
3929.674754026	4.554897E-14
3930.2954586467	4.580127E-14
3930.9161632674	4.595863E-14
3931.5368678881	4.544667E-14
3932.1575725089	4.467856E-14
3932.7782771296	4.444403E-14
3933.3989817503	4.473529E-14
3934.019686371	4.464569E-14
3934.6403909918	4.492064E-14
3935.2610956125	4.526698E-14
3935.8818002332	4.503468E-14
3936.5025048539	4.481375E-14
3937.1232094746	4.469362E-14
3937.7439140954	4.440478E-14
3938.3646187161	4.41641E-14
3938.9853233368	4.462039E-14
3939.6060279575	4.442754E-14
3940.2267325783	4.412738E-14
3940.847437199	4.405574E-14
3941.4681418197	4.384466E-14
3942.0888464404	4.375853E-14
3942.7095510612	4.367334E-14
3943.3302556819	4.364045E-14
3943.9509603026	4.35114E-14
3944.5716649233	4.333374E-14
3945.192369544	4.328102E-14
3945.8130741648	4.309966E-14
3946.4337787855	4.328459E-14
3947.0544834062	4.330909E-14
3947.6751880269	4.342086E-14
3948.2958926477	4.31081E-14
3948.9165972684	4.315893E-14
3949.5373018891	4.319168E-14
3950.1580065098	4.266924E-14
3950.7787111306	4.305813E-14
3951.3994157513	4.31019E-14
3952.020120372	4.221532E-14
3952.6408249927	4.194266E-14
3953.2615296134	4.164944E-14
3953.8822342342	4.154846E-14
3954.5029388549	4.124646E-14
3955.1236434756	4.093405E-14
3955.7443480963	4.124514E-14
3956.3650527171	4.084925E-14
3956.9857573378	4.026015E-14
3957.6064619585	3.962294E-14
3958.2271665792	3.935695E-14
3958.8478712	3.966614E-14
3959.4685758207	3.980008E-14
3960.0892804414	3.980583E-14
3960.7099850621	3.930455E-14
3961.3306896829	3.943124E-14
3961.9513943036	3.936889E-14
3962.5720989243	3.927394E-14
3963.192803545	3.898999E-14
3963.8135081657	3.859129E-14
3964.4342127865	3.8724E-14
3965.0549174072	3.867627E-14
3965.6756220279	3.795189E-14
3966.2963266486	3.799626E-14
3966.9170312694	3.807638E-14
3967.5377358901	3.814682E-14
3968.1584405108	3.816032E-14
3968.7791451315	3.762471E-14
3969.3998497523	3.769854E-14
3970.020554373	3.763552E-14
3970.6412589937	3.766342E-14
3971.2619636144	3.808367E-14
3971.8826682351	3.791004E-14
3972.5033728559	3.796557E-14
3973.1240774766	3.825737E-14
3973.7447820973	3.817085E-14
3974.365486718	3.827284E-14
3974.9861913388	3.84268E-14
3975.6068959595	3.855973E-14
3976.2276005802	3.869522E-14
3976.8483052009	3.866725E-14
3977.4690098217	3.848235E-14
3978.0897144424	3.856469E-14
3978.7104190631	3.852894E-14
3979.3311236838	3.856441E-14
3979.9518283045	3.910529E-14
3980.5725329253	3.889117E-14
3981.193237546	3.857463E-14
3981.8139421667	3.922642E-14
3982.4346467874	3.937933E-14
3983.0553514082	3.945713E-14
3983.6760560289	3.940236E-14
3984.2967606496	3.968907E-14
3984.9174652703	4.021413E-14
3985.5381698911	4.016587E-14
3986.1588745118	4.010675E-14
3986.7795791325	4.040989E-14
3987.4002837532	4.07397E-14
3988.0209883739	4.090952E-14
3988.6416929947	4.095049E-14
3989.2623976154	4.13297E-14
3989.8831022361	4.181162E-14
3990.5038068568	4.201861E-14
3991.1245114776	4.224568E-14
3991.7452160983	4.258466E-14
3992.365920719	4.262509E-14
3992.9866253397	4.292061E-14
3993.6073299605	4.282129E-14
3994.2280345812	4.316063E-14
3994.8487392019	4.345663E-14
3995.4694438226	4.329332E-14
3996.0901484433	4.32599E-14
3996.7108530641	4.347871E-14
3997.3315576848	4.393417E-14
3997.9522623055	4.393982E-14
3998.5729669262	4.409568E-14
3999.193671547	4.426761E-14
3999.8143761677	4.42983E-14
4000.4350807884	4.456974E-14
4001.0557854091	4.481264E-14
4001.6764900299	4.479035E-14
4002.2971946506	4.485922E-14
4002.9178992713	4.49167E-14
4003.538603892	4.513877E-14
4004.1593085128	4.554716E-14
4004.7800131335	4.526951E-14
4005.4007177542	4.518616E-14
4006.0214223749	4.500897E-14
4006.6421269956	4.480512E-14
4007.2628316164	4.505995E-14
4007.8835362371	4.543935E-14
4008.5042408578	4.492456E-14
4009.1249454785	4.475283E-14
4009.7456500993	4.541633E-14
4010.36635472	4.523457E-14
4010.9870593407	4.546553E-14
4011.6077639614	4.532544E-14
4012.2284685822	4.48303E-14
4012.8491732029	4.504484E-14
4013.4698778236	4.51226E-14
4014.0905824443	4.479364E-14
4014.711287065	4.461523E-14
4015.3319916858	4.452191E-14
4015.9526963065	4.461758E-14
4016.5734009272	4.471441E-14
4017.1941055479	4.499075E-14
4017.8148101687	4.495789E-14
4018.4355147894	4.485012E-14
4019.0562194101	4.535916E-14
4019.6769240308	4.550115E-14
4020.2976286516	4.533199E-14
4020.9183332723	4.527637E-14
4021.539037893	4.549056E-14
4022.1597425137	4.585783E-14
4022.7804471344	4.591951E-14
4023.4011517552	4.604152E-14
4024.0218563759	4.581815E-14
4024.6425609966	4.563203E-14
4025.2632656173	4.591982E-14
4025.8839702381	4.61192E-14
4026.5046748588	4.657539E-14
4027.1253794795	4.665251E-14
4027.7460841002	4.660288E-14
4028.366788721	4.667237E-14
4028.9874933417	4.655162E-14
4029.6081979624	4.680016E-14
4030.2289025831	4.674921E-14
4030.8496072038	4.629523E-14
4031.4703118246	4.655043E-14
4032.0910164453	4.657827E-14
4032.711721066	4.66642E-14
4033.3324256867	4.632949E-14
4033.9531303075	4.591952E-14
4034.5738349282	4.608546E-14
4035.1945395489	4.601165E-14
4035.8152441696	4.598914E-14
4036.4359487904	4.637194E-14
4037.0566534111	4.608381E-14
4037.6773580318	4.586601E-14
4038.2980626525	4.594806E-14
4038.9187672733	4.559965E-14
4039.539471894	4.579112E-14
4040.1601765147	4.621991E-14
4040.7808811354	4.598356E-14
4041.4015857561	4.589363E-14
4042.0222903769	4.602144E-14
4042.6429949976	4.590491E-14
4043.2636996183	4.597636E-14
4043.884404239	4.598881E-14
4044.5051088598	4.566823E-14
4045.1258134805	4.601997E-14
4045.7465181012	4.606137E-14
4046.3672227219	4.635442E-14
4046.9879273427	4.640011E-14
4047.6086319634	4.587446E-14
4048.2293365841	4.562976E-14
4048.8500412048	4.604809E-14
4049.4707458255	4.669962E-14
4050.0914504463	4.625513E-14
4050.712155067	4.595904E-14
4051.3328596877	4.584557E-14
4051.9535643084	4.60562E-14
4052.5742689292	4.597684E-14
4053.1949735499	4.578064E-14
4053.8156781706	4.590116E-14
4054.4363827913	4.597374E-14
4055.0570874121	4.571388E-14
4055.6777920328	4.581112E-14
4056.2984966535	4.594886E-14
4056.9192012742	4.577873E-14
4057.5399058949	4.596253E-14
4058.1606105157	4.596263E-14
4058.7813151364	4.579918E-14
4059.4020197571	4.600346E-14
4060.0227243778	4.611221E-14
4060.6434289986	4.583808E-14
4061.2641336193	4.569781E-14
4061.88483824	4.557321E-14
4062.5055428607	4.574727E-14
4063.1262474815	4.587081E-14
4063.7469521022	4.572259E-14
4064.3676567229	4.590721E-14
4064.9883613436	4.556475E-14
4065.6090659643	4.513969E-14
4066.2297705851	4.526785E-14
4066.8504752058	4.509415E-14
4067.4711798265	4.50565E-14
4068.0918844472	4.480973E-14
4068.712589068	4.482779E-14
4069.3332936887	4.507719E-14
4069.9539983094	4.485734E-14
4070.5747029301	4.457244E-14
4071.1954075509	4.46065E-14
4071.8161121716	4.478552E-14
4072.4368167923	4.454106E-14
4073.057521413	4.407218E-14
4073.6782260338	4.424768E-14
4074.2989306545	4.429636E-14
4074.9196352752	4.47323E-14
4075.5403398959	4.443101E-14
4076.1610445166	4.412256E-14
4076.7817491374	4.381919E-14
4077.4024537581	4.360892E-14
4078.0231583788	4.365365E-14
4078.6438629995	4.366934E-14
4079.2645676203	4.330798E-14
4079.885272241	4.306033E-14
4080.5059768617	4.31638E-14
4081.1266814824	4.285477E-14
4081.7473861032	4.214435E-14
4082.3680907239	4.182542E-14
4082.9887953446	4.161736E-14
4083.6094999653	4.138665E-14
4084.230204586	4.112133E-14
4084.8509092068	4.133918E-14
4085.4716138275	4.085355E-14
4086.0923184482	4.028469E-14
4086.7130230689	3.999698E-14
4087.3337276897	3.968091E-14
4087.9544323104	3.939845E-14
4088.5751369311	3.920239E-14
4089.1958415518	3.924791E-14
4089.8165461726	3.910186E-14
4090.4372507933	3.895396E-14
4091.057955414	3.889868E-14
4091.6786600347	3.8983E-14
4092.2993646554	3.896258E-14
4092.9200692762	3.901051E-14
4093.5407738969	3.906874E-14
4094.1614785176	3.926088E-14
4094.7821831383	3.908426E-14
4095.4028877591	3.920489E-14
4096.0235923798	3.879327E-14
4096.6442970005	3.834501E-14
4097.2650016212	3.852467E-14
4097.885706242	3.872619E-14
4098.5064108627	3.871044E-14
4099.1271154834	3.865415E-14
4099.7478201041	3.836724E-14
4100.3685247248	3.818621E-14
4100.9892293456	3.826764E-14
4101.6099339663	3.827851E-14
4102.230638587	3.821766E-14
4102.8513432077	3.794878E-14
4103.4720478285	3.809597E-14
4104.0927524492	3.828776E-14
4104.7134570699	3.826163E-14
4105.3341616906	3.827021E-14
4105.9548663114	3.811858E-14
4106.5755709321	3.832156E-14
4107.1962755528	3.841942E-14
4107.8169801735	3.790868E-14
4108.4376847943	3.811297E-14
4109.058389415	3.814607E-14
4109.6790940357	3.778495E-14
4110.2997986564	3.827899E-14
4110.9205032771	3.82415E-14
4111.5412078979	3.775592E-14
4112.1619125186	3.80358E-14
4112.7826171393	3.785684E-14
4113.40332176	3.810769E-14
4114.0240263808	3.856248E-14
4114.6447310015	3.832797E-14
4115.2654356222	3.844921E-14
4115.8861402429	3.840213E-14
4116.5068448637	3.842201E-14
4117.1275494844	3.832907E-14
4117.7482541051	3.863484E-14
4118.3689587258	3.882531E-14
4118.9896633465	3.910168E-14
4119.6103679673	3.914457E-14
4120.231072588	3.938483E-14
4120.8517772087	3.997622E-14
4121.4724818294	4.020129E-14
4122.0931864502	4.043421E-14
4122.7138910709	4.052791E-14
4123.3345956916	4.092261E-14
4123.9553003123	4.08322E-14
4124.5760049331	4.088513E-14
4125.1967095538	4.11067E-14
4125.8174141745	4.137718E-14
4126.4381187952	4.129602E-14
4127.0588234159	4.128805E-14
4127.6795280367	4.16407E-14
4128.3002326574	4.193213E-14
4128.9209372781	4.208997E-14
4129.5416418988	4.18126E-14
4130.1623465196	4.219118E-14
4130.7830511403	4.225847E-14
4131.403755761	4.217761E-14
4132.0244603817	4.214515E-14
4132.6451650025	4.248396E-14
4133.2658696232	4.262385E-14
4133.8865742439	4.276955E-14
4134.5072788646	4.253449E-14
4135.1279834853	4.22975E-14
4135.7486881061	4.261106E-14
4136.3693927268	4.26964E-14
4136.9900973475	4.271755E-14
4137.6108019682	4.306032E-14
4138.231506589	4.288467E-14
4138.8522112097	4.272326E-14
4139.4729158304	4.260575E-14
4140.0936204511	4.279518E-14
4140.7143250719	4.30063E-14
4141.3350296926	4.30023E-14
4141.9557343133	4.32138E-14
4142.576438934	4.32128E-14
4143.1971435547	4.305776E-14
4143.8178481755	4.30054E-14
4144.4385527962	4.338887E-14
4145.0592574169	4.351006E-14
4145.6799620376	4.344734E-14
4146.3006666584	4.36603E-14
4146.9213712791	4.377823E-14
4147.5420758998	4.389595E-14
4148.1627805205	4.388347E-14
4148.7834851413	4.389856E-14
4149.404189762	4.39358E-14
4150.0248943827	4.378541E-14
4150.6455990034	4.363832E-14
4151.2663036242	4.342591E-14
4151.8870082449	4.375224E-14
4152.5077128656	4.378333E-14
4153.1284174863	4.368205E-14
4153.749122107	4.386246E-14
4154.3698267278	4.398515E-14
4154.9905313485	4.365731E-14
4155.6112359692	4.39583E-14
4156.2319405899	4.377616E-14
4156.8526452107	4.364034E-14
4157.4733498314	4.371799E-14
4158.0940544521	4.368427E-14
4158.7147590728	4.348338E-14
4159.3354636936	4.367043E-14
4159.9561683143	4.3678E-14
4160.576872935	4.368576E-14
4161.1975775557	4.374529E-14
4161.8182821764	4.3575E-14
4162.4389867972	4.346602E-14
4163.0596914179	4.397336E-14
4163.6803960386	4.381599E-14
4164.3011006593	4.355237E-14
4164.9218052801	4.391308E-14
4165.5425099008	4.363007E-14
4166.1632145215	4.350253E-14
4166.7839191422	4.393102E-14
4167.404623763	4.380977E-14
4168.0253283837	4.378786E-14
4168.6460330044	4.394285E-14
4169.2667376251	4.40823E-14
4169.8874422458	4.350253E-14
4170.5081468666	4.315106E-14
4171.1288514873	4.364243E-14
4171.749556108	4.346091E-14
4172.3702607287	4.344973E-14
4172.9909653495	4.355624E-14
4173.6116699702	4.344242E-14
4174.2323745909	4.357536E-14
4174.8530792116	4.344719E-14
4175.4737838324	4.329179E-14
4176.0944884531	4.35281E-14
4176.7151930738	4.379484E-14
4177.3358976945	4.37536E-14
4177.9566023152	4.347849E-14
4178.577306936	4.359126E-14
4179.1980115567	4.370784E-14
4179.8187161774	4.347379E-14
4180.4394207981	4.308151E-14
4181.0601254189	4.316743E-14
4181.6808300396	4.341366E-14
4182.3015346603	4.346523E-14
4182.922239281	4.320733E-14
4183.5429439018	4.321054E-14
4184.1636485225	4.324012E-14
4184.7843531432	4.321847E-14
4185.4050577639	4.343049E-14
4186.0257623847	4.359963E-14
4186.6464670054	4.334579E-14
4187.2671716261	4.322263E-14
4187.8878762468	4.343995E-14
4188.5085808675	4.323331E-14
4189.1292854883	4.329182E-14
4189.749990109	4.329749E-14
4190.3706947297	4.32347E-14
4190.9913993504	4.303023E-14
4191.6121039712	4.329265E-14
4192.2328085919	4.329966E-14
4192.8535132126	4.334199E-14
4193.4742178333	4.359207E-14
4194.0949224541	4.376825E-14
4194.7156270748	4.35989E-14
4195.3363316955	4.334199E-14
4195.9570363162	4.359734E-14
4196.5777409369	4.359332E-14
4197.1984455577	4.346407E-14
4197.8191501784	4.354919E-14
4198.4398547991	4.346734E-14
4199.0605594198	4.399541E-14
4199.6812640406	4.408775E-14
4200.3019686613	4.36469E-14
4200.922673282	4.380799E-14
4201.5433779027	4.378841E-14
4202.1640825235	4.403996E-14
4202.7847871442	4.386575E-14
4203.4054917649	4.354124E-14
4204.0261963856	4.363789E-14
4204.6469010063	4.396619E-14
4205.2676056271	4.366468E-14
4205.8883102478	4.331707E-14
4206.5090148685	4.310827E-14
4207.1297194892	4.315139E-14
4207.75042411	4.335054E-14
4208.3711287307	4.342833E-14
4208.9918333514	4.357745E-14
4209.6125379721	4.354903E-14
4210.2332425929	4.359548E-14
4210.8539472136	4.350654E-14
4211.4746518343	4.35437E-14
4212.095356455	4.353243E-14
4212.7160610757	4.352255E-14
4213.3367656965	4.353705E-14
4213.9574703172	4.36236E-14
4214.5781749379	4.34211E-14
4215.1988795586	4.374586E-14
4215.8195841794	4.370853E-14
4216.4402888001	4.334652E-14
4217.0609934208	4.339881E-14
4217.6816980415	4.347844E-14
4218.3024026623	4.288266E-14
4218.923107283	4.266826E-14
4219.5438119037	4.283651E-14
4220.1645165244	4.297318E-14
4220.7852211451	4.269726E-14
4221.4059257659	4.2516E-14
4222.0266303866	4.265004E-14
4222.6473350073	4.253073E-14
4223.268039628	4.24633E-14
4223.8887442488	4.253303E-14
4224.5094488695	4.225974E-14
4225.1301534902	4.243598E-14
4225.7508581109	4.257534E-14
4226.3715627317	4.256699E-14
4226.9922673524	4.258622E-14
4227.6129719731	4.259082E-14
4228.2336765938	4.308758E-14
4228.8543812146	4.284185E-14
4229.4750858353	4.260979E-14
4230.095790456	4.251903E-14
4230.7164950767	4.262082E-14
4231.3371996974	4.280813E-14
4231.9579043182	4.282555E-14
4232.5786089389	4.282968E-14
4233.1993135596	4.267421E-14
4233.8200181803	4.244959E-14
4234.4407228011	4.251655E-14
4235.0614274218	4.263468E-14
4235.6821320425	4.24748E-14
4236.3028366632	4.226351E-14
4236.923541284	4.214769E-14
4237.5442459047	4.213306E-14
4238.1649505254	4.220526E-14
4238.7856551461	4.233314E-14
4239.4063597668	4.201709E-14
4240.0270643876	4.168243E-14
4240.6477690083	4.215528E-14
4241.268473629	4.233891E-14
4241.8891782497	4.167203E-14
4242.5098828705	4.157416E-14
4243.1305874912	4.148148E-14
4243.7512921119	4.126916E-14
4244.3719967326	4.190705E-14
4244.9927013534	4.161345E-14
4245.6134059741	4.152278E-14
4246.2341105948	4.121859E-14
4246.8548152155	4.143188E-14
4247.4755198362	4.155916E-14
4248.096224457	4.145409E-14
4248.7169290777	4.172028E-14
4249.3376336984	4.206923E-14
4249.9583383191	4.183652E-14
4250.5790429399	4.143733E-14
4251.1997475606	4.148493E-14
4251.8204521813	4.123408E-14
4252.441156802	4.154246E-14
4253.0618614228	4.17022E-14
4253.6825660435	4.145928E-14
4254.3032706642	4.141906E-14
4254.9239752849	4.168589E-14
4255.5446799056	4.181064E-14
4256.1653845264	4.159984E-14
4256.7860891471	4.168544E-14
4257.4067937678	4.150904E-14
4258.0274983885	4.134032E-14
4258.6482030093	4.142441E-14
4259.26890763	4.184095E-14
4259.8896122507	4.145269E-14
4260.5103168714	4.127248E-14
4261.1310214922	4.129499E-14
4261.7517261129	4.087725E-14
4262.3724307336	4.112666E-14
4262.9931353543	4.113145E-14
4263.6138399751	4.117819E-14
4264.2345445958	4.08894E-14
4264.8552492165	4.077051E-14
4265.4759538372	4.102055E-14
4266.0966584579	4.100979E-14
4266.7173630787	4.102028E-14
4267.3380676994	4.112089E-14
4267.9587723201	4.101529E-14
4268.5794769408	4.080684E-14
4269.2001815616	4.090158E-14
4269.8208861823	4.085799E-14
4270.441590803	4.057594E-14
4271.0622954237	4.069447E-14
4271.6830000445	4.057614E-14
4272.3037046652	4.06338E-14
4272.9244092859	4.029774E-14
4273.5451139066	4.036679E-14
4274.1658185273	4.055615E-14
4274.7865231481	4.075557E-14
4275.4072277688	4.06903E-14
4276.0279323895	4.054687E-14
4276.6486370102	4.068139E-14
4277.269341631	4.050846E-14
4277.8900462517	4.025637E-14
4278.5107508724	4.02732E-14
4279.1314554931	4.022553E-14
4279.7521601139	4.027258E-14
4280.3728647346	4.008565E-14
4280.9935693553	4.004407E-14
4281.614273976	3.991509E-14
4282.2349785967	4.016327E-14
4282.8556832175	4.025842E-14
4283.4763878382	3.966034E-14
4284.0970924589	3.985722E-14
4284.7177970796	3.992047E-14
4285.3385017004	3.974675E-14
4285.9592063211	4.015008E-14
4286.5799109418	4.038095E-14
4287.2006155625	4.016512E-14
4287.8213201833	3.974494E-14
4288.442024804	3.953115E-14
4289.0627294247	3.974908E-14
4289.6834340454	3.970288E-14
4290.3041386661	3.939625E-14
4290.9248432869	3.92821E-14
4291.5455479076	3.921325E-14
4292.1662525283	3.911062E-14
4292.786957149	3.87606E-14
4293.4076617698	3.904796E-14
4294.0283663905	3.902301E-14
4294.6490710112	3.89604E-14
4295.2697756319	3.923201E-14
4295.8904802527	3.907719E-14
4296.5111848734	3.865418E-14
4297.1318894941	3.844471E-14
4297.7525941148	3.822584E-14
4298.3732987356	3.84338E-14
4298.9940033563	3.862571E-14
4299.614707977	3.834529E-14
4300.2354125977	3.813188E-14
4300.8561172184	3.822724E-14
4301.4768218392	3.835686E-14
4302.0975264599	3.812495E-14
4302.7182310806	3.821298E-14
4303.3389357013	3.816576E-14
4303.9596403221	3.808854E-14
4304.5803449428	3.770819E-14
4305.2010495635	3.761382E-14
4305.8217541842	3.748711E-14
4306.442458805	3.743234E-14
4307.0631634257	3.73866E-14
4307.6838680464	3.739925E-14
4308.3045726671	3.736482E-14
4308.9252772878	3.715017E-14
4309.5459819086	3.681398E-14
4310.1666865293	3.695922E-14
4310.78739115	3.692282E-14
4311.4080957707	3.690461E-14
4312.0288003915	3.693814E-14
4312.6495050122	3.689032E-14
4313.2702096329	3.696052E-14
4313.8909142536	3.684631E-14
4314.5116188744	3.642297E-14
4315.1323234951	3.618403E-14
4315.7530281158	3.634597E-14
4316.3737327365	3.615528E-14
4316.9944373572	3.589196E-14
4317.615141978	3.572107E-14
4318.2358465987	3.601015E-14
4318.8565512194	3.566768E-14
4319.4772558401	3.542856E-14
4320.0979604609	3.560698E-14
4320.7186650816	3.526998E-14
4321.3393697023	3.537428E-14
4321.960074323	3.497568E-14
4322.5807789438	3.475311E-14
4323.2014835645	3.450853E-14
4323.8221881852	3.419283E-14
4324.4428928059	3.401764E-14
4325.0635974266	3.371638E-14
4325.6843020474	3.360887E-14
4326.3050066681	3.359585E-14
4326.9257112888	3.327745E-14
4327.5464159095	3.319952E-14
4328.1671205303	3.311754E-14
4328.787825151	3.319942E-14
4329.4085297717	3.288785E-14
4330.0292343924	3.264203E-14
4330.6499390132	3.293273E-14
4331.2706436339	3.284283E-14
4331.8913482546	3.291577E-14
4332.5120528753	3.302752E-14
4333.132757496	3.306097E-14
4333.7534621168	3.28197E-14
4334.3741667375	3.277594E-14
4334.9948713582	3.282768E-14
4335.6155759789	3.28746E-14
4336.2362805997	3.274108E-14
4336.8569852204	3.255391E-14
4337.4776898411	3.235714E-14
4338.0983944618	3.281102E-14
4338.7190990826	3.270592E-14
4339.3398037033	3.25118E-14
4339.960508324	3.269586E-14
4340.5812129447	3.225489E-14
4341.2019175655	3.252855E-14
4341.8226221862	3.261853E-14
4342.4433268069	3.273581E-14
4343.0640314276	3.266588E-14
4343.6847360483	3.226089E-14
4344.3054406691	3.257212E-14
4344.9261452898	3.237309E-14
4345.5468499105	3.244168E-14
4346.1675545312	3.270171E-14
4346.788259152	3.268072E-14
4347.4089637727	3.236418E-14
4348.0296683934	3.264234E-14
4348.6503730141	3.29199E-14
4349.2710776349	3.276304E-14
4349.8917822556	3.237734E-14
4350.5124868763	3.263867E-14
4351.133191497	3.279528E-14
4351.7538961177	3.262488E-14
4352.3746007385	3.254052E-14
4352.9953053592	3.292963E-14
4353.6160099799	3.28134E-14
4354.2367146006	3.288447E-14
4354.8574192214	3.299517E-14
4355.4781238421	3.297831E-14
4356.0988284628	3.330547E-14
4356.7195330835	3.363042E-14
4357.3402377043	3.355221E-14
4357.960942325	3.363316E-14
4358.5816469457	3.416913E-14
4359.2023515664	3.427411E-14
4359.8230561871	3.401707E-14
4360.4437608079	3.397461E-14
4361.0644654286	3.433376E-14
4361.6851700493	3.451502E-14
4362.30587467	3.453028E-14
4362.9265792908	3.462719E-14
4363.5472839115	3.471819E-14
4364.1679885322	3.494187E-14
4364.7886931529	3.498969E-14
4365.4093977737	3.512819E-14
4366.0301023944	3.54662E-14
4366.6508070151	3.556615E-14
4367.2715116358	3.574654E-14
4367.8922162565	3.562614E-14
4368.5129208773	3.559929E-14
4369.133625498	3.606644E-14
4369.7543301187	3.604974E-14
4370.3750347394	3.60217E-14
4370.9957393602	3.599071E-14
4371.6164439809	3.592484E-14
4372.2371486016	3.572836E-14
4372.8578532223	3.571917E-14
4373.4785578431	3.591172E-14
4374.0992624638	3.598688E-14
4374.7199670845	3.581609E-14
4375.3406717052	3.562689E-14
4375.961376326	3.560731E-14
4376.5820809467	3.57264E-14
4377.2027855674	3.572955E-14
4377.8234901881	3.616782E-14
4378.4441948088	3.627998E-14
4379.0648994296	3.59968E-14
4379.6856040503	3.603728E-14
4380.306308671	3.619509E-14
4380.9270132917	3.614566E-14
4381.5477179125	3.614695E-14
4382.1684225332	3.623831E-14
4382.7891271539	3.624008E-14
4383.4098317746	3.61603E-14
4384.0305363954	3.602623E-14
4384.6512410161	3.596274E-14
4385.2719456368	3.622495E-14
4385.8926502575	3.615973E-14
4386.5133548782	3.617666E-14
4387.134059499	3.619971E-14
4387.7547641197	3.596879E-14
4388.3754687404	3.600589E-14
4388.9961733611	3.583299E-14
4389.6168779819	3.576019E-14
4390.2375826026	3.580581E-14
4390.8582872233	3.545094E-14
4391.478991844	3.518617E-14
4392.0996964648	3.506758E-14
4392.7204010855	3.527194E-14
4393.3411057062	3.552327E-14
4393.9618103269	3.563345E-14
4394.5825149476	3.544408E-14
4395.2032195684	3.521785E-14
4395.8239241891	3.518926E-14
4396.4446288098	3.531178E-14
4397.0653334305	3.563943E-14
4397.6860380513	3.571616E-14
4398.306742672	3.550004E-14
4398.9274472927	3.545752E-14
4399.5481519134	3.533934E-14
4400.1688565342	3.51939E-14
4400.7895611549	3.550568E-14
4401.4102657756	3.569215E-14
4402.0309703963	3.567203E-14
4402.651675017	3.575651E-14
4403.2723796378	3.577951E-14
4403.8930842585	3.574368E-14
4404.5137888792	3.585241E-14
4405.1344934999	3.608556E-14
4405.7551981207	3.605242E-14
4406.3759027414	3.590737E-14
4406.9966073621	3.598825E-14
4407.6173119828	3.610602E-14
4408.2380166036	3.584408E-14
4408.8587212243	3.576212E-14
4409.479425845	3.567919E-14
4410.1001304657	3.58814E-14
4410.7208350864	3.580099E-14
4411.3415397072	3.579479E-14
4411.9622443279	3.592763E-14
4412.5829489486	3.599531E-14
4413.2036535693	3.611255E-14
4413.8243581901	3.613891E-14
4414.4450628108	3.607865E-14
4415.0657674315	3.593461E-14
4415.6864720522	3.612E-14
4416.307176673	3.6016E-14
4416.9278812937	3.550001E-14
4417.5485859144	3.556758E-14
4418.1692905351	3.593487E-14
4418.7899951559	3.602946E-14
4419.4106997766	3.599777E-14
4420.0314043973	3.618524E-14
4420.652109018	3.601828E-14
4421.2728136387	3.588933E-14
4421.8935182595	3.595066E-14
4422.5142228802	3.607601E-14
4423.1349275009	3.595953E-14
4423.7556321216	3.588895E-14
4424.3763367424	3.570547E-14
4424.9970413631	3.540677E-14
4425.6177459838	3.535586E-14
4426.2384506045	3.568123E-14
4426.8591552253	3.562719E-14
4427.479859846	3.552092E-14
4428.1005644667	3.555349E-14
4428.7212690874	3.564006E-14
4429.3419737081	3.569224E-14
4429.9626783289	3.576926E-14
4430.5833829496	3.579235E-14
4431.2040875703	3.59784E-14
4431.824792191	3.595436E-14
4432.4454968118	3.57213E-14
4433.0662014325	3.579299E-14
4433.6869060532	3.57214E-14
4434.3076106739	3.553746E-14
4434.9283152947	3.559452E-14
4435.5490199154	3.581434E-14
4436.1697245361	3.579257E-14
4436.7904291568	3.586071E-14
4437.4111337775	3.574198E-14
4438.0318383983	3.548934E-14
4438.652543019	3.553012E-14
4439.2732476397	3.546481E-14
4439.8939522604	3.583951E-14
4440.5146568812	3.584083E-14
4441.1353615019	3.581636E-14
4441.7560661226	3.574276E-14
4442.3767707433	3.5554E-14
4442.9974753641	3.554076E-14
4443.6181799848	3.584442E-14
4444.2388846055	3.571133E-14
4444.8595892262	3.535777E-14
4445.4802938469	3.52639E-14
4446.1009984677	3.512871E-14
4446.7217030884	3.514949E-14
4447.3424077091	3.491197E-14
4447.9631123298	3.48357E-14
4448.5838169506	3.500206E-14
4449.2045215713	3.521594E-14
4449.825226192	3.50814E-14
4450.4459308127	3.495645E-14
4451.0666354335	3.509227E-14
4451.6873400542	3.510491E-14
4452.3080446749	3.490524E-14
4452.9287492956	3.481458E-14
4453.5494539164	3.486367E-14
4454.1701585371	3.489963E-14
4454.7908631578	3.471452E-14
4455.4115677785	3.474075E-14
4456.0322723992	3.467275E-14
4456.65297702	3.461909E-14
4457.2736816407	3.468991E-14
4457.8943862614	3.44437E-14
4458.5150908821	3.461342E-14
4459.1357955029	3.441462E-14
4459.7565001236	3.403213E-14
4460.3772047443	3.407868E-14
4460.997909365	3.394061E-14
4461.6186139858	3.40293E-14
4462.2393186065	3.409365E-14
4462.8600232272	3.423738E-14
4463.4807278479	3.43037E-14
4464.1014324686	3.448165E-14
4464.7221370894	3.466645E-14
4465.3428417101	3.447289E-14
4465.9635463308	3.434481E-14
4466.5842509515	3.429814E-14
4467.2049555723	3.447692E-14
4467.825660193	3.455178E-14
4468.4463648137	3.425333E-14
4469.0670694344	3.434943E-14
4469.6877740552	3.393541E-14
4470.3084786759	3.384368E-14
4470.9291832966	3.389284E-14
4471.5498879173	3.404417E-14
4472.170592538	3.411651E-14
4472.7912971588	3.43226E-14
4473.4120017795	3.439722E-14
4474.0327064002	3.443488E-14
4474.6534110209	3.463269E-14
4475.2741156417	3.451345E-14
4475.8948202624	3.452812E-14
4476.5155248831	3.447547E-14
4477.1362295038	3.443E-14
4477.7569341246	3.437978E-14
4478.3776387453	3.396464E-14
4478.998343366	3.410233E-14
4479.6190479867	3.437668E-14
4480.2397526074	3.446676E-14
4480.8604572282	3.444931E-14
4481.4811618489	3.42949E-14
4482.1018664696	3.435446E-14
4482.7225710903	3.410724E-14
4483.3432757111	3.385325E-14
4483.9639803318	3.427878E-14
4484.5846849525	3.4271E-14
4485.2053895732	3.405783E-14
4485.826094194	3.402709E-14
4486.4467988147	3.414103E-14
4487.0675034354	3.433211E-14
4487.6882080561	3.445371E-14
4488.3089126768	3.427115E-14
4488.9296172976	3.427264E-14
4489.5503219183	3.425117E-14
4490.171026539	3.422094E-14
4490.7917311597	3.415712E-14
4491.4124357805	3.421747E-14
4492.0331404012	3.42871E-14
4492.6538450219	3.433737E-14
4493.2745496426	3.444762E-14
4493.8952542634	3.451388E-14
4494.5159588841	3.42811E-14
4495.1366635048	3.443154E-14
4495.7573681255	3.460007E-14
4496.3780727463	3.442177E-14
4496.998777367	3.43433E-14
4497.6194819877	3.44948E-14
4498.2401866084	3.441058E-14
4498.8608912291	3.450099E-14
4499.4815958499	3.474418E-14
4500.1023004706	3.45468E-14
4500.7230050913	3.461684E-14
4501.343709712	3.460164E-14
4501.9644143328	3.50441E-14
4502.5851189535	3.493758E-14
4503.2058235742	3.463857E-14
4503.8265281949	3.488957E-14
4504.4472328157	3.485324E-14
4505.0679374364	3.514553E-14
4505.6886420571	3.508858E-14
4506.3093466778	3.505371E-14
4506.9300512985	3.511701E-14
4507.5507559193	3.51651E-14
4508.17146054	3.516008E-14
4508.7921651607	3.50107E-14
4509.4128697814	3.47684E-14
4510.0335744022	3.473091E-14
4510.6542790229	3.475799E-14
4511.2749836436	3.465894E-14
4511.8956882643	3.468725E-14
4512.5163928851	3.466656E-14
4513.1370975058	3.469635E-14
4513.7578021265	3.491605E-14
4514.3785067472	3.491954E-14
4514.9992113679	3.489694E-14
4515.6199159887	3.499444E-14
4516.2406206094	3.500624E-14
4516.8613252301	3.492204E-14
4517.4820298508	3.510516E-14
4518.1027344716	3.493743E-14
4518.7234390923	3.475722E-14
4519.344143713	3.489058E-14
4519.9648483337	3.484466E-14
4520.5855529545	3.482126E-14
4521.2062575752	3.492499E-14
4521.8269621959	3.493874E-14
4522.4476668166	3.471834E-14
4523.0683714373	3.460362E-14
4523.6890760581	3.496691E-14
4524.3097806788	3.489429E-14
4524.9304852995	3.487829E-14
4525.5511899202	3.486181E-14
4526.171894541	3.475151E-14
4526.7925991617	3.490071E-14
4527.4133037824	3.489738E-14
4528.0340084031	3.491328E-14
4528.6547130239	3.497934E-14
4529.2754176446	3.471523E-14
4529.8961222653	3.472249E-14
4530.516826886	3.458818E-14
4531.1375315068	3.462266E-14
4531.7582361275	3.480803E-14
4532.3789407482	3.502123E-14
4532.9996453689	3.498371E-14
4533.6203499896	3.48535E-14
4534.2410546104	3.507459E-14
4534.8617592311	3.512365E-14
4535.4824638518	3.483742E-14
4536.1031684725	3.500165E-14
4536.7238730933	3.505294E-14
4537.344577714	3.50619E-14
4537.9652823347	3.504725E-14
4538.5859869554	3.495981E-14
4539.2066915762	3.500046E-14
4539.8273961969	3.479666E-14
4540.4481008176	3.472385E-14
4541.0688054383	3.475992E-14
4541.689510059	3.457773E-14
4542.3102146798	3.457168E-14
4542.9309193005	3.443597E-14
4543.5516239212	3.435954E-14
4544.1723285419	3.441058E-14
4544.7930331627	3.453596E-14
4545.4137377834	3.471445E-14
4546.0344424041	3.46597E-14
4546.6551470248	3.449559E-14
4547.2758516456	3.44869E-14
4547.8965562663	3.458991E-14
4548.517260887	3.464732E-14
4549.1379655077	3.447994E-14
4549.7586701284	3.44196E-14
4550.3793747492	3.461395E-14
4551.0000793699	3.44373E-14
4551.6207839906	3.419904E-14
4552.2414886113	3.426495E-14
4552.8621932321	3.441751E-14
4553.4828978528	3.438288E-14
4554.1036024735	3.430345E-14
4554.7243070942	3.415778E-14
4555.345011715	3.41267E-14
4555.9657163357	3.448555E-14
4556.5864209564	3.423458E-14
4557.2071255771	3.423339E-14
4557.8278301978	3.439079E-14
4558.4485348186	3.413099E-14
4559.0692394393	3.457446E-14
4559.68994406	3.472518E-14
4560.3106486807	3.435839E-14
4560.9313533015	3.419402E-14
4561.5520579222	3.390892E-14
4562.1727625429	3.375167E-14
4562.7934671636	3.405673E-14
4563.4141717844	3.422927E-14
4564.0348764051	3.416253E-14
4564.6555810258	3.384684E-14
4565.2762856465	3.407236E-14
4565.8969902672	3.398609E-14
4566.517694888	3.373882E-14
4567.1383995087	3.394244E-14
4567.7591041294	3.415284E-14
4568.3798087501	3.410938E-14
4569.0005133709	3.391563E-14
4569.6212179916	3.400557E-14
4570.2419226123	3.420297E-14
4570.862627233	3.403641E-14
4571.4833318538	3.402833E-14
4572.1040364745	3.417015E-14
4572.7247410952	3.395706E-14
4573.3454457159	3.376276E-14
4573.9661503367	3.412426E-14
4574.5868549574	3.399807E-14
4575.2075595781	3.402242E-14
4575.8282641988	3.397321E-14
4576.4489688195	3.388922E-14
4577.0696734403	3.389872E-14
4577.690378061	3.394336E-14
4578.3110826817	3.413887E-14
4578.9317873024	3.400079E-14
4579.5524919232	3.397301E-14
4580.1731965439	3.413026E-14
4580.7939011646	3.372532E-14
4581.4146057853	3.391414E-14
4582.0353104061	3.382953E-14
4582.6560150268	3.379996E-14
4583.2767196475	3.393693E-14
4583.8974242682	3.418735E-14
4584.5181288889	3.398507E-14
4585.1388335097	3.39047E-14
4585.7595381304	3.408189E-14
4586.3802427511	3.400564E-14
4587.0009473718	3.384395E-14
4587.6216519926	3.389005E-14
4588.2423566133	3.361859E-14
4588.863061234	3.367727E-14
4589.4837658547	3.396299E-14
4590.1044704755	3.395839E-14
4590.7251750962	3.372266E-14
4591.3458797169	3.395622E-14
4591.9665843376	3.392474E-14
4592.5872889583	3.3814E-14
4593.2079935791	3.35028E-14
4593.8286981998	3.341197E-14
4594.4494028205	3.350752E-14
4595.0701074412	3.357542E-14
4595.690812062	3.364409E-14
4596.3115166827	3.37892E-14
4596.9322213034	3.361853E-14
4597.5529259241	3.365208E-14
4598.1736305449	3.370003E-14
4598.7943351656	3.383165E-14
4599.4150397863	3.35935E-14
4600.035744407	3.359302E-14
4600.6564490277	3.33229E-14
4601.2771536485	3.352877E-14
4601.8978582692	3.356582E-14
4602.5185628899	3.368273E-14
4603.1392675106	3.365301E-14
4603.7599721314	3.381527E-14
4604.3806767521	3.350583E-14
4605.0013813728	3.355317E-14
4605.6220859935	3.36929E-14
4606.2427906143	3.347697E-14
4606.863495235	3.338135E-14
4607.4841998557	3.3318E-14
4608.1049044764	3.328443E-14
4608.7256090972	3.329062E-14
4609.3463137179	3.321589E-14
4609.9670183386	3.335093E-14
4610.5877229593	3.321579E-14
4611.20842758	3.321079E-14
4611.8291322008	3.343314E-14
4612.4498368215	3.323077E-14
4613.0705414422	3.324989E-14
4613.6912460629	3.328154E-14
4614.3119506837	3.291278E-14
4614.9326553044	3.268748E-14
4615.5533599251	3.268805E-14
4616.1740645458	3.282664E-14
4616.7947691666	3.320058E-14
4617.4154737873	3.308755E-14
4618.036178408	3.296079E-14
4618.6568830287	3.30638E-14
4619.2775876494	3.291322E-14
4619.8982922702	3.288864E-14
4620.5189968909	3.30123E-14
4621.1397015116	3.287531E-14
4621.7604061323	3.26243E-14
4622.3811107531	3.280622E-14
4623.0018153738	3.269518E-14
4623.6225199945	3.250109E-14
4624.2432246152	3.264802E-14
4624.863929236	3.237565E-14
4625.4846338567	3.247568E-14
4626.1053384774	3.26189E-14
4626.7260430981	3.269474E-14
4627.3467477188	3.258875E-14
4627.9674523396	3.252051E-14
4628.5881569603	3.243212E-14
4629.208861581	3.251708E-14
4629.8295662017	3.264186E-14
4630.4502708225	3.24307E-14
4631.0709754432	3.227269E-14
4631.6916800639	3.254209E-14
4632.3123846846	3.266574E-14
4632.9330893054	3.255452E-14
4633.5537939261	3.267474E-14
4634.1744985468	3.261692E-14
4634.7952031675	3.23202E-14
4635.4159077882	3.255852E-14
4636.036612409	3.248555E-14
4636.6573170297	3.246956E-14
4637.2780216504	3.252919E-14
4637.8987262711	3.246739E-14
4638.5194308919	3.244223E-14
4639.1401355126	3.239126E-14
4639.7608401333	3.23578E-14
4640.381544754	3.237565E-14
4641.0022493748	3.230222E-14
4641.6229539955	3.237352E-14
4642.2436586162	3.235544E-14
4642.8643632369	3.225734E-14
4643.4850678577	3.228563E-14
4644.1057724784	3.230848E-14
4644.7264770991	3.229491E-14
4645.3471817198	3.219608E-14
4645.9678863405	3.219793E-14
4646.5885909613	3.217773E-14
4647.209295582	3.215288E-14
4647.8300002027	3.224876E-14
4648.4507048234	3.217134E-14
4649.0714094442	3.210496E-14
4649.6921140649	3.222481E-14
4650.3128186856	3.208886E-14
4650.9335233063	3.229512E-14
4651.5542279271	3.21358E-14
4652.1749325478	3.20685E-14
4652.7956371685	3.212368E-14
4653.4163417892	3.215927E-14
4654.0370464099	3.20408E-14
4654.6577510307	3.217489E-14
4655.2784556514	3.211218E-14
4655.8991602721	3.191626E-14
4656.5198648928	3.189312E-14
4657.1405695136	3.170797E-14
4657.7612741343	3.166496E-14
4658.381978755	3.162766E-14
4659.0026833757	3.175396E-14
4659.6233879965	3.179489E-14
4660.2440926172	3.163437E-14
4660.8647972379	3.15863E-14
4661.4855018586	3.136344E-14
4662.1062064793	3.129048E-14
4662.7269111001	3.144689E-14
4663.3476157208	3.145998E-14
4663.9683203415	3.143448E-14
4664.5890249622	3.147059E-14
4665.209729583	3.132305E-14
4665.8304342037	3.134961E-14
4666.4511388244	3.13462E-14
4667.0718434451	3.140596E-14
4667.6925480659	3.145677E-14
4668.3132526866	3.103942E-14
4668.9339573073	3.111707E-14
4669.554661928	3.13184E-14
4670.1753665487	3.131771E-14
4670.7960711695	3.131745E-14
4671.4167757902	3.11726E-14
4672.0374804109	3.115353E-14
4672.6581850316	3.123376E-14
4673.2788896524	3.143444E-14
4673.8995942731	3.127103E-14
4674.5202988938	3.116822E-14
4675.1410035145	3.103899E-14
4675.7617081353	3.092477E-14
4676.382412756	3.067047E-14
4677.0031173767	3.070794E-14
4677.6238219974	3.085418E-14
4678.2445266181	3.092394E-14
4678.8652312389	3.075339E-14
4679.4859358596	3.125066E-14
4680.1066404803	3.085147E-14
4680.727345101	3.066476E-14
4681.3480497218	3.081262E-14
4681.9687543425	3.077226E-14
4682.5894589632	3.082207E-14
4683.2101635839	3.073237E-14
4683.8308682047	3.089067E-14
4684.4515728254	3.086298E-14
4685.0722774461	3.079578E-14
4685.6929820668	3.075046E-14
4686.3136866876	3.078872E-14
4686.9343913083	3.08273E-14
4687.555095929	3.077571E-14
4688.1758005497	3.064926E-14
4688.7965051704	3.061517E-14
4689.4172097912	3.057972E-14
4690.0379144119	3.065972E-14
4690.6586190326	3.069659E-14
4691.2793236533	3.060608E-14
4691.9000282741	3.048873E-14
4692.5207328948	3.036288E-14
4693.1414375155	3.045909E-14
4693.7621421362	3.058862E-14
4694.382846757	3.027125E-14
4695.0035513777	3.025277E-14
4695.6242559984	3.03902E-14
4696.2449606191	3.028117E-14
4696.8656652398	3.02908E-14
4697.4863698606	3.029378E-14
4698.1070744813	3.001077E-14
4698.727779102	3.007775E-14
4699.3484837227	3.015503E-14
4699.9691883435	3.003406E-14
4700.5898929642	2.989599E-14
4701.2105975849	2.994066E-14
4701.8313022056	3.00283E-14
4702.4520068264	3.007777E-14
4703.0727114471	3.00557E-14
4703.6934160678	2.988635E-14
4704.3141206885	2.984294E-14
4704.9348253092	2.996747E-14
4705.55552993	3.01001E-14
4706.1762345507	2.984647E-14
4706.7969391714	2.961477E-14
4707.4176437921	2.978652E-14
4708.0383484129	2.960565E-14
4708.6590530336	2.952294E-14
4709.2797576543	2.956263E-14
4709.900462275	2.979131E-14
4710.5211668958	2.968727E-14
4711.1418715165	2.95711E-14
4711.7625761372	2.958032E-14
4712.3832807579	2.955577E-14
4713.0039853786	2.97706E-14
4713.6246899994	2.983903E-14
4714.2453946201	2.964475E-14
4714.8660992408	2.926667E-14
4715.4868038615	2.914461E-14
4716.1075084823	2.92854E-14
4716.728213103	2.949769E-14
4717.3489177237	2.969977E-14
4717.9696223444	2.947111E-14
4718.5903269652	2.947235E-14
4719.2110315859	2.937013E-14
4719.8317362066	2.929814E-14
4720.4524408273	2.934827E-14
4721.0731454481	2.928264E-14
4721.6938500688	2.925073E-14
4722.3145546895	2.923848E-14
4722.9352593102	2.91756E-14
4723.5559639309	2.907635E-14
4724.1766685517	2.92641E-14
4724.7973731724	2.930963E-14
4725.4180777931	2.91773E-14
4726.0387824138	2.884984E-14
4726.6594870346	2.895071E-14
4727.2801916553	2.892891E-14
4727.900896276	2.904459E-14
4728.5216008967	2.900295E-14
4729.1423055175	2.899166E-14
4729.7630101382	2.876856E-14
4730.3837147589	2.905051E-14
4731.0044193796	2.894485E-14
4731.6251240003	2.891105E-14
4732.2458286211	2.894858E-14
4732.8665332418	2.891424E-14
4733.4872378625	2.912123E-14
4734.1079424832	2.916502E-14
4734.728647104	2.885806E-14
4735.3493517247	2.886852E-14
4735.9700563454	2.886837E-14
4736.5907609661	2.896036E-14
4737.2114655869	2.887449E-14
4737.8321702076	2.866947E-14
4738.4528748283	2.87295E-14
4739.073579449	2.881367E-14
4739.6942840697	2.891056E-14
4740.3149886905	2.875824E-14
4740.9356933112	2.869379E-14
4741.5563979319	2.886637E-14
4742.1771025526	2.869125E-14
4742.7978071734	2.849595E-14
4743.4185117941	2.850478E-14
4744.0392164148	2.853026E-14
4744.6599210355	2.875857E-14
4745.2806256563	2.878426E-14
4745.901330277	2.871712E-14
4746.5220348977	2.857812E-14
4747.1427395184	2.852196E-14
4747.7634441391	2.873585E-14
4748.3841487599	2.854684E-14
4749.0048533806	2.859749E-14
4749.6255580013	2.839997E-14
4750.246262622	2.826496E-14
4750.8669672428	2.848158E-14
4751.4876718635	2.861908E-14
4752.1083764842	2.851062E-14
4752.7290811049	2.849481E-14
4753.3497857257	2.846361E-14
4753.9704903464	2.824682E-14
4754.5911949671	2.81438E-14
4755.2118995878	2.834887E-14
4755.8326042085	2.844765E-14
4756.4533088293	2.832038E-14
4757.07401345	2.81014E-14
4757.6947180707	2.813115E-14
4758.3154226914	2.839645E-14
4758.9361273122	2.818949E-14
4759.5568319329	2.814732E-14
4760.1775365536	2.822957E-14
4760.7982411743	2.812862E-14
4761.4189457951	2.791413E-14
4762.0396504158	2.781261E-14
4762.6603550365	2.791921E-14
4763.2810596572	2.807626E-14
4763.901764278	2.819579E-14
4764.5224688987	2.804708E-14
4765.1431735194	2.800901E-14
4765.7638781401	2.817655E-14
4766.3845827608	2.792496E-14
4767.0052873816	2.786764E-14
4767.6259920023	2.776901E-14
4768.246696623	2.77751E-14
4768.8674012437	2.779895E-14
4769.4881058645	2.786893E-14
4770.1088104852	2.775479E-14
4770.7295151059	2.764424E-14
4771.3502197266	2.769541E-14
4771.9709243474	2.756095E-14
4772.5916289681	2.75861E-14
4773.2123335888	2.758882E-14
4773.8330382095	2.759329E-14
4774.4537428302	2.751259E-14
4775.074447451	2.756877E-14
4775.6951520717	2.76825E-14
4776.3158566924	2.762946E-14
4776.9365613131	2.748872E-14
4777.5572659339	2.761433E-14
4778.1779705546	2.775007E-14
4778.7986751753	2.765246E-14
4779.419379796	2.754564E-14
4780.0400844168	2.753854E-14
4780.6607890375	2.764758E-14
4781.2814936582	2.754876E-14
4781.9021982789	2.743126E-14
4782.5229028996	2.771079E-14
4783.1436075204	2.758895E-14
4783.7643121411	2.755659E-14
4784.3850167618	2.74962E-14
4785.0057213825	2.741982E-14
4785.6264260033	2.754519E-14
4786.247130624	2.757918E-14
4786.8678352447	2.743224E-14
4787.4885398654	2.752727E-14
4788.1092444862	2.726518E-14
4788.7299491069	2.743377E-14
4789.3506537276	2.734162E-14
4789.9713583483	2.734748E-14
4790.592062969	2.754964E-14
4791.2127675898	2.74763E-14
4791.8334722105	2.747289E-14
4792.4541768312	2.738861E-14
4793.0748814519	2.741993E-14
4793.6955860727	2.766018E-14
4794.3162906934	2.732564E-14
4794.9369953141	2.719144E-14
4795.5576999348	2.707836E-14
4796.1784045556	2.722428E-14
4796.7991091763	2.733068E-14
4797.419813797	2.737971E-14
4798.0405184177	2.723882E-14
4798.6612230385	2.710146E-14
4799.2819276592	2.726569E-14
4799.9026322799	2.739618E-14
4800.5233369006	2.722178E-14
4801.1440415213	2.714913E-14
4801.7647461421	2.722312E-14
4802.3854507628	2.728997E-14
4803.0061553835	2.738363E-14
4803.6268600042	2.717741E-14
4804.247564625	2.706529E-14
4804.8682692457	2.686961E-14
4805.4889738664	2.699734E-14
4806.1096784871	2.691392E-14
4806.7303831079	2.696457E-14
4807.3510877286	2.68656E-14
4807.9717923493	2.669429E-14
4808.59249697	2.688637E-14
4809.2132015907	2.685466E-14
4809.8339062115	2.679033E-14
4810.4546108322	2.677085E-14
4811.0753154529	2.667818E-14
4811.6960200736	2.675197E-14
4812.3167246944	2.682597E-14
4812.9374293151	2.693982E-14
4813.5581339358	2.668688E-14
4814.1788385565	2.650005E-14
4814.7995431773	2.654267E-14
4815.420247798	2.661291E-14
4816.0409524187	2.662552E-14
4816.6616570394	2.641639E-14
4817.2823616601	2.62091E-14
4817.9030662809	2.64128E-14
4818.5237709016	2.649076E-14
4819.1444755223	2.666998E-14
4819.765180143	2.65468E-14
4820.3858847638	2.638978E-14
4821.0065893845	2.655818E-14
4821.6272940052	2.647233E-14
4822.2479986259	2.636249E-14
4822.8687032467	2.629825E-14
4823.4894078674	2.625587E-14
4824.1101124881	2.613397E-14
4824.7308171088	2.616712E-14
4825.3515217295	2.610537E-14
4825.9722263503	2.610904E-14
4826.592930971	2.598827E-14
4827.2136355917	2.612813E-14
4827.8343402124	2.607713E-14
4828.4550448332	2.598345E-14
4829.0757494539	2.590484E-14
4829.6964540746	2.591843E-14
4830.3171586953	2.577128E-14
4830.9378633161	2.568264E-14
4831.5585679368	2.562401E-14
4832.1792725575	2.559684E-14
4832.7999771782	2.550981E-14
4833.420681799	2.537452E-14
4834.0413864197	2.520183E-14
4834.6620910404	2.51302E-14
4835.2827956611	2.53078E-14
4835.9035002818	2.522915E-14
4836.5242049026	2.507509E-14
4837.1449095233	2.484676E-14
4837.765614144	2.476213E-14
4838.3863187647	2.495471E-14
4839.0070233855	2.489027E-14
4839.6277280062	2.471367E-14
4840.2484326269	2.46937E-14
4840.8691372476	2.484585E-14
4841.4898418684	2.477467E-14
4842.1105464891	2.443558E-14
4842.7312511098	2.433986E-14
4843.3519557305	2.419224E-14
4843.9726603512	2.414867E-14
4844.593364972	2.391285E-14
4845.2140695927	2.370687E-14
4845.8347742134	2.365444E-14
4846.4554788341	2.341752E-14
4847.0761834549	2.366541E-14
4847.6968880756	2.364935E-14
4848.3175926963	2.336639E-14
4848.938297317	2.330256E-14
4849.5590019378	2.329951E-14
4850.1797065585	2.336428E-14
4850.8004111792	2.338559E-14
4851.4211157999	2.342442E-14
4852.0418204206	2.362845E-14
4852.6625250414	2.3587E-14
4853.2832296621	2.359124E-14
4853.9039342828	2.376738E-14
4854.5246389035	2.34651E-14
4855.1453435243	2.33894E-14
4855.766048145	2.36111E-14
4856.3867527657	2.366982E-14
4857.0074573864	2.360101E-14
4857.6281620072	2.344593E-14
4858.2488666279	2.368133E-14
4858.8695712486	2.330595E-14
4859.4902758693	2.323939E-14
4860.11098049	2.336773E-14
4860.7316851108	2.327687E-14
4861.3523897315	2.304358E-14
4861.9730943522	2.323911E-14
4862.5937989729	2.333875E-14
4863.2145035937	2.331356E-14
4863.8352082144	2.352482E-14
4864.4559128351	2.331078E-14
4865.0766174558	2.334205E-14
4865.6973220766	2.334749E-14
4866.3180266973	2.333179E-14
4866.938731318	2.320086E-14
4867.5594359387	2.332866E-14
4868.1801405594	2.339667E-14
4868.8008451802	2.329736E-14
4869.4215498009	2.335161E-14
4870.0422544216	2.33346E-14
4870.6629590423	2.326366E-14
4871.2836636631	2.349976E-14
4871.9043682838	2.366669E-14
4872.5250729045	2.356773E-14
4873.1457775252	2.33908E-14
4873.766482146	2.334024E-14
4874.3871867667	2.331451E-14
4875.0078913874	2.32436E-14
4875.6285960081	2.314299E-14
4876.2493006289	2.320421E-14
4876.8700052496	2.322367E-14
4877.4907098703	2.309532E-14
4878.111414491	2.321457E-14
4878.7321191117	2.332444E-14
4879.3528237325	2.355872E-14
4879.9735283532	2.35102E-14
4880.5942329739	2.331206E-14
4881.2149375946	2.333133E-14
4881.8356422154	2.338946E-14
4882.4563468361	2.340818E-14
4883.0770514568	2.363816E-14
4883.6977560775	2.386972E-14
4884.3184606983	2.408773E-14
4884.939165319	2.411486E-14
4885.5598699397	2.404891E-14
4886.1805745604	2.421308E-14
4886.8012791811	2.43794E-14
4887.4219838019	2.452573E-14
4888.0426884226	2.443565E-14
4888.6633930433	2.455633E-14
4889.284097664	2.473767E-14
4889.9048022848	2.470924E-14
4890.5255069055	2.465133E-14
4891.1462115262	2.472175E-14
4891.7669161469	2.483038E-14
4892.3876207677	2.492494E-14
4893.0083253884	2.503285E-14
4893.6290300091	2.511466E-14
4894.2497346298	2.507834E-14
4894.8704392505	2.503643E-14
4895.4911438713	2.500979E-14
4896.111848492	2.506285E-14
4896.7325531127	2.510568E-14
4897.3532577334	2.507238E-14
4897.9739623542	2.516695E-14
4898.5946669749	2.5285E-14
4899.2153715956	2.513242E-14
4899.8360762163	2.46785E-14
4900.4567808371	2.466753E-14
4901.0774854578	2.494652E-14
4901.6981900785	2.492399E-14
4902.3188946992	2.521091E-14
4902.9395993199	2.536601E-14
4903.5603039407	2.488061E-14
4904.1810085614	2.484323E-14
4904.8017131821	2.501606E-14
4905.4224178028	2.508237E-14
4906.0431224236	2.521999E-14
4906.6638270443	2.530806E-14
4907.284531665	2.505529E-14
4907.9052362857	2.496785E-14
4908.5259409065	2.495114E-14
4909.1466455272	2.510836E-14
4909.7673501479	2.523471E-14
4910.3880547686	2.507578E-14
4911.0087593893	2.490819E-14
4911.6294640101	2.510463E-14
4912.2501686308	2.511996E-14
4912.8708732515	2.498261E-14
4913.4915778722	2.504518E-14
4914.112282493	2.515271E-14
4914.7329871137	2.500037E-14
4915.3536917344	2.491338E-14
4915.9743963551	2.506254E-14
4916.5951009759	2.536846E-14
4917.2158055966	2.533094E-14
4917.8365102173	2.512407E-14
4918.457214838	2.517122E-14
4919.0779194588	2.521917E-14
4919.6986240795	2.528852E-14
4920.3193287002	2.526335E-14
4920.9400333209	2.516196E-14
4921.5607379416	2.531579E-14
4922.1814425624	2.526997E-14
4922.8021471831	2.518976E-14
4923.4228518038	2.516679E-14
4924.0435564245	2.498449E-14
4924.6642610453	2.48668E-14
4925.284965666	2.511505E-14
4925.9056702867	2.522775E-14
4926.5263749074	2.514252E-14
4927.1470795282	2.520158E-14
4927.7677841489	2.528458E-14
4928.3884887696	2.519223E-14
4929.0091933903	2.513667E-14
4929.629898011	2.513767E-14
4930.2506026318	2.505555E-14
4930.8713072525	2.512438E-14
4931.4920118732	2.518578E-14
4932.1127164939	2.488278E-14
4932.7334211147	2.495168E-14
4933.3541257354	2.493219E-14
4933.9748303561	2.484319E-14
4934.5955349768	2.48295E-14
4935.2162395976	2.478069E-14
4935.8369442183	2.469835E-14
4936.457648839	2.48944E-14
4937.0783534597	2.491249E-14
4937.6990580804	2.478914E-14
4938.3197627012	2.473477E-14
4938.9404673219	2.466456E-14
4939.5611719426	2.46735E-14
4940.1818765633	2.480265E-14
4940.8025811841	2.477207E-14
4941.4232858048	2.473112E-14
4942.0439904255	2.468335E-14
4942.6646950462	2.494713E-14
4943.285399667	2.484382E-14
4943.9061042877	2.491789E-14
4944.5268089084	2.498293E-14
4945.1475135291	2.477872E-14
4945.7682181498	2.481342E-14
4946.3889227706	2.470712E-14
4947.0096273913	2.482671E-14
4947.630332012	2.494317E-14
4948.2510366327	2.51055E-14
4948.8717412535	2.503874E-14
4949.4924458742	2.481928E-14
4950.1131504949	2.498477E-14
4950.7338551156	2.501422E-14
4951.3545597364	2.499892E-14
4951.9752643571	2.500677E-14
4952.5959689778	2.520323E-14
4953.2166735985	2.509057E-14
4953.8373782193	2.492259E-14
4954.45808284	2.482849E-14
4955.0787874607	2.491272E-14
4955.6994920814	2.499366E-14
4956.3201967021	2.491371E-14
4956.9409013229	2.508686E-14
4957.5616059436	2.507086E-14
4958.1823105643	2.479222E-14
4958.803015185	2.490898E-14
4959.4237198058	2.498609E-14
4960.0444244265	2.486511E-14
4960.6651290472	2.483161E-14
4961.2858336679	2.49686E-14
4961.9065382887	2.473754E-14
4962.5272429094	2.480082E-14
4963.1479475301	2.490665E-14
4963.7686521508	2.469074E-14
4964.3893567715	2.486928E-14
4965.0100613923	2.489516E-14
4965.630766013	2.464866E-14
4966.2514706337	2.476E-14
4966.8721752544	2.47467E-14
4967.4928798752	2.466946E-14
4968.1135844959	2.470111E-14
4968.7342891166	2.477412E-14
4969.3549937373	2.484827E-14
4969.9756983581	2.474435E-14
4970.5964029788	2.475852E-14
4971.2171075995	2.467081E-14
4971.8378122202	2.468853E-14
4972.4585168409	2.47948E-14
4973.0792214617	2.477245E-14
4973.6999260824	2.452523E-14
4974.3206307031	2.447384E-14
4974.9413353238	2.458447E-14
4975.5620399446	2.453713E-14
4976.1827445653	2.460849E-14
4976.803449186	2.477112E-14
4977.4241538067	2.476088E-14
4978.0448584275	2.464121E-14
4978.6655630482	2.466464E-14
4979.2862676689	2.465592E-14
4979.9069722896	2.464695E-14
4980.5276769103	2.461208E-14
4981.1483815311	2.451114E-14
4981.7690861518	2.449644E-14
4982.3897907725	2.46694E-14
4983.0104953932	2.467565E-14
4983.631200014	2.45992E-14
4984.2519046347	2.464945E-14
4984.8726092554	2.476836E-14
4985.4933138761	2.458862E-14
4986.1140184969	2.457961E-14
4986.7347231176	2.465526E-14
4987.3554277383	2.447943E-14
4987.976132359	2.442146E-14
4988.5968369797	2.462284E-14
4989.2175416005	2.452339E-14
4989.8382462212	2.444323E-14
4990.4589508419	2.419753E-14
4991.0796554626	2.420568E-14
4991.7003600834	2.440502E-14
4992.3210647041	2.430005E-14
4992.9417693248	2.412839E-14
4993.5624739455	2.425208E-14
4994.1831785663	2.434427E-14
4994.803883187	2.41672E-14
4995.4245878077	2.38996E-14
4996.0452924284	2.395078E-14
4996.6659970492	2.427729E-14
4997.2867016699	2.415726E-14
4997.9074062906	2.394766E-14
4998.5281109113	2.41072E-14
4999.148815532	2.414353E-14
4999.7695201528	2.398518E-14
5000.3902247735	2.406935E-14
5001.0109293942	2.426532E-14
5001.6316340149	2.407214E-14
5002.2523386357	2.397219E-14
5002.8730432564	2.387071E-14
5003.4937478771	2.382652E-14
5004.1144524978	2.381987E-14
5004.7351571186	2.376727E-14
5005.3558617393	2.375591E-14
5005.97656636	2.363887E-14
5006.5972709807	2.354846E-14
5007.2179756014	2.375192E-14
5007.8386802222	2.373814E-14
5008.4593848429	2.38041E-14
5009.0800894636	2.391975E-14
5009.7007940843	2.38582E-14
5010.3214987051	2.380864E-14
5010.9422033258	2.376686E-14
5011.5629079465	2.379147E-14
5012.1836125672	2.382807E-14
5012.804317188	2.379433E-14
5013.4250218087	2.377431E-14
5014.0457264294	2.384903E-14
5014.6664310501	2.356703E-14
5015.2871356708	2.35052E-14
5015.9078402916	2.357922E-14
5016.5285449123	2.372322E-14
5017.149249533	2.357125E-14
5017.7699541537	2.382656E-14
5018.3906587745	2.376959E-14
5019.0113633952	2.354072E-14
5019.6320680159	2.353345E-14
5020.2527726366	2.357162E-14
5020.8734772574	2.369926E-14
5021.4941818781	2.377883E-14
5022.1148864988	2.360501E-14
5022.7355911195	2.344978E-14
5023.3562957402	2.360206E-14
5023.977000361	2.332181E-14
5024.5977049817	2.364404E-14
5025.2184096024	2.338734E-14
5025.8391142231	2.332081E-14
5026.4598188439	2.323841E-14
5027.0805234646	2.312546E-14
5027.7012280853	2.315353E-14
5028.321932706	2.339643E-14
5028.9426373268	2.31048E-14
5029.5633419475	2.298685E-14
5030.1840465682	2.326878E-14
5030.8047511889	2.300568E-14
5031.4254558097	2.304054E-14
5032.0461604304	2.3072E-14
5032.6668650511	2.299551E-14
5033.2875696718	2.285981E-14
5033.9082742925	2.312447E-14
5034.5289789133	2.309473E-14
5035.149683534	2.285164E-14
5035.7703881547	2.307087E-14
5036.3910927754	2.319543E-14
5037.0117973962	2.306586E-14
5037.6325020169	2.303951E-14
5038.2532066376	2.293931E-14
5038.8739112583	2.321501E-14
5039.4946158791	2.324093E-14
5040.1153204998	2.315739E-14
5040.7360251205	2.290237E-14
5041.3567297412	2.309089E-14
5041.9774343619	2.303066E-14
5042.5981389827	2.28843E-14
5043.2188436034	2.288256E-14
5043.8395482241	2.296645E-14
5044.4602528448	2.29486E-14
5045.0809574656	2.300467E-14
5045.7016620863	2.28391E-14
5046.322366707	2.264065E-14
5046.9430713277	2.281347E-14
5047.5637759485	2.295049E-14
5048.1844805692	2.284788E-14
5048.8051851899	2.285987E-14
5049.4258898106	2.297613E-14
5050.0465944313	2.298443E-14
5050.6672990521	2.279972E-14
5051.2880036728	2.279957E-14
5051.9087082935	2.270984E-14
5052.5294129142	2.279127E-14
5053.150117535	2.275521E-14
5053.7708221557	2.27326E-14
5054.3915267764	2.263651E-14
5055.0122313971	2.263519E-14
5055.6329360179	2.259053E-14
5056.2536406386	2.257954E-14
5056.8743452593	2.275691E-14
5057.49504988	2.263615E-14
5058.1157545008	2.25572E-14
5058.7364591215	2.24971E-14
5059.3571637422	2.245497E-14
5059.9778683629	2.25049E-14
5060.5985729836	2.242345E-14
5061.2192776044	2.241787E-14
5061.8399822251	2.227251E-14
5062.4606868458	2.241334E-14
5063.0813914665	2.243905E-14
5063.7020960873	2.237277E-14
5064.322800708	2.230866E-14
5064.9435053287	2.236434E-14
5065.5642099494	2.217135E-14
5066.1849145702	2.217133E-14
5066.8056191909	2.212883E-14
5067.4263238116	2.218632E-14
5068.0470284323	2.207187E-14
5068.667733053	2.195751E-14
5069.2884376738	2.203828E-14
5069.9091422945	2.19828E-14
5070.5298469152	2.186407E-14
5071.1505515359	2.201717E-14
5071.7712561567	2.203496E-14
5072.3919607774	2.180455E-14
5073.0126653981	2.188474E-14
5073.6333700188	2.186604E-14
5074.2540746396	2.187655E-14
5074.8747792603	2.187505E-14
5075.495483881	2.160151E-14
5076.1161885017	2.161707E-14
5076.7368931224	2.160697E-14
5077.3575977432	2.154415E-14
5077.9783023639	2.154903E-14
5078.5990069846	2.173167E-14
5079.2197116053	2.146778E-14
5079.8404162261	2.148603E-14
5080.4611208468	2.144907E-14
5081.0818254675	2.133802E-14
5081.7025300882	2.119318E-14
5082.323234709	2.13655E-14
5082.9439393297	2.119744E-14
5083.5646439504	2.10657E-14
5084.1853485711	2.114188E-14
5084.8060531918	2.108182E-14
5085.4267578126	2.096834E-14
