3689.7453613281  5.451513E-16
3692.55594402537  5.362213E-16
3695.36652672264  4.709759E-16
3698.17710941991  5.024808E-16
3700.98769211718  5.438448E-16
3703.79827481445  5.533705E-16
3706.60885751172  5.275956E-16
3709.41944020899  5.171177E-16
3712.23002290626  5.184793E-16
3715.04060560353  4.785782E-16
3717.8511883008  5.262341E-16
3720.66177099807  5.855234E-16
3723.47235369534  5.635947E-16
3726.28293639261  5.662800E-16
3729.09351908988  5.516545E-16
3731.90410178715  5.126678E-16
3734.71468448442  5.910649E-16
3737.52526718169  5.942870E-16
3740.33584987896  5.292086E-16
3743.14643257623  5.751429E-16
3745.9570152735  5.233827E-16
3748.76759797077  5.548223E-16
3751.57818066803  6.181894E-16
3754.38876336531  5.701907E-16
3757.19934606257  6.142381E-16
3760.00992875984  6.540411E-16
3762.82051145711  5.621336E-16
3765.63109415438  5.425994E-16
3768.44167685165  5.767372E-16
3771.25225954892  6.276089E-16
3774.06284224619  6.457039E-16
3776.87342494346  5.759232E-16
3779.68400764073  5.038362E-16
3782.494590338  5.831078E-16
3785.30517303527  5.516069E-16
3788.11575573254  5.031663E-16
3790.92633842981  5.952970E-16
3793.73692112708  6.288701E-16
3796.54750382435  5.580661E-16
3799.35808652162  5.907381E-16
3802.16866921889  5.100477E-16
3804.97925191616  5.116062E-16
3807.78983461343  5.486601E-16
3810.6004173107  5.387663E-16
3813.41100000797  5.757677E-16
3816.22158270524  5.514145E-16
3819.03216540251  5.408173E-16
3821.84274809977  6.132986E-16
3824.65333079704  6.460568E-16
3827.46391349431  6.385569E-16
3830.27449619158  5.767440E-16
3833.08507888885  6.000902E-16
3835.89566158612  6.160423E-16
3838.70624428339  6.008177E-16
3841.51682698066  6.213918E-16
3844.32740967793  6.271798E-16
3847.1379923752  6.293954E-16
3849.94857507247  6.060672E-16
3852.75915776974  6.118050E-16
3855.56974046701  6.249455E-16
3858.38032316428  5.824760E-16
3861.19090586155  5.921192E-16
3864.00148855882  5.846103E-16
3866.81207125609  5.599265E-16
3869.62265395336  5.399070E-16
3872.43323665063  5.580427E-16
3875.2438193479  5.997636E-16
3878.05440204517  6.156866E-16
3880.86498474244  6.077189E-16
3883.67556743971  6.101492E-16
3886.48615013698  6.232945E-16
3889.29673283425  6.442412E-16
3892.10731553152  6.523094E-16
3894.91789822878  6.126632E-16
3897.72848092605  6.196167E-16
3900.53906362332  6.006206E-16
3903.34964632059  6.026327E-16
3906.16022901786  6.196880E-16
3908.97081171513  5.559359E-16
3911.7813944124  5.624845E-16
3914.59197710967  5.800711E-16
3917.40255980694  6.157824E-16
3920.21314250421  6.501419E-16
3923.02372520148  6.050262E-16
3925.83430789875  6.218638E-16
3928.64489059602  6.381507E-16
3931.45547329329  6.189581E-16
3934.26605599056  6.679322E-16
3937.07663868783  7.011203E-16
3939.8872213851  6.975221E-16
3942.69780408237  7.050721E-16
3945.50838677964  6.975850E-16
3948.31896947691  6.200347E-16
3951.12955217418  6.443008E-16
3953.94013487145  6.352513E-16
3956.75071756872  6.482347E-16
3959.56130026599  6.517295E-16
3962.37188296326  6.454797E-16
3965.18246566053  6.906996E-16
3967.9930483578  6.825824E-16
3970.80363105506  6.636692E-16
3973.61421375233  6.724759E-16
3976.4247964496  6.827134E-16
3979.23537914687  6.534583E-16
3982.04596184414  6.288233E-16
3984.85654454141  6.429868E-16
3987.66712723868  6.147843E-16
3990.47770993595  6.255635E-16
3993.28829263322  6.233448E-16
3996.09887533049  6.090183E-16
3998.90945802776  6.233473E-16
4001.72004072503  6.237039E-16
4004.5306234223  6.271418E-16
4007.34120611957  5.619517E-16
4010.15178881684  5.908489E-16
4012.96237151411  5.923216E-16
4015.77295421138  5.802086E-16
4018.58353690865  6.231447E-16
4021.39411960592  6.330406E-16
4024.20470230319  6.734212E-16
4027.01528500046  6.887446E-16
4029.82586769773  6.226136E-16
4032.636450395  6.040773E-16
4035.44703309227  6.292379E-16
4038.25761578953  6.457594E-16
4041.0681984868  6.269047E-16
4043.87878118407  6.477685E-16
4046.68936388134  6.198782E-16
4049.49994657861  5.647549E-16
4052.31052927588  6.246800E-16
4055.12111197315  6.471693E-16
4057.93169467042  5.592816E-16
4060.74227736769  5.796455E-16
4063.55286006496  6.014815E-16
4066.36344276223  6.001228E-16
4069.1740254595  5.673662E-16
4071.98460815677  5.288741E-16
4074.79519085404  5.397683E-16
4077.60577355131  5.694640E-16
4080.41635624858  5.607478E-16
4083.22693894585  5.694247E-16
4086.03752164312  6.005632E-16
4088.84810434039  5.861075E-16
4091.65868703766  5.857659E-16
4094.46926973493  6.282916E-16
4097.2798524322  5.979970E-16
4100.09043512947  5.809835E-16
4102.90101782674  5.762462E-16
4105.71160052401  5.972214E-16
4108.52218322127  6.358576E-16
4111.33276591854  6.271925E-16
4114.14334861581  6.033855E-16
4116.95393131308  6.153471E-16
4119.76451401035  5.923737E-16
4122.57509670762  5.573185E-16
4125.38567940489  5.891364E-16
4128.19626210216  5.981866E-16
4131.00684479943  6.304227E-16
4133.8174274967  6.139872E-16
4136.62801019397  5.898192E-16
4139.43859289124  5.904515E-16
4142.24917558851  5.708627E-16
4145.05975828578  6.084531E-16
4147.87034098305  6.133033E-16
4150.68092368032  5.753984E-16
4153.49150637759  6.128825E-16
4156.30208907486  6.425582E-16
4159.11267177213  5.993996E-16
4161.9232544694  6.023038E-16
4164.73383716667  6.159055E-16
4167.54441986394  6.343615E-16
4170.35500256121  6.342631E-16
4173.16558525848  6.301524E-16
4175.97616795575  6.506918E-16
4178.78675065302  6.530988E-16
4181.59733335028  6.565991E-16
4184.40791604755  6.777067E-16
4187.21849874482  6.610957E-16
4190.02908144209  6.709738E-16
4192.83966413936  7.028242E-16
4195.65024683663  6.816699E-16
4198.4608295339  6.817507E-16
4201.27141223117  7.193304E-16
4204.08199492844  6.920678E-16
4206.89257762571  6.360072E-16
4209.70316032298  6.637109E-16
4212.51374302025  6.864474E-16
4215.32432571752  6.845885E-16
4218.13490841479  7.145055E-16
4220.94549111206  7.329959E-16
4223.75607380933  7.403847E-16
4226.5666565066  6.831792E-16
4229.37723920387  6.773586E-16
4232.18782190114  7.181714E-16
4234.99840459841  7.274673E-16
4237.80898729568  7.149634E-16
4240.61956999295  7.012878E-16
4243.43015269022  6.742934E-16
4246.24073538749  6.563574E-16
4249.05131808476  6.744873E-16
4251.86190078202  6.833515E-16
4254.67248347929  6.672878E-16
4257.48306617656  6.780862E-16
4260.29364887383  6.520624E-16
4263.1042315711  6.765660E-16
4265.91481426837  6.738010E-16
4268.72539696564  6.688912E-16
4271.53597966291  6.764996E-16
4274.34656236018  6.811148E-16
4277.15714505745  6.371451E-16
4279.96772775472  6.288335E-16
4282.77831045199  6.628698E-16
4285.58889314926  6.226944E-16
4288.39947584653  6.270448E-16
4291.2100585438  6.762058E-16
4294.02064124107  6.389937E-16
4296.83122393834  6.226978E-16
4299.64180663561  6.766764E-16
4302.45238933288  6.657655E-16
4305.26297203015  5.843128E-16
4308.07355472742  6.439765E-16
4310.88413742469  6.691464E-16
4313.69472012196  6.110151E-16
4316.50530281923  6.414314E-16
4319.3158855165  6.250465E-16
4322.12646821377  6.110543E-16
4324.93705091103  6.599292E-16
4327.7476336083  6.948549E-16
4330.55821630557  6.624774E-16
4333.36879900284  6.348089E-16
4336.17938170011  7.194378E-16
4338.98996439738  7.021168E-16
4341.80054709465  6.759286E-16
4344.61112979192  7.059804E-16
4347.42171248919  7.150600E-16
4350.23229518646  6.739561E-16
4353.04287788373  6.411350E-16
4355.853460581  6.426942E-16
4358.66404327827  6.370937E-16
4361.47462597554  6.875737E-16
4364.28520867281  6.529896E-16
4367.09579137008  6.415794E-16
4369.90637406735  6.189490E-16
4372.71695676462  6.021848E-16
4375.52753946189  6.231981E-16
4378.33812215916  6.489169E-16
4381.14870485643  6.686451E-16
4383.9592875537  6.510811E-16
4386.76987025097  6.347899E-16
4389.58045294824  6.237983E-16
4392.39103564551  6.053032E-16
4395.20161834277  6.181357E-16
4398.01220104004  6.238048E-16
4400.82278373731  6.432747E-16
4403.63336643458  6.438152E-16
4406.44394913185  6.811064E-16
4409.25453182912  6.832883E-16
4412.06511452639  6.539645E-16
4414.87569722366  6.697152E-16
4417.68627992093  7.013705E-16
4420.4968626182  6.665739E-16
4423.30744531547  6.653035E-16
4426.11802801274  6.456663E-16
4428.92861071001  6.195981E-16
4431.73919340728  6.485580E-16
4434.54977610455  6.843253E-16
4437.36035880182  6.745251E-16
4440.17094149909  6.927488E-16
4442.98152419636  6.979126E-16
4445.79210689363  6.617085E-16
4448.6026895909  6.867524E-16
4451.41327228817  6.892093E-16
4454.22385498544  6.856248E-16
4457.03443768271  6.896534E-16
4459.84502037998  6.900892E-16
4462.65560307724  7.238533E-16
4465.46618577451  7.132177E-16
4468.27676847178  7.163730E-16
4471.08735116905  7.159133E-16
4473.89793386632  6.820330E-16
4476.70851656359  6.815425E-16
4479.51909926086  6.738504E-16
4482.32968195813  6.937827E-16
4485.1402646554  6.950353E-16
4487.95084735267  7.111688E-16
4490.76143004994  7.205697E-16
4493.57201274721  7.239099E-16
4496.38259544448  7.047304E-16
4499.19317814175  7.292911E-16
4502.00376083902  7.267441E-16
4504.81434353629  6.998816E-16
4507.62492623356  7.183304E-16
4510.43550893083  7.020849E-16
4513.2460916281  7.076661E-16
4516.05667432537  7.433392E-16
4518.86725702264  6.994470E-16
4521.67783971991  6.824378E-16
4524.48842241718  6.992235E-16
4527.29900511445  6.970078E-16
4530.10958781172  7.002883E-16
4532.92017050899  7.233750E-16
4535.73075320625  7.465522E-16
4538.54133590352  7.293458E-16
4541.35191860079  7.397641E-16
4544.16250129806  7.288241E-16
4546.97308399533  7.058045E-16
4549.7836666926  7.432099E-16
4552.59424938987  7.250711E-16
4555.40483208714  7.017664E-16
4558.21541478441  7.267402E-16
4561.02599748168  7.520982E-16
4563.83658017895  7.311820E-16
4566.64716287622  7.196331E-16
4569.45774557349  7.236116E-16
4572.26832827076  7.202787E-16
4575.07891096803  7.144126E-16
4577.8894936653  7.284660E-16
4580.70007636257  6.914537E-16
4583.51065905984  6.935929E-16
4586.32124175711  7.203503E-16
4589.13182445438  7.112202E-16
4591.94240715165  6.895510E-16
4594.75298984892  7.076032E-16
4597.56357254619  7.326134E-16
4600.37415524346  7.545179E-16
4603.18473794073  7.253481E-16
4605.995320638  7.237866E-16
4608.80590333526  7.284098E-16
4611.61648603253  7.168275E-16
4614.4270687298  7.179007E-16
4617.23765142707  7.095965E-16
4620.04823412434  7.134900E-16
4622.85881682161  7.219260E-16
4625.66939951888  7.124533E-16
4628.47998221615  7.076284E-16
4631.29056491342  6.797233E-16
4634.10114761069  6.952971E-16
4636.91173030796  7.393581E-16
4639.72231300523  7.183557E-16
4642.5328957025  7.194998E-16
4645.34347839977  7.244368E-16
4648.15406109704  7.090572E-16
4650.96464379431  6.938178E-16
4653.77522649158  6.956769E-16
4656.58580918885  7.115368E-16
4659.39639188612  7.042749E-16
4662.20697458339  6.963678E-16
4665.01755728066  7.032450E-16
4667.82813997793  7.125556E-16
4670.6387226752  7.215660E-16
4673.44930537247  6.972903E-16
4676.25988806973  7.238708E-16
4679.070470767  7.330092E-16
4681.88105346427  7.107062E-16
4684.69163616154  7.021725E-16
4687.50221885881  7.304074E-16
4690.31280155608  7.281578E-16
4693.12338425335  7.134963E-16
4695.93396695062  7.169240E-16
4698.74454964789  7.143131E-16
4701.55513234516  6.982504E-16
4704.36571504243  6.741010E-16
4707.1762977397  7.127090E-16
4709.98688043697  7.391947E-16
4712.79746313424  7.344103E-16
4715.60804583151  7.083717E-16
4718.41862852878  6.933323E-16
4721.22921122605  6.985614E-16
4724.03979392332  6.830707E-16
4726.85037662059  6.695878E-16
4729.66095931786  6.829311E-16
4732.47154201513  7.065585E-16
4735.2821247124  7.027104E-16
4738.09270740967  6.757211E-16
4740.90329010694  6.719377E-16
4743.71387280421  7.107122E-16
4746.52445550147  6.911930E-16
4749.33503819874  6.769920E-16
4752.14562089601  6.873931E-16
4754.95620359328  6.569086E-16
4757.76678629055  6.380288E-16
4760.57736898782  6.417098E-16
4763.38795168509  6.610167E-16
4766.19853438236  6.803813E-16
4769.00911707963  6.842524E-16
4771.8196997769  6.363139E-16
4774.63028247417  6.194131E-16
4777.44086517144  6.101647E-16
4780.25144786871  6.175958E-16
4783.06203056598  6.272626E-16
4785.87261326325  6.144310E-16
4788.68319596052  6.044795E-16
4791.49377865779  5.777345E-16
4794.30436135506  5.868088E-16
4797.11494405233  5.970544E-16
4799.9255267496  5.893319E-16
4802.73610944687  6.103848E-16
4805.54669214414  6.226333E-16
4808.35727484141  6.031919E-16
4811.16785753868  5.806691E-16
4813.97844023595  5.812244E-16
4816.78902293322  5.830449E-16
4819.59960563048  5.794958E-16
4822.41018832776  5.732827E-16
4825.22077102502  5.804503E-16
4828.03135372229  5.828927E-16
4830.84193641956  6.074650E-16
4833.65251911683  6.225062E-16
4836.4631018141  6.071762E-16
4839.27368451137  6.017606E-16
4842.08426720864  6.288375E-16
4844.89484990591  6.518946E-16
4847.70543260318  6.943622E-16
4850.51601530045  7.268940E-16
4853.32659799772  7.263973E-16
4856.13718069499  7.431385E-16
4858.94776339226  7.519602E-16
4861.75834608953  7.683264E-16
4864.5689287868  7.819898E-16
4867.37951148407  7.784812E-16
4870.19009418134  7.566007E-16
4873.00067687861  7.256043E-16
4875.81125957588  7.186161E-16
4878.62184227315  6.890473E-16
4881.43242497042  6.790008E-16
4884.24300766769  6.202428E-16
4887.05359036495  5.870462E-16
4889.86417306222  6.289376E-16
4892.67475575949  5.984015E-16
4895.48533845676  5.790508E-16
4898.29592115403  6.070490E-16
4901.1065038513  5.939310E-16
4903.91708654857  5.701288E-16
4906.72766924584  5.910403E-16
4909.53825194311  5.862075E-16
4912.34883464038  5.701614E-16
4915.15941733765  5.823889E-16
4917.97000003492  6.093447E-16
4920.78058273219  6.141497E-16
4923.59116542946  6.190158E-16
4926.40174812673  6.109248E-16
4929.212330824  6.201163E-16
4932.02291352127  6.414711E-16
4934.83349621854  6.034012E-16
4937.64407891581  6.007616E-16
4940.45466161308  6.203608E-16
4943.26524431035  5.939951E-16
4946.07582700762  6.279095E-16
4948.88640970489  6.314139E-16
4951.69699240216  5.999754E-16
4954.50757509943  6.071218E-16
4957.3181577967  6.091810E-16
4960.12874049396  6.087067E-16
4962.93932319123  6.219179E-16
4965.7499058885  6.443031E-16
4968.56048858577  6.837802E-16
4971.37107128304  6.691007E-16
4974.18165398031  6.216537E-16
4976.99223667758  6.266537E-16
4979.80281937485  6.197159E-16
4982.61340207212  6.238108E-16
4985.42398476939  6.363101E-16
4988.23456746666  6.452142E-16
4991.04515016393  6.821059E-16
4993.8557328612  6.803142E-16
4996.66631555847  6.659263E-16
4999.47689825574  6.761514E-16
5002.28748095301  6.944006E-16
5005.09806365028  6.642623E-16
5007.90864634755  6.658593E-16
5010.71922904482  6.923235E-16
5013.52981174209  6.814668E-16
5016.34039443936  7.067851E-16
5019.15097713663  7.199403E-16
5021.9615598339  6.845368E-16
5024.77214253117  6.889588E-16
5027.58272522844  6.896040E-16
5030.3933079257  6.753909E-16
5033.20389062298  6.631102E-16
5036.01447332024  6.663594E-16
5038.82505601751  6.840845E-16
5041.63563871478  6.772832E-16
5044.44622141205  6.674641E-16
5047.25680410932  6.862592E-16
5050.06738680659  6.601648E-16
5052.87796950386  6.495024E-16
5055.68855220113  6.657558E-16
5058.4991348984  6.544452E-16
5061.30971759567  6.530027E-16
5064.12030029294  6.596361E-16
5066.93088299021  6.459427E-16
5069.74146568748  6.481087E-16
5072.55204838475  6.771070E-16
5075.36263108202  6.889007E-16
5078.17321377929  6.538961E-16
5080.98379647656  6.407786E-16
5083.79437917383  6.484005E-16
5086.6049618711  6.694579E-16
5089.41554456837  6.622777E-16
5092.22612726564  6.525208E-16
5095.03670996291  6.693823E-16
5097.84729266018  6.638017E-16
5100.65787535745  6.587263E-16
5103.46845805471  6.518052E-16
5106.27904075199  6.511079E-16
5109.08962344926  6.599568E-16
5111.90020614652  6.453956E-16
5114.71078884379  6.538924E-16
5117.52137154106  6.522279E-16
5120.33195423833  6.623385E-16
5123.1425369356  6.799900E-16
5125.95311963287  6.737578E-16
5128.76370233014  6.670647E-16
5131.57428502741  6.567017E-16
5134.38486772468  6.608997E-16
5137.19545042195  6.518137E-16
5140.00603311922  6.718449E-16
5142.81661581649  6.976871E-16
5145.62719851376  6.796885E-16
5148.43778121103  6.561179E-16
5151.2483639083  6.950765E-16
5154.05894660557  7.112509E-16
5156.86952930284  7.134759E-16
5159.68011200011  7.420677E-16
5162.49069469738  7.236230E-16
5165.30127739465  7.210275E-16
5168.11186009192  7.338805E-16
5170.92244278919  7.348652E-16
5173.73302548645  7.353378E-16
5176.54360818372  6.931492E-16
5179.35419088099  6.762984E-16
5182.16477357826  7.280113E-16
5184.97535627553  7.081338E-16
5187.7859389728  6.901649E-16
5190.59652167007  6.830591E-16
5193.40710436734  6.865244E-16
5196.21768706461  6.509994E-16
5199.02826976188  6.663260E-16
5201.83885245915  6.925226E-16
5204.64943515642  6.439337E-16
5207.46001785369  6.463054E-16
5210.27060055096  6.592130E-16
5213.08118324823  6.700277E-16
5215.8917659455  6.794529E-16
5218.70234864277  6.677682E-16
5221.51293134004  6.374932E-16
5224.32351403731  6.479470E-16
5227.13409673458  6.554326E-16
5229.94467943185  6.321125E-16
5232.75526212912  6.246433E-16
5235.56584482639  6.550293E-16
5238.37642752366  6.815208E-16
5241.18701022092  6.512533E-16
5243.9975929182  6.111605E-16
5246.80817561546  6.104191E-16
5249.61875831273  6.383585E-16
5252.42934101  6.499825E-16
5255.23992370727  6.452460E-16
5258.05050640454  6.459139E-16
5260.86108910181  6.300695E-16
5263.67167179908  6.199586E-16
5266.48225449635  6.603464E-16
5269.29283719362  6.803152E-16
5272.10341989089  6.733323E-16
5274.91400258816  6.720767E-16
5277.72458528543  6.550403E-16
5280.5351679827  6.555890E-16
5283.34575067997  6.604884E-16
5286.15633337724  6.613522E-16
5288.96691607451  6.569446E-16
5291.77749877178  6.468595E-16
5294.58808146905  6.432120E-16
5297.39866416632  6.320392E-16
5300.20924686359  6.355453E-16
5303.01982956086  6.447339E-16
5305.83041225813  6.435171E-16
5308.6409949554  6.365097E-16
5311.45157765267  6.552192E-16
5314.26216034994  6.635326E-16
5317.07274304721  6.447968E-16
5319.88332574448  6.388671E-16
5322.69390844175  6.661968E-16
5325.50449113901  6.531096E-16
5328.31507383628  6.394227E-16
5331.12565653355  6.305054E-16
5333.93623923082  6.462113E-16
5336.74682192809  6.633854E-16
5339.55740462536  6.335055E-16
5342.36798732263  6.363869E-16
5345.1785700199  6.590248E-16
5347.98915271717  6.496589E-16
5350.79973541444  6.344649E-16
5353.61031811171  6.423871E-16
5356.42090080898  6.448358E-16
5359.23148350625  6.271999E-16
5362.04206620352  6.427679E-16
5364.85264890079  6.474417E-16
5367.66323159806  6.319917E-16
5370.47381429533  6.364621E-16
5373.2843969926  6.388780E-16
5376.09497968987  6.347084E-16
5378.90556238714  6.279512E-16
5381.71614508441  6.257871E-16
5384.52672778167  6.403670E-16
5387.33731047895  6.373286E-16
5390.14789317621  6.294974E-16
5392.95847587348  6.351711E-16
5395.76905857075  6.522414E-16
5398.57964126802  6.427350E-16
5401.39022396529  6.407986E-16
5404.20080666256  6.489196E-16
5407.01138935983  6.644689E-16
5409.8219720571  6.483646E-16
5412.63255475437  6.534986E-16
5415.44313745164  6.440872E-16
5418.25372014891  6.237360E-16
5421.06430284618  6.461501E-16
5423.87488554345  6.383909E-16
5426.68546824072  6.350438E-16
5429.49605093799  6.323546E-16
5432.30663363526  6.205938E-16
5435.11721633253  6.190615E-16
5437.9277990298  6.334315E-16
5440.73838172707  6.520815E-16
5443.54896442434  6.537731E-16
5446.35954712161  6.562960E-16
5449.17012981888  6.400451E-16
5451.98071251615  6.280840E-16
5454.79129521342  6.078648E-16
5457.60187791069  6.121245E-16
5460.41246060796  6.383497E-16
5463.22304330522  6.496104E-16
5466.03362600249  6.359331E-16
5468.84420869976  6.144325E-16
5471.65479139703  6.228924E-16
5474.4653740943  6.369282E-16
5477.27595679157  6.160118E-16
5480.08653948884  6.172525E-16
5482.89712218611  6.206020E-16
5485.70770488338  6.120760E-16
5488.51828758065  6.240570E-16
5491.32887027792  6.206949E-16
5494.13945297519  6.207080E-16
5496.95003567246  6.140547E-16
5499.76061836973  5.990363E-16
5502.571201067  6.230799E-16
5505.38178376427  6.513585E-16
5508.19236646154  6.260484E-16
5511.00294915881  6.157946E-16
5513.81353185608  6.281152E-16
5516.62411455335  6.304017E-16
5519.43469725062  6.282310E-16
5522.24527994789  6.365318E-16
5525.05586264516  6.315438E-16
5527.86644534243  6.286626E-16
5530.6770280397  6.155473E-16
5533.48761073696  6.015510E-16
5536.29819343423  6.339649E-16
5539.1087761315  6.320447E-16
5541.91935882877  6.133574E-16
5544.72994152604  6.125146E-16
5547.54052422331  6.259574E-16
5550.35110692058  6.188840E-16
5553.16168961785  6.048071E-16
5555.97227231512  6.015531E-16
5558.78285501239  6.180912E-16
5561.59343770966  6.092615E-16
5564.40402040693  6.088343E-16
5567.2146031042  6.097375E-16
5570.02518580147  6.100085E-16
5572.83576849874  6.103555E-16
5575.64635119601  6.107004E-16
5578.45693389328  6.110381E-16
5581.26751659055  6.113673E-16
5584.07809928782  6.121545E-16
5586.88868198509  6.033798E-16
5589.69926468236  6.006160E-16
5592.50984737963  6.190828E-16
5595.3204300769  6.305389E-16
5598.13101277417  6.040801E-16
5600.94159547143  5.875835E-16
5603.7521781687  5.853369E-16
5606.56276086598  5.894812E-16
5609.37334356324  5.958624E-16
5612.18392626051  6.005696E-16
5614.99450895778  5.919511E-16
5617.80509165505  5.978985E-16
5620.61567435232  6.087794E-16
5623.42625704959  6.155166E-16
5626.23683974686  6.094610E-16
5629.04742244413  6.123587E-16
5631.8580051414  5.935110E-16
5634.66858783867  5.852647E-16
5637.47917053594  6.052328E-16
5640.28975323321  6.160083E-16
5643.10033593048  6.078493E-16
5645.91091862775  5.951199E-16
5648.72150132502  6.032090E-16
5651.53208402229  6.049887E-16
5654.34266671956  5.999318E-16
5657.15324941683  6.168463E-16
5659.9638321141  6.048922E-16
5662.77441481137  5.970210E-16
5665.58499750864  6.155796E-16
5668.39558020591  5.958886E-16
5671.20616290317  5.717743E-16
5674.01674560045  5.799368E-16
5676.82732829771  5.785358E-16
5679.63791099498  5.705936E-16
5682.44849369225  5.747786E-16
5685.25907638952  5.688043E-16
5688.06965908679  5.688395E-16
5690.88024178406  6.024889E-16
5693.69082448133  6.072719E-16
5696.5014071786  5.704349E-16
5699.31198987587  5.722559E-16
5702.12257257314  5.784044E-16
5704.93315527041  5.648651E-16
5707.74373796768  5.620388E-16
5710.55432066495  5.930119E-16
5713.36490336222  6.085085E-16
5716.17548605949  5.869713E-16
5718.98606875676  5.752981E-16
5721.79665145403  6.101673E-16
5724.6072341513  5.822625E-16
5727.41781684857  5.476015E-16
5730.22839954584  5.715916E-16
5733.03898224311  5.795681E-16
5735.84956494038  5.592762E-16
5738.66014763764  5.575450E-16
5741.47073033492  5.684205E-16
5744.28131303219  5.537086E-16
5747.09189572946  5.593398E-16
5749.90247842672  5.669874E-16
5752.71306112399  5.620164E-16
5755.52364382127  5.608066E-16
5758.33422651853  5.653018E-16
5761.1448092158  5.790608E-16
5763.95539191307  5.739188E-16
5766.76597461034  5.412435E-16
5769.57655730761  5.525251E-16
5772.38714000488  5.690269E-16
5775.19772270215  5.512429E-16
5778.00830539942  5.642893E-16
5780.81888809669  5.524165E-16
5783.62947079396  5.630521E-16
5786.44005349123  5.662158E-16
5789.2506361885  5.472000E-16
5792.06121888577  5.556709E-16
5794.87180158304  5.592910E-16
5797.68238428031  5.592993E-16
5800.49296697758  5.399628E-16
5803.30354967485  5.595348E-16
5806.11413237212  5.675297E-16
5808.92471506939  5.877125E-16
5811.73529776666  5.553341E-16
5814.54588046393  5.254642E-16
5817.35646316119  5.422633E-16
5820.16704585846  5.510211E-16
5822.97762855573  5.601704E-16
5825.788211253  5.561986E-16
5828.59879395027  5.714132E-16
5831.40937664754  5.841925E-16
5834.21995934481  5.585571E-16
5837.03054204208  5.650945E-16
5839.84112473935  5.849229E-16
5842.65170743662  5.802833E-16
5845.46229013389  6.012819E-16
5848.27287283116  5.877672E-16
5851.08345552843  5.678557E-16
5853.8940382257  5.654722E-16
5856.70462092297  5.825148E-16
5859.51520362024  5.841781E-16
5862.32578631751  5.549763E-16
5865.13636901478  5.465663E-16
5867.94695171205  5.595245E-16
5870.75753440932  5.780056E-16
5873.56811710659  5.858385E-16
5876.37869980386  5.928171E-16
5879.18928250113  5.854888E-16
5881.9998651984  5.550082E-16
5884.81044789566  5.138500E-16
5887.62103059293  5.313350E-16
5890.43161329021  5.595665E-16
5893.24219598747  5.696058E-16
5896.05277868474  5.869706E-16
5898.86336138201  5.729526E-16
5901.67394407928  5.698135E-16
5904.48452677655  5.760118E-16
5907.29510947382  5.521552E-16
5910.10569217109  5.532931E-16
5912.91627486836  5.405945E-16
5915.72685756563  5.288958E-16
5918.5374402629  5.608196E-16
5921.34802296017  5.751816E-16
5924.15860565744  5.470540E-16
5926.96918835471  5.457690E-16
5929.77977105198  5.536689E-16
5932.59035374925  5.323030E-16
5935.40093644652  5.144616E-16
5938.21151914379  5.237100E-16
5941.02210184106  5.123419E-16
5943.83268453833  5.292557E-16
5946.6432672356  5.552190E-16
5949.45384993287  5.233768E-16
5952.26443263014  5.310891E-16
5955.07501532741  5.640218E-16
5957.88559802468  5.387675E-16
5960.69618072195  5.141052E-16
5963.50676341922  5.249427E-16
5966.31734611648  5.321941E-16
5969.12792881375  5.515118E-16
5971.93851151102  5.249844E-16
5974.74909420829  5.509244E-16
5977.55967690556  5.421959E-16
5980.37025960283  5.143095E-16
5983.1808423001  5.087940E-16
5985.99142499737  5.259592E-16
5988.80200769464  5.317349E-16
5991.61259039191  5.212644E-16
5994.42317308918  5.196340E-16
5997.23375578645  5.430226E-16
6000.04433848372  5.315861E-16
6002.85492118099  5.093474E-16
6005.66550387826  5.250050E-16
6008.47608657553  5.318347E-16
6011.2866692728  5.232734E-16
6014.09725197007  5.332423E-16
6016.90783466734  5.416519E-16
6019.71841736461  5.359813E-16
6022.52900006187  5.360082E-16
6025.33958275915  5.406116E-16
6028.15016545642  5.529631E-16
6030.96074815368  5.505971E-16
6033.77133085095  5.364122E-16
6036.58191354822  5.378596E-16
6039.39249624549  5.311460E-16
6042.20307894276  5.370727E-16
6045.01366164003  5.245372E-16
6047.8242443373  5.257440E-16
6050.63482703457  5.367168E-16
6053.44540973184  5.133786E-16
6056.25599242911  5.264638E-16
6059.06657512638  5.444478E-16
6061.87715782365  5.308848E-16
6064.68774052092  5.129788E-16
6067.49832321819  5.182937E-16
6070.30890591546  5.290700E-16
6073.11948861273  5.336059E-16
6075.93007131  5.363939E-16
6078.74065400727  5.495797E-16
6081.55123670454  5.470330E-16
6084.36181940181  5.291780E-16
6087.17240209908  5.184474E-16
6089.98298479635  5.116222E-16
6092.79356749362  5.308177E-16
6095.60415019089  5.402865E-16
6098.41473288815  5.381770E-16
6101.22531558542  5.309506E-16
6104.03589828269  5.138008E-16
6106.84648097996  5.352629E-16
6109.65706367723  5.396187E-16
6112.4676463745  5.281643E-16
6115.27822907177  5.271835E-16
6118.08881176904  5.432888E-16
6120.89939446631  5.359867E-16
6123.70997716358  5.355361E-16
6126.52055986085  5.234609E-16
6129.33114255812  4.984482E-16
6132.14172525539  5.264983E-16
6134.95230795266  5.422681E-16
6137.76289064993  5.459634E-16
6140.5734733472  5.431730E-16
6143.38405604447  5.201273E-16
6146.19463874174  5.200728E-16
6149.00522143901  5.244120E-16
6151.81580413628  5.475764E-16
6154.62638683355  5.611420E-16
6157.43696953082  5.151271E-16
6160.24755222809  5.157886E-16
6163.05813492536  5.229663E-16
6165.86871762263  5.021699E-16
6168.6793003199  5.227092E-16
6171.48988301716  5.314917E-16
6174.30046571444  5.227933E-16
6177.11104841171  5.011173E-16
6179.92163110897  5.069066E-16
6182.73221380624  5.286858E-16
6185.54279650351  5.035124E-16
6188.35337920078  4.855520E-16
6191.16396189805  5.094875E-16
6193.97454459532  5.304939E-16
6196.78512729259  5.183437E-16
6199.59570998986  5.057782E-16
6202.40629268713  4.956240E-16
6205.2168753844  4.952906E-16
6208.02745808167  5.101484E-16
6210.83804077894  5.137047E-16
6213.64862347621  5.135594E-16
6216.45920617348  5.226384E-16
6219.26978887075  5.061858E-16
6222.08037156802  4.873603E-16
6224.89095426529  5.029953E-16
6227.70153696256  5.264428E-16
6230.51211965983  5.004659E-16
6233.3227023571  4.678918E-16
6236.13328505437  4.780070E-16
6238.94386775164  5.104103E-16
6241.7544504489  5.266218E-16
6244.56503314617  5.251081E-16
6247.37561584344  5.146196E-16
6250.18619854071  5.049609E-16
6252.99678123798  5.152709E-16
6255.80736393525  5.074685E-16
6258.61794663252  4.846264E-16
6261.42852932979  4.856033E-16
6264.23911202706  5.028143E-16
6267.04969472433  4.890588E-16
6269.8602774216  4.820241E-16
6272.67086011887  4.897072E-16
6275.48144281614  4.820258E-16
6278.29202551341  4.942236E-16
6281.10260821068  4.901440E-16
6283.91319090795  4.864501E-16
6286.72377360522  4.886302E-16
6289.53435630249  4.885776E-16
6292.34493899976  4.885787E-16
6295.15552169703  4.885948E-16
6297.9661043943  4.886197E-16
6300.77668709157  4.887152E-16
6303.58726978884  4.876513E-16
6306.3978524861  4.997195E-16
6309.20843518337  5.103178E-16
6312.01901788065  4.856857E-16
6314.82960057791  4.953087E-16
6317.64018327518  5.094727E-16
6320.45076597245  5.186873E-16
6323.26134866972  5.133604E-16
6326.07193136699  4.972430E-16
6328.88251406426  4.867621E-16
6331.69309676153  4.793870E-16
6334.5036794588  4.793760E-16
6337.31426215607  5.017061E-16
6340.12484485334  4.985363E-16
6342.93542755061  4.862168E-16
6345.74601024788  4.872346E-16
6348.55659294515  4.960112E-16
6351.36717564242  5.083595E-16
6354.17775833969  5.060471E-16
6356.98834103696  4.636447E-16
6359.79892373423  4.547496E-16
6362.6095064315  4.671666E-16
6365.42008912877  4.688091E-16
6368.23067182604  4.612579E-16
6371.04125452331  4.510139E-16
6373.85183722058  4.664244E-16
6376.66241991785  4.957429E-16
6379.47300261512  4.694954E-16
6382.28358531239  4.630984E-16
6385.09416800966  4.803086E-16
6387.90475070693  4.640933E-16
6390.71533340419  4.667449E-16
6393.52591610147  4.862773E-16
6396.33649879873  4.754326E-16
6399.147081496  4.847652E-16
6401.95766419327  4.890615E-16
6404.76824689054  4.917972E-16
6407.57882958781  4.997053E-16
6410.38941228508  4.974043E-16
6413.19999498235  4.831848E-16
6416.01057767962  4.690628E-16
6418.82116037689  4.637244E-16
6421.63174307416  4.700732E-16
6424.44232577143  4.890757E-16
6427.2529084687  4.808291E-16
6430.06349116597  4.687713E-16
6432.87407386324  4.653879E-16
6435.68465656051  4.758261E-16
6438.49523925778  4.867053E-16
6441.30582195505  4.802971E-16
6444.11640465232  4.729357E-16
6446.92698734959  4.712873E-16
6449.73757004686  4.758633E-16
6452.54815274412  4.856461E-16
6455.35873544139  4.750038E-16
6458.16931813866  4.507396E-16
6460.97990083593  4.475640E-16
6463.7904835332  4.709173E-16
6466.60106623047  4.885341E-16
6469.41164892774  4.710570E-16
6472.22223162501  4.711598E-16
6475.03281432228  4.555969E-16
6477.84339701955  4.682265E-16
6480.65397971682  4.879232E-16
6483.46456241409  4.937629E-16
6486.27514511136  4.699957E-16
6489.08572780863  4.518312E-16
6491.8963105059  4.575555E-16
6494.70689320317  4.458166E-16
6497.51747590044  4.380381E-16
6500.32805859771  4.660595E-16
6503.13864129498  4.564916E-16
6505.94922399225  4.397941E-16
6508.75980668952  4.719987E-16
6511.57038938679  4.739382E-16
6514.38097208406  4.612795E-16
6517.19155478133  4.481995E-16
6520.0021374786  4.576794E-16
6522.81272017587  4.579738E-16
6525.62330287313  4.692548E-16
6528.43388557041  5.112233E-16
6531.24446826767  5.317747E-16
6534.05505096494  5.229135E-16
6536.86563366222  5.607336E-16
6539.67621635948  5.970781E-16
6542.48679905675  6.301822E-16
6545.29738175402  6.830223E-16
6548.10796445129  7.432411E-16
6550.91854714856  7.840834E-16
6553.72912984583  7.642631E-16
6556.5397125431  7.579818E-16
6559.35029524037  7.792487E-16
6562.16087793764  8.008800E-16
6564.97146063491  7.992976E-16
6567.78204333218  8.105665E-16
6570.59262602945  8.040220E-16
6573.40320872672  7.876141E-16
6576.21379142399  7.487421E-16
6579.02437412126  6.741846E-16
6581.83495681853  6.138087E-16
6584.6455395158  5.830727E-16
6587.45612221307  5.730021E-16
6590.26670491034  5.351648E-16
6593.07728760761  5.131019E-16
6595.88787030487  5.014165E-16
6598.69845300214  4.893019E-16
6601.50903569941  4.942786E-16
6604.31961839668  4.717194E-16
6607.13020109395  4.465115E-16
6609.94078379122  4.573075E-16
6612.75136648849  4.647028E-16
6615.56194918576  4.591111E-16
6618.37253188303  4.673725E-16
6621.1831145803  4.650430E-16
6623.99369727757  4.716761E-16
6626.80427997484  4.557019E-16
6629.61486267211  4.209625E-16
6632.42544536938  4.386161E-16
6635.23602806665  4.578458E-16
6638.04661076392  4.579152E-16
6640.85719346119  4.442533E-16
6643.66777615846  4.594408E-16
6646.47835885573  4.729693E-16
6649.288941553  4.665853E-16
6652.09952425027  4.677194E-16
6654.91010694754  4.644371E-16
6657.72068964481  4.572723E-16
6660.53127234208  4.605906E-16
6663.34185503935  4.461648E-16
6666.15243773662  4.596990E-16
6668.96302043388  4.720678E-16
6671.77360313116  4.626699E-16
6674.58418582842  4.602730E-16
6677.39476852569  4.634816E-16
6680.20535122296  4.845217E-16
6683.01593392023  4.658852E-16
6685.8265166175  4.545652E-16
6688.63709931477  4.741255E-16
6691.44768201204  4.538282E-16
6694.25826470931  4.503433E-16
6697.06884740658  4.570835E-16
6699.87943010385  4.668588E-16
6702.69001280112  4.884910E-16
6705.50059549839  4.770331E-16
6708.31117819566  4.681646E-16
6711.12176089293  4.629596E-16
6713.9323435902  4.464954E-16
6716.74292628747  4.632081E-16
6719.55350898474  4.791705E-16
6722.36409168201  4.673887E-16
6725.17467437928  4.559690E-16
6727.98525707655  4.572378E-16
6730.79583977382  4.717990E-16
6733.60642247109  4.771167E-16
6736.41700516835  4.576845E-16
6739.22758786562  4.675171E-16
6742.03817056289  4.546233E-16
6744.84875326016  4.526447E-16
6747.65933595743  4.458608E-16
6750.4699186547  4.430526E-16
6753.28050135197  4.454241E-16
6756.09108404924  4.376297E-16
6758.90166674651  4.425392E-16
6761.71224944378  4.672559E-16
6764.52283214105  4.684923E-16
6767.33341483832  4.349746E-16
6770.14399753559  4.479742E-16
6772.95458023286  4.572290E-16
6775.76516293013  4.507892E-16
6778.5757456274  4.402725E-16
6781.38632832467  4.485974E-16
6784.19691102194  4.637761E-16
6787.00749371921  4.560460E-16
6789.81807641648  4.678782E-16
6792.62865911375  4.594867E-16
6795.43924181102  4.388505E-16
6798.24982450829  4.414217E-16
6801.06040720556  4.360135E-16
6803.87098990283  4.311110E-16
6806.6815726001  4.536701E-16
6809.49215529737  4.306228E-16
6812.30273799464  4.208167E-16
6815.11332069191  4.296755E-16
6817.92390338917  4.392456E-16
6820.73448608644  4.483843E-16
6823.54506878371  4.300513E-16
6826.35565148098  4.228864E-16
6829.16623417825  4.271301E-16
6831.97681687552  4.386166E-16
6834.78739957279  4.497204E-16
6837.59798227006  4.526431E-16
6840.40856496733  4.641165E-16
6843.2191476646  4.501589E-16
6846.02973036187  4.294550E-16
6848.84031305914  4.269345E-16
6851.65089575641  4.117895E-16
6854.46147845368  4.261358E-16
6857.27206115095  4.405399E-16
6860.08264384822  4.156602E-16
6862.89322654549  3.766528E-16
6865.70380924276  3.522151E-16
6868.51439194003  3.323448E-16
6871.3249746373  3.130191E-16
6874.13555733457  3.405128E-16
6876.94614003184  3.706117E-16
6879.75672272911  3.748830E-16
6882.56730542638  3.598741E-16
6885.37788812364  3.658688E-16
6888.18847082091  3.639120E-16
6890.99905351818  3.589149E-16
6893.80963621545  3.744326E-16
6896.62021891272  3.733596E-16
6899.43080160999  3.701594E-16
6902.24138430726  3.619283E-16
6905.05196700453  3.809691E-16
6907.8625497018  3.944834E-16
6910.67313239907  3.698476E-16
6913.48371509634  3.814414E-16
6916.29429779361  3.948220E-16
6919.10488049088  3.988790E-16
6921.91546318815  4.156706E-16
6924.72604588542  4.149080E-16
6927.53662858269  4.125402E-16
6930.34721127996  4.081393E-16
6933.15779397723  4.140626E-16
6935.9683766745  4.170938E-16
6938.77895937177  4.144953E-16
6941.58954206904  4.273629E-16
6944.40012476631  4.392289E-16
6947.21070746358  4.242140E-16
6950.02129016085  4.152172E-16
6952.83187285811  4.208626E-16
6955.64245555538  4.420706E-16
6958.45303825266  4.403814E-16
6961.26362094993  4.271363E-16
6964.07420364719  4.051936E-16
6966.88478634446  4.273742E-16
6969.69536904173  4.511330E-16
6972.505951739  4.281485E-16
6975.31653443627  4.190988E-16
6978.12711713354  4.290542E-16
6980.93769983081  4.302512E-16
6983.74828252808  4.062221E-16
6986.55886522535  4.130468E-16
6989.36944792262  4.443778E-16
6992.18003061989  4.412671E-16
6994.99061331716  4.254076E-16
6997.80119601443  4.115188E-16
7000.6117787117  4.036543E-16
7003.42236140897  4.197838E-16
7006.23294410624  4.291393E-16
7009.04352680351  4.183169E-16
7011.85410950078  4.250839E-16
7014.66469219805  4.264708E-16
7017.47527489532  4.179318E-16
7020.28585759259  4.205255E-16
7023.09644028985  4.150458E-16
7025.90702298713  4.345581E-16
7028.7176056844  4.317618E-16
7031.52818838166  4.415558E-16
7034.33877107893  4.511076E-16
7037.1493537762  4.257305E-16
7039.95993647347  4.215183E-16
7042.77051917074  4.269079E-16
7045.58110186801  4.294011E-16
7048.39168456528  4.179620E-16
7051.20226726255  4.185936E-16
7054.01284995982  4.161961E-16
7056.82343265709  4.135550E-16
7059.63401535436  4.147524E-16
7062.44459805163  4.348436E-16
7065.2551807489  4.457462E-16
7068.06576344617  4.252281E-16
7070.87634614344  4.274657E-16
7073.68692884071  4.260469E-16
7076.49751153798  4.091967E-16
7079.30809423525  4.314831E-16
7082.11867693252  4.421302E-16
7084.92925962979  4.131912E-16
7087.73984232706  4.045863E-16
7090.55042502432  4.115701E-16
7093.3610077216  3.957075E-16
7096.17159041887  4.160729E-16
7098.98217311613  4.034402E-16
7101.7927558134  4.005997E-16
7104.60333851067  4.092784E-16
7107.41392120794  4.169792E-16
7110.22450390521  4.119531E-16
7113.03508660248  4.081220E-16
7115.84566929975  4.170488E-16
7118.65625199702  4.272438E-16
7121.46683469429  4.219297E-16
7124.27741739156  4.339182E-16
7127.08800008883  4.372663E-16
7129.8985827861  4.178717E-16
7132.70916548337  4.020219E-16
7135.51974818064  3.968508E-16
7138.33033087791  4.044743E-16
7141.14091357518  4.237352E-16
7143.95149627245  3.932368E-16
7146.76207896972  3.802272E-16
7149.57266166699  4.094994E-16
7152.38324436426  4.139101E-16
7155.19382706153  3.954766E-16
7158.00440975879  4.018578E-16
7160.81499245607  4.110577E-16
7163.62557515334  4.138019E-16
7166.4361578506  4.117381E-16
7169.24674054788  3.973456E-16
7172.05732324514  3.957912E-16
7174.86790594241  3.909211E-16
7177.67848863968  3.974221E-16
7180.48907133695  3.718035E-16
7183.29965403422  3.604808E-16
7186.11023673149  3.652546E-16
7188.92081942876  3.758419E-16
7191.73140212603  3.914022E-16
7194.5419848233  3.951602E-16
7197.35256752057  3.843805E-16
7200.16315021784  3.975035E-16
7202.97373291511  4.040151E-16
7205.78431561238  3.901812E-16
7208.59489830965  3.827292E-16
7211.40548100692  3.961453E-16
7214.21606370419  3.968033E-16
7217.02664640146  3.932038E-16
7219.83722909873  3.860707E-16
7222.647811796  3.864913E-16
7225.45839449327  3.800773E-16
7228.26897719054  3.764077E-16
7231.07955988781  3.776472E-16
7233.89014258508  3.815465E-16
7236.70072528235  3.689464E-16
7239.51130797961  3.479370E-16
7242.32189067688  3.372895E-16
7245.13247337415  3.357688E-16
7247.94305607142  3.742123E-16
7250.75363876869  3.669357E-16
7253.56422146596  3.764563E-16
7256.37480416323  4.127327E-16
7259.1853868605  3.724409E-16
7261.99596955777  3.818047E-16
7264.80655225504  3.964101E-16
7267.61713495231  3.861449E-16
7270.42771764958  3.684095E-16
7273.23830034685  3.507191E-16
7276.04888304412  3.734921E-16
7278.85946574139  3.918151E-16
7281.67004843866  3.430808E-16
7284.48063113593  3.715174E-16
7287.2912138332  3.897726E-16
7290.10179653047  3.960485E-16
7292.91237922774  3.952665E-16
7295.72296192501  4.044199E-16
7298.53354462228  3.957757E-16
7301.34412731955  3.860390E-16
7304.15471001682  3.771185E-16
7306.96529271408  3.945548E-16
7309.77587541135  3.995184E-16
7312.58645810862  3.557649E-16
7315.39704080589  3.594700E-16
7318.20762350316  3.639005E-16
7321.01820620043  3.816322E-16
7323.8287888977  3.771097E-16
7326.63937159497  3.656990E-16
7329.44995429224  3.833806E-16
7332.26053698951  4.053423E-16
7335.07111968678  3.659301E-16
7337.88170238405  3.605873E-16
7340.69228508132  3.862163E-16
7343.50286777859  3.918935E-16
7346.31345047586  3.945802E-16
7349.12403317313  3.995753E-16
7351.9346158704  3.846018E-16
7354.74519856767  3.895651E-16
7357.55578126494  3.919883E-16
7360.36636396221  3.886619E-16
7363.17694665948  3.774092E-16
7365.98752935675  3.681141E-16
7368.79811205402  3.600662E-16
7371.60869475129  3.775361E-16
7374.41927744855  4.002695E-16
7377.22986014582  4.045610E-16
7380.0404428431  3.952950E-16
7382.85102554037  3.949541E-16
7385.66160823763  3.900880E-16
7388.4721909349  3.906813E-16
7391.28277363217  4.039953E-16
7394.09335632944  4.050369E-16
7396.90393902671  3.988573E-16
7399.71452172398  4.015918E-16
7402.52510442125  3.974822E-16
7405.33568711852  3.979085E-16
7408.14626981579  4.098919E-16
7410.95685251306  4.006073E-16
7413.76743521033  4.010924E-16
7416.5780179076  4.022869E-16
7419.38860060487  4.128075E-16
7422.19918330214  4.224440E-16
7425.00976599941  4.185200E-16
7427.82034869668  4.416007E-16
7430.63093139395  4.269864E-16
7433.44151409122  3.802187E-16
7436.25209678849  3.819144E-16
7439.06267948576  3.881991E-16
7441.87326218303  3.811987E-16
7444.6838448803  3.881747E-16
7447.49442757757  4.175181E-16
7450.30501027484  4.172558E-16
7453.11559297211  4.028838E-16
7455.92617566937  4.119800E-16
7458.73675836664  4.174933E-16
7461.54734106391  4.120394E-16
7464.35792376118  3.907560E-16
7467.16850645845  4.061699E-16
7469.97908915572  4.182383E-16
7472.78967185299  3.901309E-16
7475.60025455026  3.835061E-16
7478.41083724753  3.873023E-16
7481.2214199448  3.978002E-16
7484.03200264207  3.891727E-16
7486.84258533934  4.003937E-16
7489.65316803661  4.122418E-16
7492.46375073388  3.964767E-16
7495.27433343115  4.221267E-16
7498.08491612842  4.203632E-16
7500.89549882569  4.172567E-16
7503.70608152296  4.139255E-16
7506.51666422023  4.249589E-16
7509.3272469175  4.216885E-16
7512.13782961476  4.038770E-16
7514.94841231204  4.034762E-16
7517.75899500931  3.986377E-16
7520.56957770657  4.109967E-16
7523.38016040384  3.864253E-16
7526.19074310111  3.499680E-16
7529.00132579838  3.543430E-16
7531.81190849565  3.580518E-16
7534.62249119292  3.617269E-16
7537.43307389019  3.770286E-16
7540.24365658746  3.568192E-16
7543.05423928473  3.956285E-16
7545.864821982  3.846741E-16
7548.67540467927  4.051946E-16
7551.48598737654  4.197279E-16
7554.29657007381  4.000102E-16
7557.10715277108  3.847252E-16
7559.91773546835  4.084979E-16
7562.72831816562  4.141562E-16
7565.53890086289  3.923425E-16
7568.34948356016  3.643232E-16
7571.16006625743  3.728395E-16
7573.9706489547  3.707348E-16
7576.78123165197  3.946254E-16
7579.59181434924  4.105992E-16
7582.40239704651  4.134911E-16
7585.21297974378  3.735392E-16
7588.02356244105  3.500716E-16
7590.83414513832  3.181359E-16
7593.64472783559  2.790017E-16
7596.45531053285  2.018828E-16
7599.26589323012  1.318151E-16
7602.07647592739  9.691886E-17
7604.88705862466  7.926555E-17
7607.69764132193  8.524895E-17
7610.5082240192  1.171947E-16
7613.31880671647  1.756488E-16
7616.12938941374  2.297973E-16
7618.93997211101  2.302063E-16
7621.75055480828  2.212226E-16
7624.56113750555  1.897303E-16
7627.37172020282  1.865895E-16
7630.18230290009  1.937640E-16
7632.99288559736  1.933112E-16
7635.80346829463  1.940769E-16
7638.6140509919  1.865665E-16
7641.42463368917  2.039820E-16
7644.23521638644  2.028929E-16
7647.04579908371  2.131161E-16
7649.85638178098  2.544022E-16
7652.66696447825  2.668258E-16
7655.47754717552  2.737955E-16
7658.28812987279  2.906201E-16
7661.09871257005  3.035740E-16
7663.90929526732  3.141656E-16
7666.71987796459  3.071717E-16
7669.53046066186  3.303447E-16
7672.34104335913  3.451546E-16
7675.1516260564  3.445351E-16
7677.96220875367  3.632900E-16
7680.77279145094  3.750320E-16
7683.58337414821  3.670824E-16
7686.39395684548  3.626205E-16
7689.20453954275  3.652044E-16
7692.01512224002  3.678218E-16
7694.82570493729  3.674611E-16
7697.63628763456  3.862729E-16
7700.44687033183  3.739950E-16
7703.2574530291  3.574777E-16
7706.06803572637  3.654322E-16
7708.87861842364  3.838840E-16
7711.68920112091  3.626333E-16
7714.49978381818  3.375091E-16
7717.31036651545  3.573310E-16
7720.12094921272  3.681267E-16
7722.93153190999  3.487233E-16
7725.74211460726  3.532938E-16
7728.55269730453  3.906001E-16
7731.36328000179  3.915659E-16
7734.17386269906  3.890870E-16
7736.98444539633  4.025356E-16
7739.79502809361  3.782859E-16
7742.60561079087  3.514333E-16
7745.41619348814  3.508313E-16
7748.22677618541  3.417916E-16
7751.03735888268  3.575423E-16
7753.84794157995  3.606839E-16
7756.65852427722  3.505552E-16
7759.46910697449  3.491477E-16
7762.27968967176  3.852850E-16
7765.09027236903  3.729511E-16
7767.9008550663  3.574878E-16
7770.71143776357  3.597225E-16
7773.52202046084  3.611595E-16
7776.33260315811  3.576522E-16
7779.14318585538  3.560400E-16
7781.95376855265  3.784296E-16
7784.76435124992  3.797279E-16
7787.57493394719  3.540929E-16
7790.38551664446  3.432051E-16
7793.19609934173  3.686194E-16
7796.006682039  3.846957E-16
7798.81726473626  3.895323E-16
7801.62784743354  4.041480E-16
7804.43843013081  3.832380E-16
7807.24901282808  3.482751E-16
7810.05959552534  3.526468E-16
7812.87017822261  3.388214E-16
7815.68076091988  3.392737E-16
7818.49134361715  3.836092E-16
7821.30192631442  3.769207E-16
7824.11250901169  3.476806E-16
7826.92309170896  3.593865E-16
7829.73367440623  3.634716E-16
7832.5442571035  3.797784E-16
7835.35483980077  3.700168E-16
7838.16542249804  3.469947E-16
7840.97600519531  3.558187E-16
7843.78658789258  3.599647E-16
7846.59717058985  3.689339E-16
7849.40775328712  3.612803E-16
7852.21833598439  3.275530E-16
7855.02891868166  3.228233E-16
7857.83950137893  3.621606E-16
7860.6500840762  3.894527E-16
7863.46066677347  3.539095E-16
7866.27124947074  3.680282E-16
7869.08183216801  3.826089E-16
7871.89241486528  3.711130E-16
7874.70299756255  3.280560E-16
7877.51358025981  3.252301E-16
7880.32416295708  3.325383E-16
7883.13474565435  3.395099E-16
7885.94532835162  3.325259E-16
7888.75591104889  3.302556E-16
7891.56649374616  3.099878E-16
7894.37707644343  3.359488E-16
7897.1876591407  3.359908E-16
7899.99824183797  3.621891E-16
7902.80882453524  3.679482E-16
7905.61940723251  3.557846E-16
7908.42998992978  3.453573E-16
7911.24057262705  3.114239E-16
7914.05115532432  3.367221E-16
7916.86173802159  3.655275E-16
7919.67232071886  3.826100E-16
7922.48290341613  3.914050E-16
7925.2934861134  3.888819E-16
7928.10406881067  3.453946E-16
7930.91465150794  3.472069E-16
7933.72523420521  3.746564E-16
7936.53581690248  3.552130E-16
7939.34639959975  3.741125E-16
7942.15698229702  3.741214E-16
7944.96756499428  3.681656E-16
7947.77814769155  3.884529E-16
7950.58873038883  3.886687E-16
7953.39931308609  3.820408E-16
7956.20989578336  3.716802E-16
7959.02047848063  3.514827E-16
7961.8310611779  3.056186E-16
7964.64164387517  3.136737E-16
7967.45222657244  3.454202E-16
7970.26280926971  3.734137E-16
7973.07339196698  3.584326E-16
7975.88397466425  3.663901E-16
7978.69455736152  3.682232E-16
7981.50514005879  3.857480E-16
7984.31572275606  3.625506E-16
7987.12630545333  3.616639E-16
7989.9368881506  3.329110E-16
7992.74747084787  3.355517E-16
7995.55805354514  3.165409E-16
7998.36863624241  3.631348E-16
8001.17921893968  3.969679E-16
8003.98980163695  3.923715E-16
8006.80038433422  3.771289E-16
8009.61096703149  3.653797E-16
8012.42154972876  3.512064E-16
8015.23213242603  3.425126E-16
8018.0427151233  3.415508E-16
8020.85329782056  3.694781E-16
8023.66388051783  3.726032E-16
8026.4744632151  3.233366E-16
8029.28504591237  3.322153E-16
8032.09562860964  3.431582E-16
8034.90621130691  3.202502E-16
8037.71679400418  3.641267E-16
8040.52737670145  4.005239E-16
8043.33795939872  3.861048E-16
8046.14854209599  3.534273E-16
8048.95912479326  3.309279E-16
8051.76970749053  3.360644E-16
8054.5802901878  3.888959E-16
8057.39087288507  3.675506E-16
8060.20145558234  3.484626E-16
8063.01203827961  3.818143E-16
8065.82262097688  3.735167E-16
8068.63320367415  3.891256E-16
8071.44378637142  3.954717E-16
8074.25436906869  3.838064E-16
8077.06495176596  3.922306E-16
8079.87553446323  3.666713E-16
8082.6861171605  3.625733E-16
8085.49669985777  3.585520E-16
8088.30728255503  3.791829E-16
8091.1178652523  3.934144E-16
8093.92844794957  3.780221E-16
8096.73903064684  3.848033E-16
8099.54961334411  3.883290E-16
8102.36019604138  3.961473E-16
8105.17077873865  3.844306E-16
8107.98136143592  3.852104E-16
8110.79194413319  3.717327E-16
8113.60252683046  3.785414E-16
8116.41310952773  3.893407E-16
8119.223692225  3.652823E-16
8122.03427492227  3.556201E-16
8124.84485761954  3.690938E-16
8127.65544031681  3.653294E-16
8130.46602301408  3.526015E-16
8133.27660571135  3.361790E-16
8136.08718840862  3.453475E-16
8138.89777110589  3.596039E-16
8141.70835380316  3.639502E-16
8144.51893650043  3.408783E-16
8147.3295191977  3.162202E-16
8150.14010189497  3.420312E-16
8152.95068459224  3.512233E-16
8155.7612672895  3.355346E-16
8158.57184998677  3.370367E-16
8161.38243268405  3.501818E-16
8164.19301538131  3.527329E-16
8167.00359807858  3.416293E-16
8169.81418077585  3.432881E-16
8172.62476347312  3.214443E-16
8175.43534617039  3.443713E-16
8178.24592886766  3.471137E-16
8181.05651156493  3.269739E-16
8183.8670942622  3.363886E-16
8186.67767695947  3.472731E-16
8189.48825965674  3.384774E-16
8192.29884235401  3.384154E-16
8195.10942505128  3.437890E-16
8197.92000774855  3.293084E-16
8200.73059044582  3.393779E-16
8203.54117314309  3.345701E-16
8206.35175584036  3.614440E-16
8209.16233853763  3.697623E-16
8211.9729212349  3.634474E-16
8214.78350393216  3.705754E-16
8217.59408662944  3.560828E-16
8220.4046693267  3.525818E-16
8223.21525202398  3.375534E-16
8226.02583472125  3.422696E-16
8228.83641741852  3.159618E-16
8231.64700011578  3.050387E-16
8234.45758281305  3.368035E-16
8237.26816551032  3.522187E-16
8240.07874820759  3.698550E-16
8242.88933090486  3.813686E-16
8245.69991360213  3.540873E-16
8248.5104962994  3.320074E-16
8251.32107899667  3.541123E-16
8254.13166169394  3.647036E-16
8256.94224439121  3.388739E-16
8259.75282708848  3.474060E-16
8262.56340978575  3.313395E-16
8265.37399248302  3.494375E-16
8268.18457518029  3.670516E-16
8270.99515787756  3.477642E-16
8273.80574057483  3.120427E-16
8276.6163232721  2.969040E-16
8279.42690596937  2.876840E-16
8282.23748866664  2.812178E-16
8285.04807136391  2.782494E-16
8287.85865406118  3.259190E-16
8290.66923675845  3.093030E-16
8293.47981945572  3.192995E-16
8296.29040215299  3.253029E-16
8299.10098485025  3.335227E-16
8301.91156754752  3.188337E-16
8304.72215024479  3.280559E-16
8307.53273294206  3.332913E-16
8310.34331563933  3.176542E-16
8313.1538983366  3.262623E-16
8315.96448103387  3.609018E-16
8318.77506373114  3.513783E-16
8321.58564642841  3.378857E-16
8324.39622912568  3.462060E-16
8327.20681182295  3.191438E-16
8330.01739452022  3.263258E-16
8332.82797721749  3.230834E-16
8335.63855991476  3.408540E-16
8338.44914261203  3.388306E-16
8341.2597253093  3.051143E-16
8344.07030800657  2.935897E-16
8346.88089070384  2.944338E-16
8349.69147340111  2.794385E-16
8352.50205609838  3.042260E-16
8355.31263879565  3.187987E-16
8358.12322149291  2.794243E-16
8360.93380419019  3.230763E-16
8363.74438688745  3.535955E-16
8366.55496958473  3.483976E-16
8369.36555228199  3.249591E-16
8372.17613497927  3.279287E-16
8374.98671767653  3.422616E-16
8377.7973003738  3.382123E-16
8380.60788307107  3.208432E-16
8383.41846576834  3.233036E-16
8386.22904846561  3.237393E-16
8389.03963116288  3.551589E-16
8391.85021386015  3.611685E-16
8394.66079655742  3.048278E-16
8397.47137925469  3.130496E-16
8400.28196195196  3.070359E-16
8403.09254464923  2.949237E-16
8405.9031273465  3.584673E-16
8408.71371004377  3.318848E-16
8411.52429274104  2.988644E-16
8414.33487543831  2.958398E-16
8417.14545813558  3.153656E-16
8419.95604083285  2.965702E-16
8422.76662353012  3.225648E-16
8425.57720622739  3.204865E-16
8428.38778892466  2.701911E-16
8431.19837162193  3.087672E-16
8434.0089543192  3.259823E-16
8436.81953701647  2.878235E-16
8439.63011971374  3.162571E-16
8442.440702411  3.469099E-16
8445.25128510827  3.329446E-16
8448.06186780554  3.466899E-16
8450.87245050281  3.491347E-16
8453.68303320008  3.134247E-16
8456.49361589735  3.396892E-16
8459.30419859462  3.335008E-16
8462.11478129189  2.757716E-16
8464.92536398916  2.736466E-16
8467.73594668643  2.842202E-16
8470.5465293837  3.342446E-16
8473.35711208097  3.339355E-16
8476.16769477824  3.045590E-16
8478.97827747551  3.539976E-16
8481.78886017278  3.393717E-16
8484.59944287005  3.534462E-16
8487.41002556732  3.716338E-16
8490.22060826459  3.794054E-16
8493.03119096186  3.446568E-16
8495.84177365913  3.618991E-16
8498.6523563564  3.343690E-16
8501.46293905367  3.288814E-16
8504.27352175094  2.901182E-16
8507.0841044482  3.339721E-16
8509.89468714548  4.037065E-16
8512.70526984274  3.409418E-16
8515.51585254001  3.699003E-16
8518.32643523728  3.717941E-16
8521.13701793456  3.759230E-16
8523.94760063182  3.731663E-16
8526.75818332909  4.080945E-16
8529.56876602636  4.069434E-16
8532.37934872363  3.959693E-16
8535.1899314209  3.668309E-16
8538.00051411817  3.800534E-16
8540.81109681544  4.065894E-16
8543.62167951271  3.957804E-16
8546.43226220998  3.724670E-16
8549.24284490725  3.488020E-16
8552.05342760452  3.658794E-16
8554.86401030179  3.594627E-16
8557.67459299906  3.797302E-16
8560.48517569633  3.947786E-16
8563.2957583936  3.812003E-16
8566.10634109087  3.534586E-16
8568.91692378814  3.568339E-16
8571.72750648541  3.379390E-16
8574.53808918268  3.541001E-16
8577.34867187994  3.370625E-16
8580.15925457721  3.240242E-16
8582.96983727449  3.533175E-16
8585.78041997176  3.735514E-16
8588.59100266902  3.401460E-16
8591.40158536629  3.295499E-16
8594.21216806356  3.593498E-16
8597.02275076083  3.558690E-16
8599.8333334581  3.398088E-16
8602.64391615537  3.682130E-16
8605.45449885264  3.623235E-16
8608.26508154991  3.489316E-16
8611.07566424718  3.326506E-16
8613.88624694445  3.245460E-16
8616.69682964172  3.310677E-16
8619.50741233899  3.082205E-16
8622.31799503626  3.213721E-16
8625.12857773353  2.995673E-16
8627.9391604308  2.801764E-16
8630.74974312807  2.454886E-16
8633.56032582534  2.979915E-16
8636.37090852261  3.024837E-16
8639.18149121988  3.426436E-16
8641.99207391715  3.953204E-16
8644.80265661442  4.042220E-16
8647.61323931169  3.920606E-16
8650.42382200896  3.616864E-16
8653.23440470623  3.516375E-16
8656.04498740349  3.378730E-16
8658.85557010077  3.008914E-16
8661.66615279803  2.979374E-16
8664.4767354953  3.736278E-16
8667.28731819257  3.283558E-16
8670.09790088984  3.673099E-16
8672.90848358711  3.467475E-16
8675.71906628438  3.741632E-16
8678.52964898165  3.933597E-16
8681.34023167892  3.882161E-16
8684.15081437619  3.793786E-16
8686.96139707346  3.579232E-16
8689.77197977073  3.796891E-16
8692.582562468  3.451508E-16
8695.39314516527  3.292021E-16
8698.20372786254  3.321916E-16
8701.01431055981  3.376951E-16
8703.82489325708  3.736373E-16
8706.63547595435  3.993333E-16
8709.44605865162  3.678577E-16
8712.25664134889  3.510128E-16
8715.06722404616  3.395568E-16
8717.87780674343  3.310747E-16
8720.6883894407  3.311124E-16
8723.49897213796  3.261317E-16
8726.30955483523  3.486873E-16
8729.1201375325  3.356659E-16
8731.93072022977  3.419362E-16
8734.74130292704  3.573448E-16
8737.55188562431  3.648117E-16
8740.36246832158  3.530744E-16
8743.17305101885  3.572803E-16
8745.98363371612  3.612725E-16
8748.79421641339  3.533259E-16
8751.60479911066  3.583710E-16
8754.41538180793  3.286328E-16
8757.2259645052  2.775326E-16
8760.03654720247  2.933277E-16
8762.84712989974  2.739802E-16
8765.65771259701  2.413676E-16
8768.46829529428  2.939696E-16
8771.27887799155  2.916514E-16
8774.08946068882  3.264262E-16
8776.90004338609  2.768001E-16
8779.71062608336  2.497734E-16
8782.52120878063  3.703125E-16
8785.3317914779  3.388025E-16
8788.14237417517  2.947284E-16
8790.95295687244  2.966622E-16
8793.76353956971  3.128491E-16
8796.57412226698  3.223914E-16
8799.38470496424  3.387335E-16
8802.19528766151  3.484424E-16
8805.00587035878  3.458992E-16
8807.81645305605  3.363609E-16
8810.62703575332  3.533242E-16
8813.43761845059  3.458907E-16
8816.24820114786  3.466628E-16
8819.05878384513  3.271870E-16
8821.8693665424  2.915585E-16
8824.67994923967  2.499632E-16
8827.49053193694  2.802627E-16
8830.30111463421  2.100431E-16
8833.11169733148  2.875737E-16
8835.92228002875  3.162782E-16
8838.73286272602  3.194617E-16
8841.54344542329  3.191567E-16
8844.35402812056  2.909978E-16
8847.16461081783  2.941170E-16
8849.9751935151  3.227172E-16
8852.78577621237  3.152236E-16
8855.59635890964  3.324642E-16
8858.40694160691  3.299953E-16
8861.21752430418  3.131584E-16
8864.02810700145  3.154321E-16
8866.83868969871  3.110565E-16
8869.64927239599  3.148609E-16
8872.45985509325  3.111286E-16
8875.27043779052  3.252207E-16
8878.08102048779  3.260869E-16
8880.89160318506  2.893961E-16
8883.70218588233  2.460185E-16
8886.5127685796  1.933490E-16
8889.32335127687  2.979691E-16
8892.13393397414  3.611885E-16
8894.94451667141  3.161941E-16
8897.75509936868  2.956652E-16
8900.56568206595  3.041931E-16
8903.37626476322  3.348634E-16
8906.18684746049  3.173348E-16
8908.99743015776  3.143627E-16
8911.80801285503  2.971769E-16
8914.6185955523  2.439568E-16
8917.42917824957  2.521322E-16
8920.23976094684  2.649831E-16
8923.05034364411  3.334501E-16
8925.86092634138  2.812659E-16
8928.67150903865  3.073449E-16
8931.48209173592  3.168191E-16
8934.29267443318  3.045010E-16
8937.10325713045  2.840337E-16
8939.91383982772  2.706426E-16
8942.72442252499  2.385935E-16
8945.53500522227  2.405378E-16
8948.34558791953  2.699281E-16
8951.1561706168  2.752501E-16
8953.96675331407  2.329964E-16
8956.77733601134  2.273817E-16
8959.58791870861  2.691855E-16
8962.39850140588  2.903529E-16
8965.20908410315  2.886334E-16
8968.01966680042  2.890100E-16
8970.83024949769  2.988474E-16
8973.64083219496  3.245388E-16
8976.45141489223  3.143656E-16
8979.2619975895  3.080824E-16
8982.07258028677  3.069695E-16
8984.88316298404  2.772826E-16
8987.69374568131  2.570920E-16
8990.50432837858  3.020911E-16
8993.31491107585  2.901255E-16
8996.12549377312  2.852206E-16
8998.93607647038  2.916359E-16
9001.74665916766  2.690327E-16
9004.55724186493  2.689015E-16
9007.3678245622  3.235869E-16
9010.17840725946  3.551611E-16
9012.98898995674  3.462628E-16
9015.799572654  3.365069E-16
9018.61015535127  3.251317E-16
9021.42073804854  3.186894E-16
9024.23132074581  3.251939E-16
9027.04190344308  3.303476E-16
9029.85248614035  3.544560E-16
9032.66306883762  3.168816E-16
9035.47365153489  3.239738E-16
9038.28423423216  3.243870E-16
9041.09481692943  3.014363E-16
9043.9053996267  3.056116E-16
9046.71598232397  3.197660E-16
9049.52656502124  3.358720E-16
9052.33714771851  3.333782E-16
9055.14773041578  3.062468E-16
9057.95831311305  3.065639E-16
9060.76889581032  3.127122E-16
9063.57947850759  3.200845E-16
9066.39006120486  3.067845E-16
9069.20064390213  2.729852E-16
9072.0112265994  2.917762E-16
9074.82180929667  2.918265E-16
9077.63239199394  2.745782E-16
9080.44297469121  2.969158E-16
9083.25355738847  2.880353E-16
9086.06414008574  2.982820E-16
9088.87472278301  2.796102E-16
9091.68530548028  3.089381E-16
9094.49588817755  3.039797E-16
9097.30647087482  2.707084E-16
9100.11705357209  2.845395E-16
9102.92763626936  3.048509E-16
9105.73821896663  2.720032E-16
9108.5488016639  2.941913E-16
9111.35938436117  3.219045E-16
9114.16996705844  3.063492E-16
9116.98054975571  3.065079E-16
9119.79113245298  3.156488E-16
9122.60171515025  3.202145E-16
9125.41229784752  3.040152E-16
9128.22288054479  2.811978E-16
9131.03346324206  2.765582E-16
9133.84404593933  2.971935E-16
9136.6546286366  2.766685E-16
9139.46521133387  2.457549E-16
9142.27579403114  2.845637E-16
9145.08637672841  2.532792E-16
9147.89695942567  2.616947E-16
9150.70754212295  3.047804E-16
9153.51812482021  2.635756E-16
9156.32870751749  2.504423E-16
9159.13929021475  2.773358E-16
9161.94987291202  2.935748E-16
9164.76045560929  2.990479E-16
9167.57103830656  2.654429E-16
9170.38162100383  2.716497E-16
9173.1922037011  2.407175E-16
9176.00278639837  2.920822E-16
9178.81336909564  2.889363E-16
9181.62395179291  2.993628E-16
9184.43453449018  2.873553E-16
9187.24511718745  2.785447E-16
