3518.6513671875  2.059957E-14
3521.45603825845  2.060108E-14
3524.26070932939  2.013620E-14
3527.06538040033  1.976418E-14
3529.87005147127  2.044351E-14
3532.67472254222  2.132350E-14
3535.47939361316  2.171350E-14
3538.2840646841  2.149474E-14
3541.08873575504  2.056563E-14
3543.89340682599  2.058408E-14
3546.69807789693  2.111580E-14
3549.50274896787  2.055411E-14
3552.30742003881  2.039229E-14
3555.11209110976  2.071804E-14
3557.9167621807  2.101011E-14
3560.72143325164  2.076702E-14
3563.52610432259  2.044682E-14
3566.33077539353  2.091737E-14
3569.13544646447  2.055373E-14
3571.94011753541  2.056645E-14
3574.74478860636  2.075629E-14
3577.5494596773  2.023373E-14
3580.35413074824  1.986920E-14
3583.15880181918  1.955997E-14
3585.96347289013  1.980875E-14
3588.76814396107  1.935917E-14
3591.57281503201  1.903228E-14
3594.37748610295  1.912470E-14
3597.1821571739  1.874163E-14
3599.98682824484  1.863138E-14
3602.79149931578  1.919818E-14
3605.59617038672  1.957843E-14
3608.40084145767  1.870906E-14
3611.20551252861  1.831381E-14
3614.01018359955  1.871768E-14
3616.81485467049  1.891638E-14
3619.61952574144  1.865630E-14
3622.42419681238  1.861692E-14
3625.22886788332  1.826434E-14
3628.03353895427  1.841128E-14
3630.83821002521  1.868293E-14
3633.64288109615  1.839342E-14
3636.44755216709  1.807612E-14
3639.25222323804  1.817435E-14
3642.05689430898  1.804523E-14
3644.86156537992  1.820784E-14
3647.66623645086  1.799597E-14
3650.47090752181  1.761749E-14
3653.27557859275  1.775480E-14
3656.08024966369  1.793509E-14
3658.88492073463  1.708049E-14
3661.68959180558  1.727886E-14
3664.49426287652  1.696174E-14
3667.29893394746  1.673343E-14
3670.1036050184  1.691913E-14
3672.90827608935  1.681864E-14
3675.71294716029  1.637831E-14
3678.51761823123  1.625041E-14
3681.32228930217  1.632442E-14
3684.12696037312  1.642529E-14
3686.93163144406  1.616498E-14
3689.736302515  1.643099E-14
3692.54097358594  1.609862E-14
3695.34564465689  1.587011E-14
3698.15031572783  1.609463E-14
3700.95498679877  1.609590E-14
3703.75965786972  1.601162E-14
3706.56432894066  1.616427E-14
3709.3690000116  1.610766E-14
3712.17367108254  1.615057E-14
3714.97834215349  1.623282E-14
3717.78301322443  1.619916E-14
3720.58768429537  1.568821E-14
3723.39235536631  1.573887E-14
3726.19702643726  1.582999E-14
3729.0016975082  1.588795E-14
3731.80636857914  1.601953E-14
3734.61103965008  1.561730E-14
3737.41571072103  1.509034E-14
3740.22038179197  1.552404E-14
3743.02505286291  1.517142E-14
3745.82972393385  1.516542E-14
3748.6343950048  1.516300E-14
3751.43906607574  1.536183E-14
3754.24373714668  1.567268E-14
3757.04840821763  1.546167E-14
3759.85307928857  1.516991E-14
3762.65775035951  1.509024E-14
3765.46242143045  1.503355E-14
3768.2670925014  1.499833E-14
3771.07176357234  1.488077E-14
3773.87643464328  1.480199E-14
3776.68110571422  1.446752E-14
3779.48577678517  1.450464E-14
3782.29044785611  1.483395E-14
3785.09511892705  1.457071E-14
3787.89978999799  1.461085E-14
3790.70446106894  1.452139E-14
3793.50913213988  1.458229E-14
3796.31380321082  1.468872E-14
3799.11847428176  1.508071E-14
3801.92314535271  1.511397E-14
3804.72781642365  1.508731E-14
3807.53248749459  1.522053E-14
3810.33715856553  1.505342E-14
3813.14182963648  1.500002E-14
3815.94650070742  1.506009E-14
3818.75117177836  1.469760E-14
3821.55584284931  1.468277E-14
3824.36051392025  1.462829E-14
3827.16518499119  1.416320E-14
3829.96985606213  1.436256E-14
3832.77452713308  1.458108E-14
3835.57919820402  1.463505E-14
3838.38386927496  1.483648E-14
3841.1885403459  1.486018E-14
3843.99321141685  1.492127E-14
3846.79788248779  1.483158E-14
3849.60255355873  1.459378E-14
3852.40722462967  1.468455E-14
3855.21189570062  1.427849E-14
3858.01656677156  1.401021E-14
3860.8212378425  1.411047E-14
3863.62590891344  1.438682E-14
3866.43057998439  1.394169E-14
3869.23525105533  1.386261E-14
3872.03992212627  1.383257E-14
3874.84459319721  1.380755E-14
3877.64926426816  1.382772E-14
3880.4539353391  1.374576E-14
3883.25860641004  1.376580E-14
3886.06327748098  1.398282E-14
3888.86794855193  1.419065E-14
3891.67261962287  1.418489E-14
3894.47729069381  1.414170E-14
3897.28196176476  1.415594E-14
3900.0866328357  1.398614E-14
3902.89130390664  1.408053E-14
3905.69597497758  1.392246E-14
3908.50064604853  1.380292E-14
3911.30531711947  1.362348E-14
3914.10998819041  1.348932E-14
3916.91465926135  1.351069E-14
3919.7193303323  1.336389E-14
3922.52400140324  1.333925E-14
3925.32867247418  1.342007E-14
3928.13334354512  1.349374E-14
3930.93801461607  1.350606E-14
3933.74268568701  1.359198E-14
3936.54735675795  1.354935E-14
3939.35202782889  1.354941E-14
3942.15669889984  1.331304E-14
3944.96136997078  1.339662E-14
3947.76604104172  1.351804E-14
3950.57071211266  1.305755E-14
3953.37538318361  1.289594E-14
3956.18005425455  1.288642E-14
3958.98472532549  1.294831E-14
3961.78939639643  1.326864E-14
3964.59406746738  1.323321E-14
3967.39873853832  1.327052E-14
3970.20340960926  1.323567E-14
3973.0080806802  1.293673E-14
3975.81275175115  1.303567E-14
3978.61742282209  1.329773E-14
3981.42209389303  1.322733E-14
3984.22676496398  1.285732E-14
3987.03143603492  1.263582E-14
3989.83610710586  1.220681E-14
3992.6407781768  1.213834E-14
3995.44544924775  1.206541E-14
3998.25012031869  1.203961E-14
4001.05479138963  1.189204E-14
4003.85946246057  1.198509E-14
4006.66413353152  1.220151E-14
4009.46880460246  1.200252E-14
4012.2734756734  1.176787E-14
4015.07814674434  1.188659E-14
4017.88281781529  1.192948E-14
4020.68748888623  1.195403E-14
4023.49215995717  1.222551E-14
4026.29683102811  1.226317E-14
4029.10150209906  1.219960E-14
4031.90617317  1.210838E-14
4034.71084424094  1.218646E-14
4037.51551531189  1.204979E-14
4040.32018638283  1.196376E-14
4043.12485745377  1.194760E-14
4045.92952852471  1.173038E-14
4048.73419959565  1.169031E-14
4051.5388706666  1.167772E-14
4054.34354173754  1.153744E-14
4057.14821280848  1.165708E-14
4059.95288387943  1.173702E-14
4062.75755495037  1.129416E-14
4065.56222602131  1.133654E-14
4068.36689709225  1.158197E-14
4071.1715681632  1.144950E-14
4073.97623923414  1.123803E-14
4076.78091030508  1.131920E-14
4079.58558137602  1.120862E-14
4082.39025244697  1.108887E-14
4085.19492351791  1.109859E-14
4087.99959458885  1.116878E-14
4090.80426565979  1.120824E-14
4093.60893673074  1.138057E-14
4096.41360780168  1.144901E-14
4099.21827887262  1.128144E-14
4102.02294994357  1.136263E-14
4104.82762101451  1.155444E-14
4107.63229208545  1.147755E-14
4110.43696315639  1.150541E-14
4113.24163422733  1.145160E-14
4116.04630529828  1.118772E-14
4118.85097636922  1.096096E-14
4121.65564744016  1.088677E-14
4124.46031851111  1.094342E-14
4127.26498958205  1.070194E-14
4130.06966065299  1.053959E-14
4132.87433172394  1.060453E-14
4135.67900279488  1.055477E-14
4138.48367386582  1.047694E-14
4141.28834493676  1.046982E-14
4144.0930160077  1.057951E-14
4146.89768707865  1.056644E-14
4149.70235814959  1.071854E-14
4152.50702922053  1.062117E-14
4155.31170029148  1.062525E-14
4158.11637136242  1.076294E-14
4160.92104243336  1.070014E-14
4163.7257135043  1.064692E-14
4166.53038457525  1.049500E-14
4169.33505564619  1.057404E-14
4172.13972671713  1.064412E-14
4174.94439778807  1.039040E-14
4177.74906885901  1.039886E-14
4180.55373992996  1.044622E-14
4183.3584110009  1.060849E-14
4186.16308207184  1.048094E-14
4188.96775314279  1.020207E-14
4191.77242421373  1.022184E-14
4194.57709528467  1.017322E-14
4197.38176635561  1.026513E-14
4200.18643742656  1.030456E-14
4202.9911084975  1.013962E-14
4205.79577956844  1.020259E-14
4208.60045063938  1.009812E-14
4211.40512171033  1.006378E-14
4214.20979278127  1.015718E-14
4217.01446385221  9.935035E-15
4219.81913492315  9.806526E-15
4222.6238059941  9.916439E-15
4225.42847706504  9.861360E-15
4228.23314813598  9.796179E-15
4231.03781920693  9.807224E-15
4233.84249027787  9.841254E-15
4236.64716134881  9.891428E-15
4239.45183241975  9.743961E-15
4242.2565034907  9.599745E-15
4245.06117456164  9.746801E-15
4247.86584563258  9.768565E-15
4250.67051670352  9.702018E-15
4253.47518777447  9.751994E-15
4256.27985884541  9.609519E-15
4259.08452991635  9.641308E-15
4261.88920098729  9.599285E-15
4264.69387205824  9.542358E-15
4267.49854312918  9.682590E-15
4270.30321420012  9.653402E-15
4273.10788527106  9.513939E-15
4275.91255634201  9.576477E-15
4278.71722741295  9.497622E-15
4281.52189848389  9.444429E-15
4284.32656955483  9.417788E-15
4287.13124062578  9.536307E-15
4289.93591169672  9.430150E-15
4292.74058276766  9.365825E-15
4295.54525383861  9.332420E-15
4298.34992490955  9.261184E-15
4301.15459598049  9.181299E-15
4303.95926705143  9.236846E-15
4306.76393812237  9.112317E-15
4309.56860919332  9.052306E-15
4312.37328026426  9.020300E-15
4315.1779513352  8.967898E-15
4317.98262240615  8.855066E-15
4320.78729347709  8.889769E-15
4323.59196454803  9.087536E-15
4326.39663561897  9.123882E-15
4329.20130668992  9.215590E-15
4332.00597776086  9.352015E-15
4334.8106488318  9.469276E-15
4337.61531990274  9.533559E-15
4340.41999097369  9.585312E-15
4343.22466204463  9.572784E-15
4346.02933311557  9.685346E-15
4348.83400418651  9.627912E-15
4351.63867525746  9.511466E-15
4354.4433463284  9.253709E-15
4357.24801739934  9.027477E-15
4360.05268847029  8.869295E-15
4362.85735954123  8.647087E-15
4365.66203061217  8.537342E-15
4368.46670168311  8.574632E-15
4371.27137275406  8.538615E-15
4374.076043825  8.599650E-15
4376.88071489594  8.720776E-15
4379.68538596688  8.660471E-15
4382.49005703783  8.636615E-15
4385.29472810877  8.582580E-15
4388.09939917971  8.674807E-15
4390.90407025065  8.752218E-15
4393.7087413216  8.637098E-15
4396.51341239254  8.586082E-15
4399.31808346348  8.639530E-15
4402.12275453442  8.513880E-15
4404.92742560537  8.445159E-15
4407.73209667631  8.585091E-15
4410.53676774725  8.553802E-15
4413.3414388182  8.378235E-15
4416.14610988914  8.429123E-15
4418.95078096008  8.493204E-15
4421.75545203102  8.489385E-15
4424.56012310196  8.502284E-15
4427.36479417291  8.434468E-15
4430.16946524385  8.428803E-15
4432.97413631479  8.405923E-15
4435.77880738574  8.270820E-15
4438.58347845668  8.375046E-15
4441.38814952762  8.417768E-15
4444.19282059856  8.241446E-15
4446.99749166951  8.103138E-15
4449.80216274045  8.107111E-15
4452.60683381139  8.096985E-15
4455.41150488233  8.148428E-15
4458.21617595328  8.209642E-15
4461.02084702422  8.260711E-15
4463.82551809516  8.322598E-15
4466.6301891661  8.246847E-15
4469.43486023705  8.231704E-15
4472.23953130799  8.252603E-15
4475.04420237893  8.281368E-15
4477.84887344987  8.178140E-15
4480.65354452082  8.167541E-15
4483.45821559176  8.377035E-15
4486.2628866627  8.226195E-15
4489.06755773364  8.089298E-15
4491.87222880459  8.108607E-15
4494.67689987553  8.066759E-15
4497.48157094647  7.983699E-15
4500.28624201742  7.958928E-15
4503.09091308836  8.021982E-15
4505.8955841593  8.057583E-15
4508.70025523024  7.865620E-15
4511.50492630118  7.917578E-15
4514.30959737213  7.936864E-15
4517.11426844307  7.998838E-15
4519.91893951401  8.057015E-15
4522.72361058496  7.944309E-15
4525.5282816559  7.898548E-15
4528.33295272684  7.930075E-15
4531.13762379778  7.974877E-15
4533.94229486873  7.945451E-15
4536.74696593967  7.919064E-15
4539.55163701061  7.922288E-15
4542.35630808155  7.810380E-15
4545.1609791525  7.794897E-15
4547.96565022344  7.847349E-15
4550.77032129438  7.785347E-15
4553.57499236533  7.823394E-15
4556.37966343627  7.811036E-15
4559.18433450721  7.760790E-15
4561.98900557815  7.675787E-15
4564.7936766491  7.658381E-15
4567.59834772004  7.710302E-15
4570.40301879098  7.633934E-15
4573.20768986192  7.709373E-15
4576.01236093287  7.713784E-15
4578.81703200381  7.567242E-15
4581.62170307475  7.572811E-15
4584.42637414569  7.687153E-15
4587.23104521664  7.779275E-15
4590.03571628758  7.562844E-15
4592.84038735852  7.403203E-15
4595.64505842946  7.444314E-15
4598.44972950041  7.695673E-15
4601.25440057135  7.480125E-15
4604.05907164229  7.539819E-15
4606.86374271323  7.563936E-15
4609.66841378418  7.417595E-15
4612.47308485512  7.341130E-15
4615.27775592606  7.384879E-15
4618.082426997  7.472567E-15
4620.88709806795  7.441611E-15
4623.69176913889  7.443893E-15
4626.49644020983  7.503707E-15
4629.30111128078  7.488401E-15
4632.10578235172  7.420761E-15
4634.91045342266  7.306217E-15
4637.7151244936  7.275907E-15
4640.51979556454  7.303731E-15
4643.32446663549  7.402423E-15
4646.12913770643  7.348048E-15
4648.93380877737  7.282418E-15
4651.73847984831  7.237918E-15
4654.54315091926  7.282382E-15
4657.3478219902  7.305403E-15
4660.15249306114  7.237366E-15
4662.95716413209  7.200732E-15
4665.76183520303  7.276837E-15
4668.56650627397  7.288272E-15
4671.37117734491  7.174372E-15
4674.17584841586  7.232412E-15
4676.9805194868  7.214579E-15
4679.78519055774  7.181970E-15
4682.58986162868  7.221604E-15
4685.39453269963  7.274319E-15
4688.19920377057  7.183235E-15
4691.00387484151  7.159976E-15
4693.80854591246  7.143834E-15
4696.6132169834  7.129369E-15
4699.41788805434  7.004500E-15
4702.22255912528  7.102396E-15
4705.02723019622  7.171651E-15
4707.83190126717  7.075507E-15
4710.63657233811  7.024670E-15
4713.44124340905  7.055284E-15
4716.24591448  7.020099E-15
4719.05058555094  6.949581E-15
4721.85525662188  6.834516E-15
4724.65992769282  6.846903E-15
4727.46459876377  6.792840E-15
4730.26926983471  6.713819E-15
4733.07394090565  6.725237E-15
4735.87861197659  6.775378E-15
4738.68328304754  6.749812E-15
4741.48795411848  6.672511E-15
4744.29262518942  6.679932E-15
4747.09729626036  6.582034E-15
4749.90196733131  6.639908E-15
4752.70663840225  6.651622E-15
4755.51130947319  6.609606E-15
4758.31598054413  6.638366E-15
4761.12065161508  6.531412E-15
4763.92532268602  6.485867E-15
4766.72999375696  6.508154E-15
4769.5346648279  6.492284E-15
4772.33933589885  6.451315E-15
4775.14400696979  6.405174E-15
4777.94867804073  6.444305E-15
4780.75334911168  6.418554E-15
4783.55802018262  6.453086E-15
4786.36269125356  6.419628E-15
4789.1673623245  6.324334E-15
4791.97203339545  6.349019E-15
4794.77670446639  6.309309E-15
4797.58137553733  6.224043E-15
4800.38604660827  6.272522E-15
4803.19071767922  6.307244E-15
4805.99538875016  6.171921E-15
4808.8000598211  6.293595E-15
4811.60473089204  6.289388E-15
4814.40940196299  6.313444E-15
4817.21407303393  6.190483E-15
4820.01874410487  6.178158E-15
4822.82341517581  6.116517E-15
4825.62808624676  6.039619E-15
4828.4327573177  6.093421E-15
4831.23742838864  6.044352E-15
4834.04209945959  5.951400E-15
4836.84677053053  6.037894E-15
4839.65144160147  6.231216E-15
4842.45611267241  6.337958E-15
4845.26078374335  6.460961E-15
4848.0654548143  6.701924E-15
4850.87012588524  6.889902E-15
4853.67479695618  7.039817E-15
4856.47946802713  7.077463E-15
4859.28413909807  7.082341E-15
4862.08881016901  7.141808E-15
4864.89348123995  7.127781E-15
4867.6981523109  6.991554E-15
4870.50282338184  6.834002E-15
4873.30749445278  6.728359E-15
4876.11216552372  6.528951E-15
4878.91683659467  6.258081E-15
4881.72150766561  6.100678E-15
4884.52617873655  5.956519E-15
4887.3308498075  5.860785E-15
4890.13552087844  5.829909E-15
4892.94019194938  5.769260E-15
4895.74486302032  5.727922E-15
4898.54953409126  5.768563E-15
4901.35420516221  5.832430E-15
4904.15887623315  5.820414E-15
4906.96354730409  5.909324E-15
4909.76821837504  5.926468E-15
4912.57288944598  5.842209E-15
4915.37756051692  5.798625E-15
4918.18223158786  5.826188E-15
4920.98690265881  5.829570E-15
4923.79157372975  5.842953E-15
4926.59624480069  5.884083E-15
4929.40091587163  5.878489E-15
4932.20558694258  5.792679E-15
4935.01025801352  5.779948E-15
4937.81492908446  5.888469E-15
4940.6196001554  5.815348E-15
4943.42427122635  5.667800E-15
4946.22894229729  5.720357E-15
4949.03361336823  5.781099E-15
4951.83828443918  5.717981E-15
4954.64295551012  5.652184E-15
4957.44762658106  5.708710E-15
4960.252297652  5.707637E-15
4963.05696872294  5.634241E-15
4965.86163979389  5.639279E-15
4968.66631086483  5.636744E-15
4971.47098193577  5.576144E-15
4974.27565300672  5.511109E-15
4977.08032407766  5.667879E-15
4979.8849951486  5.703733E-15
4982.68966621954  5.633405E-15
4985.49433729048  5.548348E-15
4988.29900836143  5.503180E-15
4991.10367943237  5.638534E-15
4993.90835050331  5.682937E-15
4996.71302157426  5.651082E-15
4999.5176926452  5.667369E-15
5002.32236371614  5.696139E-15
5005.12703478708  5.663677E-15
5007.93170585803  5.612592E-15
5010.73637692897  5.611434E-15
5013.54104799991  5.572859E-15
5016.34571907085  5.586003E-15
5019.1503901418  5.649624E-15
5021.95506121274  5.614267E-15
5024.75973228368  5.588359E-15
5027.56440335463  5.590063E-15
5030.36907442557  5.520481E-15
5033.17374549651  5.522056E-15
5035.97841656745  5.493791E-15
5038.7830876384  5.374114E-15
5041.58775870934  5.359878E-15
5044.39242978028  5.430729E-15
5047.19710085122  5.433074E-15
5050.00177192217  5.421277E-15
5052.80644299311  5.465453E-15
5055.61111406405  5.494010E-15
5058.41578513499  5.361956E-15
5061.22045620594  5.311717E-15
5064.02512727688  5.367813E-15
5066.82979834782  5.402537E-15
5069.63446941877  5.393051E-15
5072.43914048971  5.384441E-15
5075.24381156065  5.371385E-15
5078.04848263159  5.316374E-15
5080.85315370253  5.323725E-15
5083.65782477348  5.353478E-15
5086.46249584442  5.349808E-15
5089.26716691536  5.338123E-15
5092.07183798631  5.338213E-15
5094.87650905725  5.280034E-15
5097.68118012819  5.268151E-15
5100.48585119913  5.272874E-15
5103.29052227007  5.322906E-15
5106.09519334102  5.361412E-15
5108.89986441196  5.296346E-15
5111.7045354829  5.260910E-15
5114.50920655385  5.223611E-15
5117.31387762479  5.292525E-15
5120.11854869573  5.297876E-15
5122.92321976667  5.218481E-15
5125.72789083762  5.230739E-15
5128.53256190856  5.268776E-15
5131.3372329795  5.257716E-15
5134.14190405044  5.240845E-15
5136.94657512139  5.222613E-15
5139.75124619233  5.216837E-15
5142.55591726327  5.218534E-15
5145.36058833421  5.271807E-15
5148.16525940516  5.230348E-15
5150.9699304761  5.189386E-15
5153.77460154704  5.217031E-15
5156.57927261799  5.148470E-15
5159.38394368893  5.159157E-15
5162.18861475987  5.179841E-15
5164.99328583081  5.127887E-15
5167.79795690176  5.093371E-15
5170.6026279727  5.108786E-15
5173.40729904364  5.151142E-15
5176.21197011458  5.169352E-15
5179.01664118553  5.158937E-15
5181.82131225647  5.075416E-15
5184.62598332741  5.096770E-15
5187.43065439835  5.191515E-15
5190.2353254693  5.023494E-15
5193.03999654024  5.004942E-15
5195.84466761118  5.099014E-15
5198.64933868212  5.040571E-15
5201.45400975307  5.075398E-15
5204.25868082401  5.061681E-15
5207.06335189495  5.026908E-15
5209.86802296589  5.041078E-15
5212.67269403684  4.957207E-15
5215.47736510778  4.929452E-15
5218.28203617872  5.008288E-15
5221.08670724966  5.027497E-15
5223.89137832061  4.982715E-15
5226.69604939155  4.929561E-15
5229.50072046249  4.932572E-15
5232.30539153343  4.939442E-15
5235.11006260438  4.873159E-15
5237.91473367532  4.859804E-15
5240.71940474626  4.920071E-15
5243.52407581721  4.861819E-15
5246.32874688815  4.789592E-15
5249.13341795909  4.807659E-15
5251.93808903003  4.764339E-15
5254.74276010097  4.714355E-15
5257.54743117192  4.769391E-15
5260.35210224286  4.774621E-15
5263.1567733138  4.814019E-15
5265.96144438475  4.794414E-15
5268.76611545569  4.746558E-15
5271.57078652663  4.756706E-15
5274.37545759757  4.759675E-15
5277.18012866852  4.802733E-15
5279.98479973946  4.808479E-15
5282.7894708104  4.743855E-15
5285.59414188134  4.753689E-15
5288.39881295229  4.783812E-15
5291.20348402323  4.748833E-15
5294.00815509417  4.734920E-15
5296.81282616511  4.750201E-15
5299.61749723606  4.740010E-15
5302.422168307  4.733497E-15
5305.22683937794  4.735127E-15
5308.03151044889  4.693974E-15
5310.83618151983  4.670903E-15
5313.64085259077  4.656232E-15
5316.44552366171  4.649153E-15
5319.25019473266  4.651091E-15
5322.0548658036  4.630421E-15
5324.85953687454  4.621854E-15
5327.66420794548  4.600376E-15
5330.46887901643  4.647087E-15
5333.27355008737  4.604567E-15
5336.07822115831  4.536848E-15
5338.88289222926  4.512719E-15
5341.6875633002  4.534627E-15
5344.49223437114  4.554567E-15
5347.29690544208  4.539124E-15
5350.10157651302  4.495291E-15
5352.90624758397  4.492396E-15
5355.71091865491  4.465279E-15
5358.51558972585  4.481176E-15
5361.3202607968  4.481717E-15
5364.12493186774  4.448607E-15
5366.92960293868  4.498175E-15
5369.73427400962  4.460035E-15
5372.53894508057  4.520417E-15
5375.34361615151  4.524741E-15
5378.14828722245  4.471622E-15
5380.95295829339  4.431213E-15
5383.75762936434  4.433070E-15
5386.56230043528  4.492960E-15
5389.36697150622  4.452943E-15
5392.17164257716  4.438415E-15
5394.97631364811  4.416764E-15
5397.78098471905  4.366746E-15
5400.58565578999  4.395978E-15
5403.39032686094  4.380214E-15
5406.19499793188  4.391824E-15
5408.99966900282  4.423037E-15
5411.80434007376  4.387143E-15
5414.6090111447  4.344507E-15
5417.41368221565  4.292431E-15
5420.21835328659  4.335641E-15
5423.02302435753  4.356399E-15
5425.82769542847  4.368949E-15
5428.63236649942  4.365665E-15
5431.43703757036  4.319718E-15
5434.2417086413  4.264902E-15
5437.04637971225  4.280354E-15
5439.85105078319  4.288388E-15
5442.65572185413  4.277120E-15
5445.46039292507  4.269344E-15
5448.26506399602  4.269663E-15
5451.06973506696  4.272313E-15
5453.8744061379  4.234859E-15
5456.67907720884  4.254326E-15
5459.48374827979  4.238049E-15
5462.28841935073  4.224867E-15
5465.09309042167  4.242617E-15
5467.89776149261  4.229368E-15
5470.70243256356  4.237059E-15
5473.5071036345  4.231073E-15
5476.31177470544  4.250012E-15
5479.11644577638  4.214824E-15
5481.92111684733  4.156512E-15
5484.72578791827  4.191088E-15
5487.53045898921  4.220805E-15
5490.33513006015  4.172443E-15
5493.1398011311  4.183683E-15
5495.94447220204  4.210902E-15
5498.74914327298  4.130406E-15
5501.55381434393  4.077328E-15
5504.35848541487  4.049848E-15
5507.16315648581  4.140234E-15
5509.96782755675  4.216425E-15
5512.7724986277  4.113219E-15
5515.57716969864  4.067459E-15
5518.38184076958  4.053499E-15
5521.18651184052  4.109861E-15
5523.99118291147  4.104200E-15
5526.79585398241  4.084108E-15
5529.60052505335  4.120379E-15
5532.40519612429  4.049304E-15
5535.20986719524  3.984072E-15
5538.01453826618  4.044134E-15
5540.81920933712  4.035666E-15
5543.62388040807  4.075986E-15
5546.42855147901  4.088991E-15
5549.23322254995  4.054180E-15
5552.03789362089  4.019089E-15
5554.84256469183  4.033150E-15
5557.64723576278  4.036432E-15
5560.45190683372  3.930490E-15
5563.25657790466  3.960530E-15
5566.06124897561  4.022245E-15
5568.86592004655  4.011285E-15
5571.67059111749  4.044293E-15
5574.47526218843  4.102133E-15
5577.27993325937  4.091654E-15
5580.08460433032  4.011886E-15
5582.88927540126  3.923326E-15
5585.6939464722  3.965647E-15
5588.49861754315  3.910232E-15
5591.30328861409  3.846719E-15
5594.10795968503  3.964315E-15
5596.91263075597  3.987213E-15
5599.71730182692  3.962001E-15
5602.52197289786  3.902725E-15
5605.3266439688  3.830131E-15
5608.13131503974  3.878769E-15
5610.93598611069  3.898278E-15
5613.74065718163  3.837037E-15
5616.54532825257  3.841320E-15
5619.34999932352  3.874054E-15
5622.15467039446  3.834244E-15
5624.9593414654  3.840087E-15
5627.76401253634  3.835277E-15
5630.56868360729  3.818235E-15
5633.37335467823  3.828388E-15
5636.17802574917  3.799588E-15
5638.98269682011  3.793537E-15
5641.78736789105  3.770926E-15
5644.592038962  3.763095E-15
5647.39671003294  3.796773E-15
5650.20138110388  3.869908E-15
5653.00605217483  3.842085E-15
5655.81072324577  3.718081E-15
5658.61539431671  3.739639E-15
5661.42006538766  3.789781E-15
5664.2247364586  3.789469E-15
5667.02940752954  3.769685E-15
5669.83407860048  3.755229E-15
5672.63874967142  3.765775E-15
5675.44342074237  3.691216E-15
5678.24809181331  3.648334E-15
5681.05276288425  3.678986E-15
5683.85743395519  3.667566E-15
5686.66210502614  3.644271E-15
5689.46677609708  3.636718E-15
5692.27144716802  3.618123E-15
5695.07611823896  3.644978E-15
5697.88078930991  3.706135E-15
5700.68546038085  3.645789E-15
5703.49013145179  3.615777E-15
5706.29480252273  3.631094E-15
5709.09947359368  3.606196E-15
5711.90414466462  3.608470E-15
5714.70881573556  3.582656E-15
5717.51348680651  3.548243E-15
5720.31815787745  3.553968E-15
5723.12282894839  3.643559E-15
5725.92750001933  3.640968E-15
5728.73217109028  3.587394E-15
5731.53684216122  3.562151E-15
5734.34151323216  3.584379E-15
5737.1461843031  3.565560E-15
5739.95085537405  3.489861E-15
5742.75552644499  3.525529E-15
5745.56019751593  3.554595E-15
5748.36486858687  3.603079E-15
5751.16953965782  3.635522E-15
5753.97421072876  3.525805E-15
5756.7788817997  3.489379E-15
5759.58355287064  3.536038E-15
5762.38822394159  3.537265E-15
5765.19289501253  3.518505E-15
5767.99756608347  3.480726E-15
5770.80223715442  3.501784E-15
5773.60690822536  3.504969E-15
5776.4115792963  3.488942E-15
5779.21625036724  3.543042E-15
5782.02092143818  3.529557E-15
5784.82559250913  3.523165E-15
5787.63026358007  3.518979E-15
5790.43493465101  3.506567E-15
5793.23960572196  3.524076E-15
5796.0442767929  3.517046E-15
5798.84894786384  3.503238E-15
5801.65361893478  3.539117E-15
5804.45829000573  3.517157E-15
5807.26296107667  3.437931E-15
5810.06763214761  3.452916E-15
5812.87230321855  3.408059E-15
5815.6769742895  3.368026E-15
5818.48164536044  3.446257E-15
5821.28631643138  3.524149E-15
5824.09098750233  3.481867E-15
5826.89565857327  3.422045E-15
5829.70032964421  3.437971E-15
5832.50500071515  3.417696E-15
5835.30967178609  3.419710E-15
5838.11434285704  3.408804E-15
5840.91901392798  3.391939E-15
5843.72368499892  3.393844E-15
5846.52835606986  3.397975E-15
5849.33302714081  3.360521E-15
5852.13769821175  3.360027E-15
5854.94236928269  3.423679E-15
5857.74704035364  3.526415E-15
5860.55171142458  3.606879E-15
5863.35638249552  3.539153E-15
5866.16105356646  3.540642E-15
5868.96572463741  3.567193E-15
5871.77039570835  3.544547E-15
5874.57506677929  3.549443E-15
5877.37973785023  3.491293E-15
5880.18440892118  3.473534E-15
5882.98907999212  3.467740E-15
5885.79375106306  3.398198E-15
5888.598422134  3.334882E-15
5891.40309320495  3.295421E-15
5894.20776427589  3.227891E-15
5897.01243534683  3.149727E-15
5899.81710641778  3.154766E-15
5902.62177748872  3.165641E-15
5905.42644855966  3.117981E-15
5908.2311196306  3.150474E-15
5911.03579070155  3.210413E-15
5913.84046177249  3.202291E-15
5916.64513284343  3.123692E-15
5919.44980391437  3.127172E-15
5922.25447498532  3.173066E-15
5925.05914605626  3.218613E-15
5927.8638171272  3.245684E-15
5930.66848819814  3.187685E-15
5933.47315926909  3.114349E-15
5936.27783034003  3.109028E-15
5939.08250141097  3.135625E-15
5941.88717248191  3.087302E-15
5944.69184355286  3.047227E-15
5947.4965146238  3.083716E-15
5950.30118569474  3.140668E-15
5953.10585676568  3.115670E-15
5955.91052783663  3.119643E-15
5958.71519890757  3.124348E-15
5961.51986997851  3.116752E-15
5964.32454104946  3.091899E-15
5967.1292121204  3.087567E-15
5969.93388319134  3.101427E-15
5972.73855426228  3.081433E-15
5975.54322533322  3.084123E-15
5978.34789640417  3.070173E-15
5981.15256747511  3.065405E-15
5983.95723854605  3.103603E-15
5986.76190961699  3.163738E-15
5989.56658068794  3.138238E-15
5992.37125175888  3.059476E-15
5995.17592282983  3.113551E-15
5997.98059390077  3.092592E-15
6000.78526497171  3.067699E-15
6003.58993604265  3.122632E-15
6006.39460711359  3.079870E-15
6009.19927818454  3.082883E-15
6012.00394925548  3.068229E-15
6014.80862032642  3.057971E-15
6017.61329139736  3.080860E-15
6020.41796246831  3.074626E-15
6023.22263353925  3.021759E-15
6026.02730461019  3.024539E-15
6028.83197568114  3.107690E-15
6031.63664675208  3.048753E-15
6034.44131782302  3.041630E-15
6037.24598889396  3.080514E-15
6040.05065996491  3.056106E-15
6042.85533103585  3.111209E-15
6045.66000210679  3.088994E-15
6048.46467317773  3.011764E-15
6051.26934424868  2.995883E-15
6054.07401531962  3.071073E-15
6056.87868639056  3.078811E-15
6059.6833574615  3.006765E-15
6062.48802853245  3.026179E-15
6065.29269960339  3.030135E-15
6068.09737067433  3.063863E-15
6070.90204174527  3.057974E-15
6073.70671281622  3.024344E-15
6076.51138388716  3.034131E-15
6079.3160549581  3.040761E-15
6082.12072602904  3.015920E-15
6084.92539709999  2.965353E-15
6087.73006817093  2.997457E-15
6090.53473924187  3.040101E-15
6093.33941031281  3.053421E-15
6096.14408138376  3.117757E-15
6098.9487524547  3.111249E-15
6101.75342352564  3.050079E-15
6104.55809459659  3.046361E-15
6107.36276566753  3.075084E-15
6110.16743673847  3.078047E-15
6112.97210780941  3.036966E-15
6115.77677888036  3.044987E-15
6118.5814499513  3.012063E-15
6121.38612102224  2.973087E-15
6124.19079209318  3.017984E-15
6126.99546316413  3.041345E-15
6129.80013423507  3.026468E-15
6132.60480530601  3.017138E-15
6135.40947637695  3.013356E-15
6138.2141474479  3.018994E-15
6141.01881851884  3.045681E-15
6143.82348958978  3.034576E-15
6146.62816066072  3.036198E-15
6149.43283173167  3.005471E-15
6152.23750280261  2.969900E-15
6155.04217387355  2.973093E-15
6157.8468449445  2.958484E-15
6160.65151601544  2.977717E-15
6163.45618708638  3.041146E-15
6166.26085815732  3.062264E-15
6169.06552922826  3.005905E-15
6171.87020029921  3.041380E-15
6174.67487137015  3.075589E-15
6177.47954244109  2.964168E-15
6180.28421351204  2.917031E-15
6183.08888458298  2.983081E-15
6185.89355565392  2.992509E-15
6188.69822672486  2.981266E-15
6191.50289779581  2.989123E-15
6194.30756886675  2.993237E-15
6197.11223993769  2.991491E-15
6199.91691100863  2.955126E-15
6202.72158207958  3.000261E-15
6205.52625315052  2.984862E-15
6208.33092422146  2.954118E-15
6211.1355952924  3.040034E-15
6213.94026636335  3.037973E-15
6216.74493743429  2.995092E-15
6219.54960850523  3.020841E-15
6222.35427957618  3.031758E-15
6225.15895064712  3.013316E-15
6227.96362171806  3.016834E-15
6230.768292789  2.976969E-15
6233.57296385995  2.913587E-15
6236.37763493089  2.950404E-15
6239.18230600183  3.046165E-15
6241.98697707277  3.026336E-15
6244.79164814372  2.957273E-15
6247.59631921466  2.989208E-15
6250.4009902856  3.030856E-15
6253.20566135654  3.005156E-15
6256.01033242748  2.985691E-15
6258.81500349843  2.952299E-15
6261.61967456937  2.907993E-15
6264.42434564031  2.915896E-15
6267.22901671126  2.915479E-15
6270.0336877822  2.850299E-15
6272.83835885314  2.837684E-15
6275.64302992408  2.878798E-15
6278.44770099503  2.827999E-15
6281.25237206597  2.827662E-15
6284.05704313691  2.884873E-15
6286.86171420785  2.886778E-15
6289.6663852788  2.926015E-15
6292.47105634974  3.027225E-15
6295.27572742068  3.027252E-15
6298.08039849162  2.950385E-15
6300.88506956257  2.897754E-15
6303.68974063351  2.810441E-15
6306.49441170445  2.822908E-15
6309.2990827754  2.888369E-15
6312.10375384634  2.919371E-15
6314.90842491728  2.901145E-15
6317.71309598822  2.888064E-15
6320.51776705917  2.974326E-15
6323.32243813011  2.957050E-15
6326.12710920105  2.915628E-15
6328.93178027199  2.911900E-15
6331.73645134294  2.886620E-15
6334.54112241388  2.893588E-15
6337.34579348482  2.887077E-15
6340.15046455576  2.858962E-15
6342.95513562671  2.861776E-15
6345.75980669765  2.900387E-15
6348.56447776859  2.913487E-15
6351.36914883953  2.940167E-15
6354.17381991048  2.969905E-15
6356.97849098142  2.967024E-15
6359.78316205236  2.923878E-15
6362.58783312331  2.898290E-15
6365.39250419425  2.853534E-15
6368.19717526519  2.855000E-15
6371.00184633613  2.943982E-15
6373.80651740707  2.910884E-15
6376.61118847802  2.871121E-15
6379.41585954896  2.938252E-15
6382.2205306199  2.931464E-15
6385.02520169085  2.918425E-15
6387.82987276179  2.891532E-15
6390.63454383273  2.886086E-15
6393.43921490367  2.937996E-15
6396.24388597462  2.890854E-15
6399.04855704556  2.848491E-15
6401.8532281165  2.814175E-15
6404.65789918744  2.855702E-15
6407.46257025839  2.890661E-15
6410.26724132933  2.899129E-15
6413.07191240027  2.919041E-15
6415.87658347121  2.880329E-15
6418.68125454216  2.890485E-15
6421.4859256131  2.880565E-15
6424.29059668404  2.873018E-15
6427.09526775498  2.887393E-15
6429.89993882593  2.852767E-15
6432.70460989687  2.836843E-15
6435.50928096781  2.873317E-15
6438.31395203875  2.905453E-15
6441.1186231097  2.856389E-15
6443.92329418064  2.775845E-15
6446.72796525158  2.804773E-15
6449.53263632253  2.805447E-15
6452.33730739347  2.791463E-15
6455.14197846441  2.849878E-15
6457.94664953535  2.778466E-15
6460.7513206063  2.784960E-15
6463.55599167724  2.812361E-15
6466.36066274818  2.720184E-15
6469.16533381912  2.714783E-15
6471.97000489007  2.745847E-15
6474.77467596101  2.763041E-15
6477.57934703195  2.741567E-15
6480.38401810289  2.737685E-15
6483.18868917384  2.757466E-15
6485.99336024478  2.700736E-15
6488.79803131572  2.692712E-15
6491.60270238667  2.748058E-15
6494.40737345761  2.755791E-15
6497.21204452855  2.737669E-15
6500.01671559949  2.706808E-15
6502.82138667044  2.732854E-15
6505.62605774138  2.723242E-15
6508.43072881232  2.656370E-15
6511.23539988326  2.671838E-15
6514.0400709542  2.640017E-15
6516.84474202515  2.661972E-15
6519.64941309609  2.708579E-15
6522.45408416703  2.709606E-15
6525.25875523798  2.748360E-15
6528.06342630892  2.808304E-15
6530.86809737986  2.843942E-15
6533.6727684508  2.802359E-15
6536.47743952175  2.847943E-15
6539.28211059269  2.972344E-15
6542.08678166363  3.108292E-15
6544.89145273457  3.295327E-15
6547.69612380552  3.524202E-15
6550.50079487646  3.726222E-15
6553.3054659474  3.836961E-15
6556.11013701834  3.904621E-15
6558.91480808929  4.075403E-15
6561.71947916023  4.158043E-15
6564.52415023117  4.097239E-15
6567.32882130212  4.026347E-15
6570.13349237306  3.960260E-15
6572.938163444  3.856990E-15
6575.74283451494  3.656108E-15
6578.54750558588  3.413119E-15
6581.35217665683  3.197296E-15
6584.15684772777  3.073622E-15
6586.96151879872  2.973419E-15
6589.76618986966  2.847213E-15
6592.5708609406  2.746611E-15
6595.37553201154  2.717848E-15
6598.18020308248  2.706524E-15
6600.98487415343  2.713531E-15
6603.78954522437  2.669055E-15
6606.59421629531  2.623503E-15
6609.39888736625  2.632169E-15
6612.2035584372  2.631245E-15
6615.00822950814  2.644269E-15
6617.81290057908  2.654558E-15
6620.61757165003  2.625565E-15
6623.42224272097  2.637527E-15
6626.22691379191  2.649397E-15
6629.03158486285  2.603938E-15
6631.83625593379  2.619390E-15
6634.64092700474  2.627878E-15
6637.44559807568  2.601842E-15
6640.25026914662  2.545041E-15
6643.05494021756  2.570608E-15
6645.85961128851  2.615604E-15
6648.66428235945  2.585802E-15
6651.46895343039  2.607398E-15
6654.27362450134  2.639063E-15
6657.07829557228  2.680361E-15
6659.88296664322  2.716985E-15
6662.68763771416  2.729190E-15
6665.49230878511  2.727674E-15
6668.29697985605  2.701515E-15
6671.10165092699  2.755262E-15
6673.90632199793  2.769353E-15
6676.71099306888  2.741274E-15
6679.51566413982  2.745198E-15
6682.32033521076  2.714531E-15
6685.1250062817  2.728491E-15
6687.92967735265  2.736144E-15
6690.73434842359  2.684185E-15
6693.53901949453  2.640003E-15
6696.34369056548  2.641379E-15
6699.14836163642  2.673214E-15
6701.95303270736  2.619274E-15
6704.7577037783  2.574664E-15
6707.56237484924  2.572018E-15
6710.36704592019  2.498173E-15
6713.17171699113  2.515846E-15
6715.97638806207  2.581887E-15
6718.78105913301  2.521599E-15
6721.58573020396  2.446545E-15
6724.3904012749  2.464609E-15
6727.19507234584  2.494618E-15
6729.99974341679  2.525001E-15
6732.80441448773  2.529202E-15
6735.60908555867  2.574688E-15
6738.41375662961  2.492534E-15
6741.21842770056  2.432980E-15
6744.0230987715  2.509380E-15
6746.82776984244  2.513627E-15
6749.63244091338  2.460264E-15
6752.43711198433  2.502454E-15
6755.24178305527  2.510294E-15
6758.04645412621  2.498578E-15
6760.85112519715  2.543323E-15
6763.6557962681  2.495418E-15
6766.46046733904  2.424675E-15
6769.26513840998  2.435076E-15
6772.06980948093  2.491031E-15
6774.87448055187  2.467179E-15
6777.67915162281  2.450896E-15
6780.48382269375  2.453667E-15
6783.2884937647  2.485126E-15
6786.09316483564  2.442341E-15
6788.89783590658  2.435674E-15
6791.70250697752  2.488551E-15
6794.50717804847  2.490999E-15
6797.31184911941  2.465352E-15
6800.11652019035  2.401907E-15
6802.92119126129  2.438092E-15
6805.72586233224  2.451346E-15
6808.53053340318  2.463288E-15
6811.33520447412  2.451647E-15
6814.13987554507  2.442540E-15
6816.94454661601  2.460207E-15
6819.74921768695  2.490745E-15
6822.55388875789  2.465914E-15
6825.35855982883  2.388868E-15
6828.16323089978  2.437836E-15
6830.96790197072  2.449048E-15
6833.77257304166  2.384858E-15
6836.5772441126  2.430331E-15
6839.38191518355  2.442818E-15
6842.18658625449  2.414424E-15
6844.99125732543  2.437597E-15
6847.79592839637  2.452761E-15
6850.60059946732  2.431843E-15
6853.40527053826  2.412212E-15
6856.2099416092  2.461250E-15
6859.01461268015  2.461380E-15
6861.81928375109  2.342870E-15
6864.62395482203  2.124092E-15
6867.42862589297  1.974238E-15
6870.23329696392  1.908218E-15
6873.03796803486  1.976842E-15
6875.8426391058  2.082409E-15
6878.64731017674  2.157474E-15
6881.45198124769  2.189422E-15
6884.25665231863  2.134054E-15
6887.06132338957  2.132051E-15
6889.86599446051  2.160302E-15
6892.67066553146  2.159801E-15
6895.4753366024  2.186109E-15
6898.28000767334  2.237735E-15
6901.08467874429  2.225293E-15
6903.88934981523  2.191641E-15
6906.69402088617  2.196359E-15
6909.49869195711  2.254115E-15
6912.30336302806  2.248279E-15
6915.108034099  2.304912E-15
6917.91270516994  2.296961E-15
6920.71737624088  2.236081E-15
6923.52204731182  2.266563E-15
6926.32671838277  2.211850E-15
6929.13138945371  2.167398E-15
6931.93606052465  2.217196E-15
6934.7407315956  2.200351E-15
6937.54540266654  2.150415E-15
6940.35007373748  2.147534E-15
6943.15474480842  2.161395E-15
6945.95941587937  2.177859E-15
6948.76408695031  2.197996E-15
6951.56875802125  2.207385E-15
6954.37342909219  2.177294E-15
6957.17810016314  2.215324E-15
6959.98277123408  2.288874E-15
6962.78744230502  2.296799E-15
6965.59211337596  2.285659E-15
6968.39678444691  2.263258E-15
6971.20145551785  2.266332E-15
6974.00612658879  2.282037E-15
6976.81079765974  2.302730E-15
6979.61546873068  2.341320E-15
6982.42013980162  2.286091E-15
6985.22481087256  2.233623E-15
6988.02948194351  2.250253E-15
6990.83415301445  2.219895E-15
6993.63882408539  2.221746E-15
6996.44349515633  2.239787E-15
6999.24816622728  2.170712E-15
7002.05283729822  2.170872E-15
7004.85750836916  2.279789E-15
7007.6621794401  2.244065E-15
7010.46685051105  2.215978E-15
7013.27152158199  2.246229E-15
7016.07619265293  2.212882E-15
7018.88086372387  2.220034E-15
7021.68553479482  2.162011E-15
7024.49020586576  2.146205E-15
7027.2948769367  2.249727E-15
7030.09954800764  2.237243E-15
7032.90421907859  2.213860E-15
7035.70889014953  2.194074E-15
7038.51356122047  2.136967E-15
7041.31823229141  2.188572E-15
7044.12290336236  2.276869E-15
7046.9275744333  2.283056E-15
7049.73224550424  2.224646E-15
7052.53691657519  2.204224E-15
7055.34158764613  2.185529E-15
7058.14625871707  2.219166E-15
7060.95092978801  2.278978E-15
7063.75560085895  2.280809E-15
7066.5602719299  2.265121E-15
7069.36494300084  2.244535E-15
7072.16961407178  2.251019E-15
7074.97428514273  2.277983E-15
7077.77895621367  2.306348E-15
7080.58362728461  2.286931E-15
7083.38829835555  2.284292E-15
7086.1929694265  2.237120E-15
7088.99764049744  2.164243E-15
7091.80231156838  2.154209E-15
7094.60698263932  2.084293E-15
7097.41165371027  2.096762E-15
7100.21632478121  2.158081E-15
7103.02099585215  2.160268E-15
7105.82566692309  2.148712E-15
7108.63033799404  2.210769E-15
7111.43500906498  2.220190E-15
7114.23968013592  2.165944E-15
7117.04435120687  2.153579E-15
7119.84902227781  2.151665E-15
7122.65369334875  2.190547E-15
7125.45836441969  2.168428E-15
7128.26303549064  2.132580E-15
7131.06770656158  2.180276E-15
7133.87237763252  2.226242E-15
7136.67704870346  2.195680E-15
7139.48171977441  2.161446E-15
7142.28639084535  2.148110E-15
7145.09106191629  2.171079E-15
7147.89573298723  2.126577E-15
7150.70040405818  2.092416E-15
7153.50507512912  2.143820E-15
7156.30974620006  2.105347E-15
7159.114417271  2.066236E-15
7161.91908834195  2.050759E-15
7164.72375941289  1.967741E-15
7167.52843048383  1.845592E-15
7170.33310155477  1.772934E-15
7173.13777262572  1.816385E-15
7175.94244369666  1.823601E-15
7178.7471147676  1.785636E-15
7181.55178583855  1.725170E-15
7184.35645690949  1.705001E-15
7187.16112798043  1.714480E-15
7189.96579905137  1.750709E-15
7192.77047012232  1.761933E-15
7195.57514119326  1.731310E-15
7198.3798122642  1.716750E-15
7201.18448333514  1.755951E-15
7203.98915440609  1.843674E-15
7206.79382547703  1.945317E-15
7209.59849654797  2.027135E-15
7212.40316761891  2.044050E-15
7215.20783868986  1.996245E-15
7218.0125097608  1.963726E-15
7220.81718083174  1.977865E-15
7223.62185190268  2.000467E-15
7226.42652297363  1.967363E-15
7229.23119404457  1.866281E-15
7232.03586511551  1.769278E-15
7234.84053618645  1.799833E-15
7237.6452072574  1.810878E-15
7240.44987832834  1.811080E-15
7243.25454939928  1.788268E-15
7246.05922047023  1.798622E-15
7248.86389154117  1.846167E-15
7251.66856261211  1.781760E-15
7254.47323368305  1.791764E-15
7257.277904754  1.863882E-15
7260.08257582494  1.825030E-15
7262.88724689588  1.831947E-15
7265.69191796682  1.946506E-15
7268.49658903777  1.944370E-15
7271.30126010871  1.831875E-15
7274.10593117965  1.819747E-15
7276.91060225059  1.901695E-15
7279.71527332154  1.991187E-15
7282.51994439248  1.919062E-15
7285.32461546342  1.835256E-15
7288.12928653436  1.853616E-15
7290.93395760531  1.819617E-15
7293.73862867625  1.823976E-15
7296.54329974719  1.875240E-15
7299.34797081813  1.846346E-15
7302.15264188908  1.825085E-15
7304.95731296002  1.818314E-15
7307.76198403096  1.837898E-15
7310.56665510191  1.861926E-15
7313.37132617285  1.807301E-15
7316.17599724379  1.808248E-15
7318.98066831473  1.857041E-15
7321.78533938568  1.873512E-15
7324.59001045662  1.898636E-15
7327.39468152756  1.930564E-15
7330.1993525985  1.906633E-15
7333.00402366945  1.942489E-15
7335.80869474039  2.024227E-15
7338.61336581133  1.956321E-15
7341.41803688227  1.980048E-15
7344.22270795322  2.067367E-15
7347.02737902416  2.013273E-15
7349.8320500951  1.949197E-15
7352.63672116604  1.940726E-15
7355.44139223699  1.955892E-15
7358.24606330793  1.944718E-15
7361.05073437887  1.935210E-15
7363.85540544981  1.960725E-15
7366.66007652076  2.012439E-15
7369.4647475917  1.970341E-15
7372.26941866264  1.993154E-15
7375.07408973358  2.029601E-15
7377.87876080453  2.028983E-15
7380.68343187547  2.038627E-15
7383.48810294641  2.038794E-15
7386.29277401735  1.993712E-15
7389.0974450883  1.974847E-15
7391.90211615924  2.016281E-15
7394.70678723018  2.062779E-15
7397.51145830113  2.047904E-15
7400.31612937207  2.015485E-15
7403.12080044301  2.046399E-15
7405.92547151395  2.079833E-15
7408.7301425849  2.060010E-15
7411.53481365584  2.079957E-15
7414.33948472678  2.073411E-15
7417.14415579772  2.055769E-15
7419.94882686867  2.114281E-15
7422.75349793961  2.070637E-15
7425.55816901055  2.008375E-15
7428.36284008149  2.018196E-15
7431.16751115244  2.036620E-15
7433.97218222338  2.077307E-15
7436.77685329432  2.101184E-15
7439.58152436526  2.031834E-15
7442.38619543621  2.062631E-15
7445.19086650715  2.079261E-15
7447.99553757809  2.064526E-15
7450.80020864903  2.064478E-15
7453.60487971998  2.017780E-15
7456.40955079092  2.072693E-15
7459.21422186186  2.089453E-15
7462.01889293281  2.071281E-15
7464.82356400375  2.055289E-15
7467.62823507469  2.087661E-15
7470.43290614563  2.011152E-15
7473.23757721658  2.047923E-15
7476.04224828752  2.031721E-15
7478.84691935846  2.017491E-15
7481.6515904294  2.071671E-15
7484.45626150035  2.041392E-15
7487.26093257129  1.967782E-15
7490.06560364223  2.035366E-15
7492.87027471317  2.050521E-15
7495.67494578412  2.021046E-15
7498.47961685506  2.009795E-15
7501.284287926  1.995723E-15
7504.08895899694  2.051293E-15
7506.89363006789  2.043174E-15
7509.69830113883  2.013721E-15
7512.50297220977  1.986908E-15
7515.30764328071  1.980647E-15
7518.11231435166  2.049043E-15
7520.9169854226  2.015044E-15
7523.72165649354  1.926860E-15
7526.52632756449  1.929382E-15
7529.33099863543  1.947081E-15
7532.13566970637  1.986024E-15
7534.94034077731  2.006046E-15
7537.74501184826  2.004859E-15
7540.5496829192  2.028325E-15
7543.35435399014  2.045657E-15
7546.15902506108  2.021549E-15
7548.96369613203  1.995298E-15
7551.76836720297  1.970742E-15
7554.57303827391  1.974529E-15
7557.37770934485  2.008311E-15
7560.1823804158  1.978198E-15
7562.98705148674  1.986635E-15
7565.79172255768  2.046780E-15
7568.59639362862  2.014038E-15
7571.40106469957  1.975899E-15
7574.20573577051  1.936393E-15
7577.01040684145  1.938418E-15
7579.8150779124  1.995566E-15
7582.61974898334  2.005158E-15
7585.42442005428  1.963263E-15
7588.22909112522  1.900687E-15
7591.03376219616  1.723289E-15
7593.83843326711  1.363966E-15
7596.64310433805  1.064321E-15
7599.44777540899  8.669437E-16
7602.25244647994  7.487364E-16
7605.05711755088  7.735057E-16
7607.86178862182  8.987416E-16
7610.66645969276  9.952902E-16
7613.47113076371  1.251378E-15
7616.27580183465  1.402279E-15
7619.08047290559  1.418305E-15
7621.88514397653  1.388542E-15
7624.68981504748  1.265399E-15
7627.49448611842  1.200287E-15
7630.29915718936  1.208661E-15
7633.1038282603  1.281266E-15
7635.90849933125  1.332834E-15
7638.71317040219  1.337879E-15
7641.51784147313  1.416084E-15
7644.32251254408  1.443150E-15
7647.12718361502  1.466687E-15
7649.93185468596  1.569805E-15
7652.7365257569  1.602913E-15
7655.54119682784  1.650277E-15
7658.34586789879  1.651867E-15
7661.15053896973  1.637361E-15
7663.95521004067  1.664178E-15
7666.75988111161  1.702086E-15
7669.56455218256  1.758859E-15
7672.3692232535  1.781339E-15
7675.17389432444  1.846612E-15
7677.97856539539  1.919955E-15
7680.78323646633  1.879864E-15
7683.58790753727  1.870869E-15
7686.39257860821  1.918513E-15
7689.19724967916  1.921416E-15
7692.0019207501  1.937987E-15
7694.80659182104  1.951126E-15
7697.61126289198  1.989244E-15
7700.41593396293  1.880088E-15
7703.22060503387  1.858822E-15
7706.02527610481  1.814070E-15
7708.82994717576  1.834293E-15
7711.6346182467  1.927110E-15
7714.43928931764  2.013079E-15
7717.24396038858  2.063793E-15
7720.04863145952  1.972534E-15
7722.85330253047  1.890989E-15
7725.65797360141  1.888696E-15
7728.46264467235  1.860493E-15
7731.2673157433  1.839204E-15
7734.07198681424  1.907590E-15
7736.87665788518  1.875422E-15
7739.68132895612  1.809474E-15
7742.48600002707  1.821927E-15
7745.29067109801  1.888204E-15
7748.09534216895  1.900250E-15
7750.90001323989  1.875840E-15
7753.70468431084  1.922374E-15
7756.50935538178  1.913440E-15
7759.31402645272  1.812662E-15
7762.11869752366  1.812900E-15
7764.92336859461  1.866237E-15
7767.72803966555  1.895968E-15
7770.53271073649  1.845420E-15
7773.33738180744  1.871911E-15
7776.14205287838  1.940078E-15
7778.94672394932  1.913135E-15
7781.75139502026  1.852582E-15
7784.55606609121  1.867611E-15
7787.36073716215  1.896103E-15
7790.16540823309  1.812132E-15
7792.97007930403  1.850191E-15
7795.77475037497  1.832231E-15
7798.57942144592  1.937565E-15
7801.38409251686  1.907947E-15
7804.1887635878  1.876226E-15
7806.99343465875  1.785435E-15
7809.79810572969  1.809989E-15
7812.60277680063  1.827120E-15
7815.40744787157  1.807292E-15
7818.21211894252  1.833521E-15
7821.01679001346  1.859267E-15
7823.8214610844  1.919605E-15
7826.62613215534  1.797537E-15
7829.43080322629  1.776837E-15
7832.23547429723  1.826032E-15
7835.04014536817  1.829961E-15
7837.84481643911  1.799944E-15
7840.64948751006  1.795492E-15
7843.454158581  1.832386E-15
7846.25882965194  1.811257E-15
7849.06350072288  1.806331E-15
7851.86817179383  1.813714E-15
7854.67284286477  1.871892E-15
7857.47751393571  1.948505E-15
7860.28218500665  1.882262E-15
7863.0868560776  1.864751E-15
7865.89152714854  1.786993E-15
7868.69619821948  1.788671E-15
7871.50086929043  1.789673E-15
7874.30554036137  1.775765E-15
7877.11021143231  1.776133E-15
7879.91488250325  1.757285E-15
7882.7195535742  1.794359E-15
7885.52422464514  1.809182E-15
7888.32889571608  1.757258E-15
7891.13356678702  1.713043E-15
7893.93823785797  1.703397E-15
7896.74290892891  1.748500E-15
7899.54757999985  1.797963E-15
7902.35225107079  1.810337E-15
7905.15692214174  1.697729E-15
7907.96159321268  1.651850E-15
7910.76626428362  1.787472E-15
7913.57093535457  1.888537E-15
7916.37560642551  1.797596E-15
7919.18027749645  1.708029E-15
7921.98494856739  1.711573E-15
7924.78961963834  1.746970E-15
7927.59429070928  1.794219E-15
7930.39896178022  1.770494E-15
7933.20363285116  1.788436E-15
7936.00830392211  1.804351E-15
7938.81297499305  1.772901E-15
7941.61764606399  1.766962E-15
7944.42231713493  1.838117E-15
7947.22698820588  1.833118E-15
7950.03165927682  1.744277E-15
7952.83633034776  1.720011E-15
7955.6410014187  1.744605E-15
7958.44567248965  1.701232E-15
7961.25034356059  1.604107E-15
7964.05501463153  1.715002E-15
7966.85968570247  1.770252E-15
7969.66435677342  1.702647E-15
7972.46902784436  1.803331E-15
7975.2736989153  1.825263E-15
7978.07836998624  1.732645E-15
7980.88304105719  1.695086E-15
7983.68771212813  1.774044E-15
7986.49238319907  1.759995E-15
7989.29705427002  1.712141E-15
7992.10172534096  1.639601E-15
7994.9063964119  1.657943E-15
7997.71106748284  1.684545E-15
8000.51573855378  1.702458E-15
8003.32040962473  1.729900E-15
8006.12508069567  1.703473E-15
8008.92975176661  1.656152E-15
8011.73442283756  1.658325E-15
8014.5390939085  1.737589E-15
8017.34376497944  1.644878E-15
8020.14843605038  1.704763E-15
8022.95310712133  1.748140E-15
8025.75777819227  1.708083E-15
8028.56244926321  1.691034E-15
8031.36712033415  1.632236E-15
8034.1717914051  1.611386E-15
8036.97646247604  1.675909E-15
8039.78113354698  1.698762E-15
8042.58580461792  1.698718E-15
8045.39047568887  1.640673E-15
8048.19514675981  1.704554E-15
8050.99981783075  1.740065E-15
8053.80448890169  1.687172E-15
8056.60915997264  1.676481E-15
8059.41383104358  1.767538E-15
8062.21850211452  1.661927E-15
8065.02317318547  1.689978E-15
8067.82784425641  1.664319E-15
8070.63251532735  1.689114E-15
8073.43718639829  1.739534E-15
8076.24185746924  1.731490E-15
8079.04652854018  1.688874E-15
8081.85119961112  1.700097E-15
8084.65587068206  1.762558E-15
8087.46054175301  1.705221E-15
8090.26521282395  1.734898E-15
8093.06988389489  1.816336E-15
8095.87455496584  1.741949E-15
8098.67922603678  1.623075E-15
8101.48389710772  1.627324E-15
8104.28856817866  1.671859E-15
8107.0932392496  1.684590E-15
8109.89791032054  1.622935E-15
8112.70258139149  1.674118E-15
8115.50725246243  1.639303E-15
8118.31192353337  1.695927E-15
8121.11659460432  1.687478E-15
8123.92126567526  1.647892E-15
8126.7259367462  1.587448E-15
8129.53060781715  1.545235E-15
8132.33527888809  1.531804E-15
8135.13994995903  1.522828E-15
8137.94462102997  1.562131E-15
8140.74929210092  1.533649E-15
8143.55396317186  1.493665E-15
8146.3586342428  1.446438E-15
8149.16330531374  1.404538E-15
8151.96797638469  1.386641E-15
8154.77264745563  1.470440E-15
8157.57731852657  1.463434E-15
8160.38198959751  1.335824E-15
8163.18666066845  1.309515E-15
8165.9913317394  1.357805E-15
8168.79600281034  1.479952E-15
8171.60067388128  1.492587E-15
8174.40534495223  1.403903E-15
8177.21001602317  1.344892E-15
8180.01468709411  1.415402E-15
8182.81935816505  1.485712E-15
8185.624029236  1.459898E-15
8188.42870030694  1.456470E-15
8191.23337137788  1.463828E-15
8194.03804244883  1.451069E-15
8196.84271351977  1.390205E-15
8199.64738459071  1.457480E-15
8202.45205566165  1.612818E-15
8205.2567267326  1.593833E-15
8208.06139780354  1.629040E-15
8210.86606887448  1.615283E-15
8213.67073994542  1.605991E-15
8216.47541101637  1.542764E-15
8219.28008208731  1.495160E-15
8222.08475315825  1.356742E-15
8224.88942422919  1.217242E-15
8227.69409530014  1.233832E-15
8230.49876637108  1.224681E-15
8233.30343744202  1.352591E-15
8236.10810851297  1.492711E-15
8238.91277958391  1.449733E-15
8241.71745065485  1.416033E-15
8244.52212172579  1.494255E-15
8247.32679279673  1.598276E-15
8250.13146386768  1.569256E-15
8252.93613493862  1.429577E-15
8255.74080600956  1.448522E-15
8258.54547708051  1.445577E-15
8261.35014815145  1.424964E-15
8264.15481922239  1.484818E-15
8266.95949029333  1.535133E-15
8269.76416136428  1.481171E-15
8272.56883243522  1.388289E-15
8275.37350350616  1.359045E-15
8278.1781745771  1.447967E-15
8280.98284564804  1.455676E-15
8283.78751671899  1.356126E-15
8286.59218778993  1.392682E-15
8289.39685886087  1.423393E-15
8292.20152993181  1.419526E-15
8295.00620100276  1.430544E-15
8297.8108720737  1.359446E-15
8300.61554314464  1.259515E-15
8303.42021421559  1.279567E-15
8306.22488528653  1.413228E-15
8309.02955635747  1.368035E-15
8311.83422742841  1.460943E-15
8314.63889849936  1.449640E-15
8317.4435695703  1.380455E-15
8320.24824064124  1.390667E-15
8323.05291171219  1.389570E-15
8325.85758278313  1.405331E-15
8328.66225385407  1.407897E-15
8331.46692492501  1.463758E-15
8334.27159599595  1.441071E-15
8337.0762670669  1.434310E-15
8339.88093813784  1.508072E-15
8342.68560920878  1.376156E-15
8345.49028027972  1.328369E-15
8348.29495135067  1.336142E-15
8351.09962242161  1.251579E-15
8353.90429349255  1.372772E-15
8356.7089645635  1.456061E-15
8359.51363563444  1.399863E-15
8362.31830670538  1.426973E-15
8365.12297777632  1.520167E-15
8367.92764884727  1.475786E-15
8370.73231991821  1.423348E-15
8373.53699098915  1.419942E-15
8376.3416620601  1.408001E-15
8379.14633313104  1.471470E-15
8381.95100420198  1.458259E-15
8384.75567527292  1.448419E-15
8387.56034634386  1.391331E-15
8390.36501741481  1.355014E-15
8393.16968848575  1.474068E-15
8395.97435955669  1.509016E-15
8398.77903062764  1.593598E-15
8401.58370169858  1.567817E-15
8404.38837276952  1.411147E-15
8407.19304384046  1.393156E-15
8409.99771491141  1.463607E-15
8412.80238598235  1.428641E-15
8415.60705705329  1.369313E-15
8418.41172812423  1.431484E-15
8421.21639919518  1.381567E-15
8424.02107026612  1.361366E-15
8426.82574133706  1.389946E-15
8429.630412408  1.402943E-15
8432.43508347895  1.368741E-15
8435.23975454989  1.317740E-15
8438.04442562083  1.344734E-15
8440.84909669177  1.405286E-15
8443.65376776272  1.425140E-15
8446.45843883366  1.406108E-15
8449.2631099046  1.424530E-15
8452.06778097554  1.423833E-15
8454.87245204649  1.348428E-15
8457.67712311743  1.333519E-15
8460.48179418837  1.448162E-15
8463.28646525931  1.551982E-15
8466.09113633026  1.457569E-15
8468.8958074012  1.387167E-15
8471.70047847214  1.407386E-15
8474.50514954309  1.352514E-15
8477.30982061403  1.382278E-15
8480.11449168497  1.451721E-15
8482.91916275591  1.477669E-15
8485.72383382686  1.411734E-15
8488.5285048978  1.301939E-15
8491.33317596874  1.209957E-15
8494.13784703968  1.271522E-15
8496.94251811063  1.399445E-15
8499.74718918157  1.341646E-15
8502.55186025251  1.369674E-15
8505.35653132345  1.390139E-15
8508.1612023944  1.422954E-15
8510.96587346534  1.365482E-15
8513.77054453628  1.371411E-15
8516.57521560722  1.270710E-15
8519.37988667817  1.329054E-15
8522.18455774911  1.391400E-15
8524.98922882005  1.441734E-15
8527.79389989099  1.414661E-15
8530.59857096194  1.364394E-15
8533.40324203288  1.352018E-15
8536.20791310382  1.345906E-15
8539.01258417477  1.370370E-15
8541.81725524571  1.311039E-15
8544.62192631665  1.338895E-15
8547.42659738759  1.402231E-15
8550.23126845854  1.328302E-15
8553.03593952948  1.263138E-15
8555.84061060042  1.414489E-15
8558.64528167136  1.433713E-15
8561.4499527423  1.401984E-15
8564.25462381325  1.478470E-15
8567.05929488419  1.369574E-15
8569.86396595513  1.288771E-15
8572.66863702608  1.333751E-15
8575.47330809702  1.343553E-15
8578.27797916796  1.348262E-15
8581.08265023891  1.275337E-15
8583.88732130985  1.265984E-15
8586.69199238079  1.280087E-15
8589.49666345173  1.309412E-15
8592.30133452267  1.307651E-15
8595.10600559362  1.301802E-15
8597.91067666456  1.312678E-15
8600.7153477355  1.367556E-15
8603.52001880645  1.324906E-15
8606.32468987739  1.327131E-15
8609.12936094833  1.331198E-15
8611.93403201927  1.293443E-15
8614.73870309021  1.349829E-15
8617.54337416116  1.371516E-15
8620.3480452321  1.297371E-15
8623.15271630304  1.380167E-15
8625.95738737399  1.292229E-15
8628.76205844493  1.286126E-15
8631.56672951587  1.260522E-15
8634.37140058681  1.293075E-15
8637.17607165776  1.373443E-15
8639.9807427287  1.343296E-15
8642.78541379964  1.285025E-15
8645.59008487059  1.319882E-15
8648.39475594153  1.312184E-15
8651.19942701247  1.301272E-15
8654.00409808341  1.405491E-15
8656.80876915436  1.403074E-15
8659.6134402253  1.411771E-15
8662.41811129624  1.420880E-15
8665.22278236718  1.388469E-15
8668.02745343813  1.431075E-15
8670.83212450907  1.373009E-15
8673.63679558001  1.385282E-15
8676.44146665095  1.358668E-15
8679.2461377219  1.290587E-15
8682.05080879284  1.351610E-15
8684.85547986378  1.334968E-15
8687.66015093472  1.297194E-15
8690.46482200567  1.341991E-15
8693.26949307661  1.315591E-15
8696.07416414755  1.324707E-15
8698.87883521849  1.334819E-15
8701.68350628943  1.247092E-15
8704.48817736038  1.292547E-15
8707.29284843132  1.345701E-15
8710.09751950226  1.298025E-15
8712.90219057321  1.298255E-15
8715.70686164415  1.334769E-15
8718.51153271509  1.340137E-15
8721.31620378604  1.326611E-15
8724.12087485698  1.289821E-15
8726.92554592792  1.325018E-15
8729.73021699886  1.297490E-15
8732.5348880698  1.261693E-15
8735.33955914075  1.314817E-15
8738.14423021169  1.254829E-15
8740.94890128263  1.284581E-15
8743.75357235357  1.311843E-15
8746.55824342452  1.313803E-15
8749.36291449546  1.349470E-15
8752.1675855664  1.308140E-15
8754.97225663735  1.365980E-15
8757.77692770829  1.441739E-15
8760.58159877923  1.308964E-15
8763.38626985017  1.247303E-15
8766.19094092112  1.261074E-15
8768.99561199206  1.357649E-15
8771.800283063  1.248259E-15
8774.60495413394  1.246581E-15
8777.40962520489  1.288391E-15
8780.21429627583  1.240216E-15
8783.01896734677  1.316876E-15
8785.82363841771  1.248487E-15
8788.62830948866  1.229420E-15
8791.4329805596  1.228847E-15
8794.23765163054  1.217253E-15
8797.04232270148  1.286510E-15
8799.84699377243  1.258741E-15
8802.65166484337  1.196619E-15
8805.45633591431  1.224003E-15
8808.26100698526  1.242651E-15
8811.0656780562  1.209576E-15
8813.87034912714  1.193315E-15
8816.67502019808  1.289821E-15
8819.47969126903  1.175377E-15
8822.28436233997  1.126243E-15
8825.08903341091  1.380111E-15
8827.89370448186  1.331378E-15
8830.6983755528  1.198991E-15
8833.50304662374  1.205235E-15
8836.30771769468  1.209253E-15
8839.11238876562  1.208789E-15
8841.91705983656  1.175544E-15
8844.72173090751  1.212634E-15
8847.52640197845  1.250872E-15
8850.3310730494  1.200769E-15
8853.13574412034  1.177913E-15
8855.94041519128  1.194213E-15
8858.74508626222  1.187180E-15
8861.54975733317  1.292797E-15
8864.35442840411  1.377502E-15
8867.15909947505  1.248960E-15
8869.96377054599  1.303078E-15
8872.76844161693  1.223295E-15
8875.57311268788  1.167591E-15
8878.37778375882  1.199831E-15
8881.18245482976  1.342957E-15
8883.98712590071  1.238249E-15
8886.79179697165  1.245173E-15
8889.59646804259  1.355890E-15
8892.40113911353  1.140963E-15
8895.20581018448  1.121289E-15
8898.01048125542  1.142696E-15
8900.81515232636  1.202501E-15
8903.6198233973  1.091699E-15
8906.42449446825  1.261604E-15
8909.22916553919  1.168079E-15
8912.03383661013  1.156825E-15
8914.83850768107  1.131714E-15
8917.64317875202  1.114146E-15
8920.44784982296  1.160987E-15
8923.2525208939  1.013252E-15
8926.05719196484  1.110768E-15
8928.86186303579  1.070464E-15
8931.66653410673  1.066036E-15
8934.47120517767  1.130939E-15
8937.27587624862  1.095783E-15
8940.08054731956  1.083680E-15
8942.8852183905  1.099972E-15
8945.68988946144  1.102273E-15
8948.49456053239  1.053772E-15
8951.29923160333  1.085182E-15
8954.10390267427  9.688954E-16
8956.90857374521  8.833194E-16
8959.71324481615  9.113662E-16
8962.5179158871  8.613827E-16
8965.32258695804  7.736591E-16
8968.12725802898  7.985235E-16
8970.93192909993  8.885515E-16
8973.73660017087  9.044190E-16
8976.54127124181  9.246629E-16
8979.34594231275  9.457898E-16
8982.1506133837  8.941805E-16
8984.95528445464  8.299098E-16
8987.75995552558  7.505233E-16
8990.56462659653  7.637714E-16
8993.36929766747  8.707299E-16
8996.17396873841  8.746401E-16
8998.97863980935  7.464438E-16
9001.7833108803  8.837219E-16
9004.58798195124  9.476255E-16
9007.39265302218  8.449897E-16
9010.19732409312  8.506966E-16
9013.00199516406  8.161106E-16
9015.80666623501  8.329390E-16
9018.61133730595  8.586376E-16
9021.41600837689  8.273966E-16
9024.22067944783  8.753957E-16
9027.02535051878  8.657264E-16
9029.83002158972  9.280245E-16
9032.63469266066  9.745643E-16
9035.43936373161  9.528766E-16
9038.24403480255  9.455284E-16
9041.04870587349  9.257361E-16
9043.85337694443  1.031406E-15
9046.65804801538  9.935620E-16
9049.46271908632  1.025703E-15
9052.26739015726  9.570788E-16
9055.07206122821  8.495492E-16
9057.87673229915  8.003576E-16
9060.68140337009  8.072475E-16
9063.48607444103  8.917544E-16
9066.29074551197  8.397107E-16
9069.09541658292  8.550765E-16
9071.90008765386  9.326628E-16
9074.7047587248  7.934773E-16
9077.50942979575  7.786336E-16
9080.31410086669  7.746977E-16
9083.11877193763  8.032304E-16
9085.92344300857  7.966973E-16
9088.72811407952  8.994789E-16
9091.53278515046  9.222080E-16
9094.3374562214  8.137057E-16
9097.14212729234  7.954842E-16
9099.94679836329  9.352057E-16
9102.75146943423  8.470253E-16
9105.55614050517  7.883202E-16
9108.36081157612  9.454146E-16
9111.16548264706  1.003999E-15
9113.970153718  8.890141E-16
9116.77482478894  8.286482E-16
9119.57949585988  8.282229E-16
9122.38416693083  8.729263E-16
9125.18883800177  8.919054E-16
9127.99350907271  8.200698E-16
9130.79818014365  7.351419E-16
9133.6028512146  8.244832E-16
9136.40752228554  8.072765E-16
9139.21219335648  8.636363E-16
9142.01686442743  9.999240E-16
9144.82153549837  1.115480E-15
9147.62620656931  9.654093E-16
9150.43087764025  7.538600E-16
9153.23554871119  7.506597E-16
9156.04021978214  9.151823E-16
9158.84489085308  9.158854E-16
9161.64956192402  9.212713E-16
9164.45423299497  9.771204E-16
9167.25890406591  9.359765E-16
9170.06357513685  8.165511E-16
9172.8682462078  7.565493E-16
9175.67291727874  8.199486E-16
9178.47758834968  7.340472E-16
9181.28225942062  8.001154E-16
9184.08693049156  8.855785E-16
9186.89160156251  9.898636E-16
