3647.9182128906  8.369740E-16
3650.720517844  8.183063E-16
3653.5228227974  8.733197E-16
3656.32512775079  7.735538E-16
3659.12743270419  8.400618E-16
3661.92973765758  8.693559E-16
3664.73204261098  8.996569E-16
3667.53434756437  9.354109E-16
3670.33665251777  9.109485E-16
3673.13895747117  9.768208E-16
3675.94126242456  9.024616E-16
3678.74356737796  9.208627E-16
3681.54587233135  8.811471E-16
3684.34817728475  9.087017E-16
3687.15048223814  9.469042E-16
3689.95278719154  9.404090E-16
3692.75509214494  9.943562E-16
3695.55739709833  9.814626E-16
3698.35970205173  9.046100E-16
3701.16200700512  9.066024E-16
3703.96431195852  9.287962E-16
3706.76661691191  9.442314E-16
3709.56892186531  9.524732E-16
3712.3712268187  8.386814E-16
3715.1735317721  8.722543E-16
3717.9758367255  8.823958E-16
3720.77814167889  8.572162E-16
3723.58044663229  8.551935E-16
3726.38275158568  8.111904E-16
3729.18505653908  9.039819E-16
3731.98736149248  9.829716E-16
3734.78966644587  8.992540E-16
3737.59197139927  9.511311E-16
3740.39427635266  9.962301E-16
3743.19658130606  9.254303E-16
3745.99888625945  8.490676E-16
3748.80119121285  7.992643E-16
3751.60349616624  8.527509E-16
3754.40580111964  8.390977E-16
3757.20810607304  8.575489E-16
3760.01041102643  9.353843E-16
3762.81271597983  8.884517E-16
3765.61502093322  8.819982E-16
3768.41732588662  9.113532E-16
3771.21963084002  8.664176E-16
3774.02193579341  8.997635E-16
3776.82424074681  9.096470E-16
3779.6265457002  8.033542E-16
3782.4288506536  8.637423E-16
3785.23115560699  8.383236E-16
3788.03346056039  8.192505E-16
3790.83576551378  8.293657E-16
3793.63807046718  7.963092E-16
3796.44037542058  7.633107E-16
3799.24268037397  8.103486E-16
3802.04498532737  8.784788E-16
3804.84729028076  7.037591E-16
3807.64959523416  7.939850E-16
3810.45190018755  6.814792E-16
3813.25420514095  7.434429E-16
3816.05651009435  7.437004E-16
3818.85881504774  8.206220E-16
3821.66112000114  7.735058E-16
3824.46342495453  7.979936E-16
3827.26572990793  7.659955E-16
3830.06803486132  7.607258E-16
3832.87033981472  7.701492E-16
3835.67264476812  8.309957E-16
3838.47494972151  8.374419E-16
3841.27725467491  7.447058E-16
3844.0795596283  7.762397E-16
3846.8818645817  7.198790E-16
3849.68416953509  7.690756E-16
3852.48647448849  7.367081E-16
3855.28877944189  7.132800E-16
3858.09108439528  7.796044E-16
3860.89338934868  7.052246E-16
3863.69569430207  7.170512E-16
3866.49799925547  6.742211E-16
3869.30030420886  6.265297E-16
3872.10260916226  6.369425E-16
3874.90491411566  6.078235E-16
3877.70721906905  6.318777E-16
3880.50952402245  6.336269E-16
3883.31182897584  7.267187E-16
3886.11413392924  7.445639E-16
3888.91643888263  8.006529E-16
3891.71874383603  7.532543E-16
3894.52104878943  6.491717E-16
3897.32335374282  7.358814E-16
3900.12565869622  7.097622E-16
3902.92796364961  6.519036E-16
3905.73026860301  7.598729E-16
3908.5325735564  7.353282E-16
3911.3348785098  6.904100E-16
3914.1371834632  7.207620E-16
3916.93948841659  7.613192E-16
3919.74179336999  6.862545E-16
3922.54409832338  6.685386E-16
3925.34640327678  6.023176E-16
3928.14870823017  5.379611E-16
3930.95101318357  6.274029E-16
3933.75331813697  6.681991E-16
3936.55562309036  6.376155E-16
3939.35792804376  6.317001E-16
3942.16023299715  5.982922E-16
3944.96253795055  5.808841E-16
3947.76484290394  6.206301E-16
3950.56714785734  6.514178E-16
3953.36945281074  6.813185E-16
3956.17175776413  7.241028E-16
3958.97406271753  6.956300E-16
3961.77636767092  6.906040E-16
3964.57867262432  8.012989E-16
3967.38097757771  8.056400E-16
3970.18328253111  7.674745E-16
3972.98558748451  8.135409E-16
3975.7878924379  7.517570E-16
3978.5901973913  6.922774E-16
3981.39250234469  7.103082E-16
3984.19480729809  7.005500E-16
3986.99711225148  7.610022E-16
3989.79941720488  7.368024E-16
3992.60172215828  6.826767E-16
3995.40402711167  6.641217E-16
3998.20633206507  6.246721E-16
4001.00863701846  6.003802E-16
4003.81094197186  5.879477E-16
4006.61324692525  5.235809E-16
4009.41555187865  5.225289E-16
4012.21785683205  5.279892E-16
4015.02016178544  4.959994E-16
4017.82246673884  4.434139E-16
4020.62477169223  4.682957E-16
4023.42707664563  4.468416E-16
4026.22938159903  4.632445E-16
4029.03168655242  4.533210E-16
4031.83399150582  4.450746E-16
4034.63629645921  4.186165E-16
4037.43860141261  4.253646E-16
4040.240906366  4.155003E-16
4043.0432113194  4.637992E-16
4045.84551627279  4.837942E-16
4048.64782122619  4.613842E-16
4051.45012617959  4.569653E-16
4054.25243113298  4.569179E-16
4057.05473608638  4.320246E-16
4059.85704103977  4.333514E-16
4062.65934599317  3.754878E-16
4065.46165094656  4.139529E-16
4068.26395589996  4.047852E-16
4071.06626085336  4.520221E-16
4073.86856580675  4.151794E-16
4076.67087076015  4.375052E-16
4079.47317571354  5.183235E-16
4082.27548066694  4.540762E-16
4085.07778562033  5.120429E-16
4087.88009057373  5.662191E-16
4090.68239552713  5.979789E-16
4093.48470048052  6.338380E-16
4096.28700543392  6.999319E-16
4099.08931038731  6.428440E-16
4101.89161534071  6.351247E-16
4104.6939202941  6.388337E-16
4107.4962252475  6.321642E-16
4110.2985302009  6.598091E-16
4113.10083515429  7.075551E-16
4115.90314010769  7.411764E-16
4118.70544506108  6.898244E-16
4121.50775001448  6.509950E-16
4124.31005496787  6.600197E-16
4127.11235992127  6.514890E-16
4129.91466487467  5.617823E-16
4132.71696982806  5.305270E-16
4135.51927478146  5.141591E-16
4138.32157973485  4.863073E-16
4141.12388468825  4.699958E-16
4143.92618964164  4.319497E-16
4146.72849459504  4.378999E-16
4149.53079954844  4.387737E-16
4152.33310450183  4.006601E-16
4155.13540945523  4.121477E-16
4157.93771440862  3.715318E-16
4160.74001936202  4.057410E-16
4163.54232431541  4.102802E-16
4166.34462926881  3.929529E-16
4169.14693422221  4.117608E-16
4171.9492391756  3.940072E-16
4174.751544129  3.797872E-16
4177.55384908239  3.738961E-16
4180.35615403579  3.837978E-16
4183.15845898918  4.107716E-16
4185.96076394258  3.693628E-16
4188.76306889598  3.600579E-16
4191.56537384937  3.965257E-16
4194.36767880277  4.029491E-16
4197.16998375616  3.603797E-16
4199.97228870956  3.761821E-16
4202.77459366295  3.845213E-16
4205.57689861635  3.783510E-16
4208.37920356974  3.872482E-16
4211.18150852314  3.901052E-16
4213.98381347654  3.741239E-16
4216.78611842993  3.413435E-16
4219.58842338333  3.561059E-16
4222.39072833672  4.173477E-16
4225.19303329012  3.873214E-16
4227.99533824352  3.835066E-16
4230.79764319691  3.864093E-16
4233.59994815031  3.685654E-16
4236.4022531037  3.579625E-16
4239.2045580571  3.569228E-16
4242.00686301049  3.580046E-16
4244.80916796389  3.571595E-16
4247.61147291728  3.619502E-16
4250.41377787068  3.592747E-16
4253.21608282408  3.473533E-16
4256.01838777747  3.451442E-16
4258.82069273087  3.307737E-16
4261.62299768426  3.192370E-16
4264.42530263766  3.711409E-16
4267.22760759106  3.509456E-16
4270.02991254445  3.079828E-16
4272.83221749785  3.531633E-16
4275.63452245124  3.561187E-16
4278.43682740464  3.521250E-16
4281.23913235803  3.654226E-16
4284.04143731143  3.518553E-16
4286.84374226483  3.569801E-16
4289.64604721822  3.720435E-16
4292.44835217162  3.502562E-16
4295.25065712501  3.451615E-16
4298.05296207841  3.641231E-16
4300.8552670318  3.662911E-16
4303.6575719852  3.541618E-16
4306.4598769386  3.703514E-16
4309.26218189199  3.579163E-16
4312.06448684539  4.041574E-16
4314.86679179878  4.167299E-16
4317.66909675218  4.521902E-16
4320.47140170557  5.038046E-16
4323.27370665897  4.802083E-16
4326.07601161237  5.362856E-16
4328.87831656576  5.349621E-16
4331.68062151916  6.362724E-16
4334.48292647255  6.327124E-16
4337.28523142595  6.389425E-16
4340.08753637934  6.577021E-16
4342.88984133274  5.888167E-16
4345.69214628614  5.909710E-16
4348.49445123953  6.202462E-16
4351.29675619293  6.693715E-16
4354.09906114632  6.643109E-16
4356.90136609972  6.508753E-16
4359.70367105311  6.354944E-16
4362.50597600651  5.810378E-16
4365.3082809599  5.375547E-16
4368.1105859133  5.108498E-16
4370.9128908667  4.823790E-16
4373.71519582009  4.606247E-16
4376.51750077349  3.949445E-16
4379.31980572688  3.974342E-16
4382.12211068028  3.821590E-16
4384.92441563368  3.580519E-16
4387.72672058707  3.751960E-16
4390.52902554047  3.869694E-16
4393.33133049386  3.516856E-16
4396.13363544726  3.268559E-16
4398.93594040065  3.277946E-16
4401.73824535405  3.355225E-16
4404.54055030744  3.205471E-16
4407.34285526084  3.345501E-16
4410.14516021424  3.599896E-16
4412.94746516763  3.739203E-16
4415.74977012103  3.239122E-16
4418.55207507442  3.340098E-16
4421.35438002782  3.296286E-16
4424.15668498122  3.289509E-16
4426.95898993461  3.387720E-16
4429.76129488801  3.122396E-16
4432.5635998414  3.176110E-16
4435.3659047948  3.281181E-16
4438.16820974819  3.302977E-16
4440.97051470159  3.487650E-16
4443.77281965498  3.071473E-16
4446.57512460838  3.597641E-16
4449.37742956178  3.566730E-16
4452.17973451517  3.748645E-16
4454.98203946857  3.966841E-16
4457.78434442196  3.676963E-16
4460.58664937536  3.680159E-16
4463.38895432875  3.630779E-16
4466.19125928215  3.954002E-16
4468.99356423555  3.936804E-16
4471.79586918894  3.652014E-16
4474.59817414234  3.577339E-16
4477.40047909573  3.531100E-16
4480.20278404913  3.790786E-16
4483.00508900252  3.998060E-16
4485.80739395592  3.767755E-16
4488.60969890932  3.744783E-16
4491.41200386271  3.869853E-16
4494.21430881611  3.860260E-16
4497.0166137695  3.982653E-16
4499.8189187229  3.784736E-16
4502.62122367629  3.616011E-16
4505.42352862969  3.279851E-16
4508.22583358309  3.370303E-16
4511.02813853648  3.550928E-16
4513.83044348988  3.268893E-16
4516.63274844327  3.194266E-16
4519.43505339667  3.412486E-16
4522.23735835006  3.322156E-16
4525.03966330346  3.232774E-16
4527.84196825686  3.097256E-16
4530.64427321025  3.246449E-16
4533.44657816365  3.124406E-16
4536.24888311704  3.252880E-16
4539.05118807044  3.443878E-16
4541.85349302383  3.257950E-16
4544.65579797723  3.472132E-16
4547.45810293063  3.318100E-16
4550.26040788402  3.504150E-16
4553.06271283742  3.015639E-16
4555.86501779081  3.418965E-16
4558.66732274421  3.313120E-16
4561.4696276976  3.262776E-16
4564.271932651  3.397206E-16
4567.0742376044  3.345822E-16
4569.87654255779  3.051530E-16
4572.67884751119  3.144354E-16
4575.48115246458  3.319215E-16
4578.28345741798  3.290687E-16
4581.08576237137  3.368135E-16
4583.88806732477  3.632919E-16
4586.69037227817  3.574497E-16
4589.49267723156  3.372396E-16
4592.29498218496  2.980657E-16
4595.09728713835  3.164060E-16
4597.89959209175  3.295351E-16
4600.70189704514  3.035863E-16
4603.50420199854  3.190761E-16
4606.30650695193  3.131887E-16
4609.10881190533  3.217087E-16
4611.91111685873  3.343425E-16
4614.71342181212  3.052548E-16
4617.51572676552  3.135440E-16
4620.31803171891  3.118856E-16
4623.12033667231  3.065131E-16
4625.9226416257  3.136419E-16
4628.7249465791  3.052200E-16
4631.5272515325  3.072196E-16
4634.32955648589  3.115530E-16
4637.13186143929  3.027018E-16
4639.93416639268  2.931703E-16
4642.73647134608  3.107957E-16
4645.53877629947  3.262662E-16
4648.34108125287  2.860512E-16
4651.14338620627  3.013162E-16
4653.94569115966  2.941388E-16
4656.74799611306  3.361717E-16
4659.55030106645  3.097380E-16
4662.35260601985  3.154300E-16
4665.15491097324  3.408519E-16
4667.95721592664  3.039129E-16
4670.75952088004  3.238970E-16
4673.56182583343  3.354204E-16
4676.36413078683  3.241068E-16
4679.16643574022  3.200881E-16
4681.96874069362  3.256761E-16
4684.77104564701  3.041954E-16
4687.57335060041  3.296905E-16
4690.37565555381  3.453515E-16
4693.1779605072  3.042365E-16
4695.9802654606  3.517986E-16
4698.78257041399  3.119916E-16
4701.58487536739  3.340340E-16
4704.38718032078  3.336898E-16
4707.18948527418  3.165580E-16
4709.99179022758  3.407958E-16
4712.79409518097  3.288580E-16
4715.59640013437  3.597191E-16
4718.39870508776  3.493167E-16
4721.20101004116  3.042997E-16
4724.00331499455  3.257646E-16
4726.80561994795  3.409398E-16
4729.60792490135  3.006642E-16
4732.41022985474  2.844249E-16
4735.21253480814  3.218863E-16
4738.01483976153  3.217706E-16
4740.81714471493  3.099556E-16
4743.61944966832  2.962017E-16
4746.42175462172  3.008427E-16
4749.22405957512  2.877436E-16
4752.02636452851  2.874219E-16
4754.82866948191  2.951777E-16
4757.6309744353  2.677027E-16
4760.4332793887  2.748020E-16
4763.23558434209  2.976499E-16
4766.03788929549  2.645222E-16
4768.84019424889  2.738541E-16
4771.64249920228  2.705679E-16
4774.44480415568  2.657115E-16
4777.24710910907  2.948976E-16
4780.04941406247  2.547628E-16
4782.85171901586  2.646142E-16
4785.65402396926  2.933705E-16
4788.45632892266  2.893665E-16
4791.25863387605  2.431549E-16
4794.06093882945  2.856179E-16
4796.86324378284  2.792837E-16
4799.66554873624  3.149720E-16
4802.46785368963  2.995624E-16
4805.27015864303  2.938170E-16
4808.07246359643  2.904961E-16
4810.87476854982  2.824369E-16
4813.67707350322  2.947118E-16
4816.47937845661  3.065945E-16
4819.28168341001  2.975479E-16
4822.0839883634  3.008711E-16
4824.8862933168  3.044963E-16
4827.6885982702  3.300922E-16
4830.49090322359  3.504128E-16
4833.29320817699  3.698208E-16
4836.09551313038  4.052497E-16
4838.89781808378  4.374109E-16
4841.70012303717  4.810913E-16
4844.50242799057  5.027243E-16
4847.30473294397  5.499178E-16
4850.10703789736  6.308405E-16
4852.90934285076  6.195770E-16
4855.71164780415  5.734195E-16
4858.51395275755  5.501428E-16
4861.31625771094  5.338623E-16
4864.11856266434  5.861290E-16
4866.92086761773  6.586243E-16
4869.72317257113  6.341296E-16
4872.52547752453  6.417995E-16
4875.32778247792  6.153066E-16
4878.13008743132  5.837544E-16
4880.93239238471  5.325712E-16
4883.73469733811  5.048273E-16
4886.53700229151  4.715859E-16
4889.3393072449  4.328751E-16
4892.1416121983  3.843317E-16
4894.94391715169  3.587651E-16
4897.74622210509  3.530560E-16
4900.54852705848  3.507747E-16
4903.35083201188  3.294898E-16
4906.15313696527  3.120990E-16
4908.95544191867  3.180045E-16
4911.75774687207  3.135044E-16
4914.56005182546  3.083558E-16
4917.36235677886  3.107676E-16
4920.16466173225  2.884420E-16
4922.96696668565  2.952504E-16
4925.76927163905  3.060674E-16
4928.57157659244  2.845352E-16
4931.37388154584  3.002106E-16
4934.17618649923  3.011427E-16
4936.97849145263  2.859845E-16
4939.78079640602  2.803867E-16
4942.58310135942  2.911441E-16
4945.38540631281  2.907219E-16
4948.18771126621  2.694732E-16
4950.99001621961  2.742578E-16
4953.792321173  2.526522E-16
4956.5946261264  2.671675E-16
4959.39693107979  2.715115E-16
4962.19923603319  2.864676E-16
4965.00154098658  2.724399E-16
4967.80384593998  2.695597E-16
4970.60615089338  2.566960E-16
4973.40845584677  2.599866E-16
4976.21076080017  2.648472E-16
4979.01306575356  2.581408E-16
4981.81537070696  2.792057E-16
4984.61767566035  2.964500E-16
4987.41998061375  2.593267E-16
4990.22228556715  2.718883E-16
4993.02459052054  2.761600E-16
4995.82689547394  2.890925E-16
4998.62920042733  3.082335E-16
5001.43150538073  2.987538E-16
5004.23381033412  2.923726E-16
5007.03611528752  2.804685E-16
5009.83842024092  2.931024E-16
5012.64072519431  2.936754E-16
5015.44303014771  2.981049E-16
5018.2453351011  2.976826E-16
5021.0476400545  2.843005E-16
5023.84994500789  3.014201E-16
5026.65224996129  3.129683E-16
5029.45455491469  2.867642E-16
5032.25685986808  3.103886E-16
5035.05916482148  3.251287E-16
5037.86146977487  2.841387E-16
5040.66377472827  2.750853E-16
5043.46607968166  2.747392E-16
5046.26838463506  2.865107E-16
5049.07068958846  2.604282E-16
5051.87299454185  2.532990E-16
5054.67529949525  2.731972E-16
5057.47760444864  2.833489E-16
5060.27990940204  2.806601E-16
5063.08221435543  2.697951E-16
5065.88451930883  2.562398E-16
5068.68682426223  2.390101E-16
5071.48912921562  2.556911E-16
5074.29143416902  2.779939E-16
5077.09373912241  2.635054E-16
5079.89604407581  2.657957E-16
5082.6983490292  2.632565E-16
5085.5006539826  2.760174E-16
5088.302958936  2.777012E-16
5091.10526388939  2.605789E-16
5093.90756884279  2.551945E-16
5096.70987379618  2.685256E-16
5099.51217874958  2.426255E-16
5102.31448370297  2.650486E-16
5105.11678865637  2.610005E-16
5107.91909360977  2.488418E-16
5110.72139856316  2.612141E-16
5113.52370351656  2.636671E-16
5116.32600846995  2.504476E-16
5119.12831342335  2.535392E-16
5121.93061837674  2.781586E-16
5124.73292333014  2.709787E-16
5127.53522828354  2.580833E-16
5130.33753323693  2.699244E-16
5133.13983819033  2.697657E-16
5135.94214314372  2.625513E-16
5138.74444809712  2.631488E-16
5141.54675305051  2.645410E-16
5144.34905800391  2.685812E-16
5147.15136295731  2.546140E-16
5149.9536679107  2.551109E-16
5152.7559728641  2.695827E-16
5155.55827781749  2.672029E-16
5158.36058277089  2.953744E-16
5161.16288772428  2.733657E-16
5163.96519267768  2.799123E-16
5166.76749763108  2.927795E-16
5169.56980258447  2.789279E-16
5172.37210753787  2.778179E-16
5175.17441249126  2.892094E-16
5177.97671744466  3.177816E-16
5180.77902239805  2.862990E-16
5183.58132735145  2.899885E-16
5186.38363230485  2.793879E-16
5189.18593725824  2.681507E-16
5191.98824221164  2.917933E-16
5194.79054716503  2.718567E-16
5197.59285211843  2.662524E-16
5200.39515707182  2.698261E-16
5203.19746202522  2.626880E-16
5205.99976697862  2.536250E-16
5208.80207193201  2.677345E-16
5211.60437688541  2.664542E-16
5214.4066818388  2.480132E-16
5217.2089867922  2.575003E-16
5220.01129174559  2.449539E-16
5222.81359669899  2.517941E-16
5225.61590165239  2.800900E-16
5228.41820660578  2.535103E-16
5231.22051155918  2.483270E-16
5234.02281651257  2.574252E-16
5236.82512146597  2.672138E-16
5239.62742641936  2.591885E-16
5242.42973137276  2.499123E-16
5245.23203632616  2.782980E-16
5248.03434127955  2.740289E-16
5250.83664623295  2.526397E-16
5253.63895118634  2.624168E-16
5256.44125613974  2.539513E-16
5259.24356109313  2.591283E-16
5262.04586604653  2.642584E-16
5264.84817099992  2.540198E-16
5267.65047595332  2.477443E-16
5270.45278090672  2.639997E-16
5273.25508586011  2.493500E-16
5276.05739081351  2.403194E-16
5278.8596957669  2.508596E-16
5281.6620007203  2.548463E-16
5284.4643056737  2.558898E-16
5287.26661062709  2.511535E-16
5290.06891558049  2.507027E-16
5292.87122053388  2.396929E-16
5295.67352548728  2.565789E-16
5298.47583044067  2.392985E-16
5301.27813539407  2.615694E-16
5304.08044034746  2.599588E-16
5306.88274530086  2.670175E-16
5309.68505025426  2.505874E-16
5312.48735520765  2.389611E-16
5315.28966016105  2.549187E-16
5318.09196511444  2.484789E-16
5320.89427006784  2.471861E-16
5323.69657502124  2.463484E-16
5326.49887997463  2.384999E-16
5329.30118492803  2.642585E-16
5332.10348988142  2.341836E-16
5334.90579483482  2.366991E-16
5337.70809978821  2.593089E-16
5340.51040474161  2.310847E-16
5343.312709695  2.359936E-16
5346.1150146484  2.498271E-16
5348.9173196018  2.503379E-16
5351.71962455519  2.358108E-16
5354.52192950859  2.416031E-16
5357.32423446198  2.403149E-16
5360.12653941538  2.414940E-16
5362.92884436877  2.594063E-16
5365.73114932217  2.404835E-16
5368.53345427557  2.399330E-16
5371.33575922896  2.342141E-16
5374.13806418236  2.250300E-16
5376.94036913575  2.315177E-16
5379.74267408915  2.532351E-16
5382.54497904254  2.612257E-16
5385.34728399594  2.411492E-16
5388.14958894934  2.372739E-16
5390.95189390273  2.444466E-16
5393.75419885613  2.297935E-16
5396.55650380952  2.429772E-16
5399.35880876292  2.548496E-16
5402.16111371631  2.622588E-16
5404.96341866971  2.233149E-16
5407.76572362311  2.303323E-16
5410.5680285765  2.373429E-16
5413.3703335299  2.443455E-16
5416.17263848329  2.565704E-16
5418.97494343669  2.337717E-16
5421.77724839008  2.449835E-16
5424.57955334348  2.392818E-16
5427.38185829688  2.346444E-16
5430.18416325027  2.517422E-16
5432.98646820367  2.531878E-16
5435.78877315706  2.293568E-16
5438.59107811046  2.375841E-16
5441.39338306385  2.656716E-16
5444.19568801725  2.246450E-16
5446.99799297065  2.460976E-16
5449.80029792404  2.254308E-16
5452.60260287744  2.294775E-16
5455.40490783083  2.294399E-16
5458.20721278423  2.338756E-16
5461.00951773762  2.330122E-16
5463.81182269102  2.460942E-16
5466.61412764442  2.483010E-16
5469.41643259781  2.237180E-16
5472.21873755121  2.375308E-16
5475.0210425046  2.063005E-16
5477.823347458  2.347113E-16
5480.62565241139  2.299662E-16
5483.42795736479  2.070899E-16
5486.23026231819  2.396973E-16
5489.03256727158  2.411331E-16
5491.83487222498  2.238523E-16
5494.63717717837  2.291833E-16
5497.43948213177  2.390847E-16
5500.24178708516  2.330948E-16
5503.04409203856  2.410448E-16
5505.84639699196  2.417743E-16
5508.64870194535  2.409912E-16
5511.45100689875  2.255901E-16
5514.25331185214  2.232487E-16
5517.05561680554  2.273544E-16
5519.85792175893  2.323992E-16
5522.66022671233  2.277538E-16
5525.46253166573  2.253582E-16
5528.26483661912  2.165374E-16
5531.06714157252  2.296236E-16
5533.86944652591  2.292433E-16
5536.67175147931  2.120911E-16
5539.4740564327  2.231268E-16
5542.2763613861  2.331493E-16
5545.0786663395  2.236381E-16
5547.88097129289  2.157187E-16
5550.68327624629  2.195505E-16
5553.48558119968  2.097693E-16
5556.28788615308  2.081017E-16
5559.09019110647  2.159051E-16
5561.89249605987  2.259645E-16
5564.69480101327  2.090229E-16
5567.49710596666  2.274398E-16
5570.29941092006  2.240108E-16
5573.10171587345  2.196655E-16
5575.90402082685  2.153236E-16
5578.70632578024  2.109871E-16
5581.50863073364  2.066532E-16
5584.31093568704  2.023232E-16
5587.11324064043  2.343899E-16
5589.91554559383  2.001276E-16
5592.71785054722  2.369502E-16
5595.52015550062  2.238243E-16
5598.32246045401  2.516199E-16
5601.12476540741  2.378270E-16
5603.92707036081  2.062678E-16
5606.7293753142  2.120251E-16
5609.5316802676  2.413406E-16
5612.33398522099  2.271434E-16
5615.13629017439  2.296885E-16
5617.93859512778  2.290694E-16
5620.74090008118  2.240971E-16
5623.54320503458  2.215431E-16
5626.34550998797  2.052104E-16
5629.14781494137  2.261724E-16
5631.95011989476  2.332072E-16
5634.75242484816  2.273600E-16
5637.55472980155  2.245120E-16
5640.35703475495  2.218346E-16
5643.15933970835  2.311039E-16
5645.96164466174  2.166630E-16
5648.76394961514  2.176176E-16
5651.56625456853  2.254640E-16
5654.36855952193  2.145580E-16
5657.17086447532  2.270513E-16
5659.97316942872  2.184185E-16
5662.77547438212  2.142532E-16
5665.57777933551  2.156458E-16
5668.38008428891  2.269391E-16
5671.1823892423  2.359902E-16
5673.9846941957  2.178131E-16
5676.78699914909  1.990271E-16
5679.58930410249  2.248725E-16
5682.39160905589  2.040427E-16
5685.19391400928  2.097710E-16
5687.99621896268  2.326995E-16
5690.79852391607  2.246335E-16
5693.60082886947  2.271351E-16
5696.40313382286  1.991462E-16
5699.20543877626  2.007578E-16
5702.00774372966  2.282471E-16
5704.81004868305  2.248055E-16
5707.61235363645  2.158149E-16
5710.41465858984  2.038327E-16
5713.21696354324  2.089253E-16
5716.01926849663  2.121392E-16
5718.82157345003  2.236022E-16
5721.62387840343  2.179785E-16
5724.42618335682  1.944129E-16
5727.22848831022  2.026285E-16
5730.03079326361  2.067926E-16
5732.83309821701  2.079562E-16
5735.6354031704  2.102798E-16
5738.4377081238  2.133260E-16
5741.2400130772  2.206478E-16
5744.04231803059  2.078292E-16
5746.84462298399  2.034918E-16
5749.64692793738  2.203987E-16
5752.44923289078  2.110656E-16
5755.25153784417  2.115733E-16
5758.05384279757  2.157920E-16
5760.85614775097  2.078621E-16
5763.65845270436  2.184981E-16
5766.46075765776  2.122179E-16
5769.26306261115  2.147497E-16
5772.06536756455  2.031794E-16
5774.86767251794  2.151969E-16
5777.66997747134  2.041504E-16
5780.47228242474  1.915412E-16
5783.27458737813  2.234527E-16
5786.07689233153  2.117435E-16
5788.87919728492  2.146472E-16
5791.68150223832  2.112349E-16
5794.48380719171  2.249456E-16
5797.28611214511  2.163955E-16
5800.08841709851  2.280248E-16
5802.8907220519  2.118488E-16
5805.6930270053  2.023679E-16
5808.49533195869  2.048251E-16
5811.29763691209  2.139634E-16
5814.09994186548  2.250667E-16
5816.90224681888  2.189580E-16
5819.70455177227  2.029067E-16
5822.50685672567  2.095276E-16
5825.30916167907  2.160590E-16
5828.11146663246  2.088435E-16
5830.91377158586  2.143834E-16
5833.71607653925  2.218517E-16
5836.51838149265  2.297081E-16
5839.32068644605  2.389132E-16
5842.12299139944  2.437276E-16
5844.92529635284  2.497573E-16
5847.72760130623  2.517055E-16
5850.52990625963  2.456600E-16
5853.33221121302  2.718526E-16
5856.13451616642  2.875008E-16
5858.93682111981  2.847034E-16
5861.73912607321  2.949469E-16
5864.54143102661  2.786214E-16
5867.34373598  2.566322E-16
5870.1460409334  2.540290E-16
5872.94834588679  2.221119E-16
5875.75065084019  2.299628E-16
5878.55295579359  2.585737E-16
5881.35526074698  2.666110E-16
5884.15756570038  2.644339E-16
5886.95987065377  2.509542E-16
5889.76217560717  2.674070E-16
5892.56448056056  2.803189E-16
5895.36678551396  2.582406E-16
5898.16909046735  2.552633E-16
5900.97139542075  2.559880E-16
5903.77370037415  2.120958E-16
5906.57600532754  2.163359E-16
5909.37831028094  2.108165E-16
5912.18061523433  2.226185E-16
5914.98292018773  2.200381E-16
5917.78522514112  1.953123E-16
5920.58753009452  1.997786E-16
5923.38983504792  2.155256E-16
5926.19214000131  1.921275E-16
5928.99444495471  2.142655E-16
5931.7967499081  2.132052E-16
5934.5990548615  1.878384E-16
5937.40135981489  1.924577E-16
5940.20366476829  1.986870E-16
5943.00596972169  1.853833E-16
5945.80827467508  1.853989E-16
5948.61057962848  1.815487E-16
5951.41288458187  1.914908E-16
5954.21518953527  1.989570E-16
5957.01749448866  1.874276E-16
5959.81979944206  1.952508E-16
5962.62210439546  2.134023E-16
5965.42440934885  1.964846E-16
5968.22671430225  2.089026E-16
5971.02901925564  1.996482E-16
5973.83132420904  1.939151E-16
5976.63362916243  2.105340E-16
5979.43593411583  1.989628E-16
5982.23823906923  1.936656E-16
5985.04054402262  1.815759E-16
5987.84284897602  1.976848E-16
5990.64515392941  1.901828E-16
5993.44745888281  2.158919E-16
5996.2497638362  1.923846E-16
5999.0520687896  1.982166E-16
6001.854373743  1.887956E-16
6004.65667869639  1.772055E-16
6007.45898364979  2.069485E-16
6010.26128860318  2.026210E-16
6013.06359355658  1.735586E-16
6015.86589850997  1.960861E-16
6018.66820346337  1.889349E-16
6021.47050841677  1.824808E-16
6024.27281337016  1.961129E-16
6027.07511832356  1.988709E-16
6029.87742327695  1.881115E-16
6032.67972823035  1.987388E-16
6035.48203318374  1.920904E-16
6038.28433813714  1.990472E-16
6041.08664309054  1.986726E-16
6043.88894804393  1.977583E-16
6046.69125299733  1.809202E-16
6049.49355795072  1.984628E-16
6052.29586290412  2.007029E-16
6055.09816785751  1.943605E-16
6057.90047281091  1.909200E-16
6060.70277776431  1.955290E-16
6063.5050827177  2.054466E-16
6066.3073876711  1.994308E-16
6069.10969262449  1.945389E-16
6071.91199757789  1.922223E-16
6074.71430253128  1.844368E-16
6077.51660748468  1.887950E-16
6080.31891243808  1.952167E-16
6083.12121739147  1.878766E-16
6085.92352234487  2.040878E-16
6088.72582729826  1.932128E-16
6091.52813225166  1.909963E-16
6094.33043720505  1.900237E-16
6097.13274215845  1.826582E-16
6099.93504711185  1.806881E-16
6102.73735206524  1.880146E-16
6105.53965701864  2.027865E-16
6108.34196197203  2.097022E-16
6111.14426692543  2.029376E-16
6113.94657187882  2.081038E-16
6116.74887683222  1.975191E-16
6119.55118178562  1.924280E-16
6122.35348673901  1.914737E-16
6125.15579169241  2.018075E-16
6127.9580966458  1.803906E-16
6130.7604015992  1.973130E-16
6133.56270655259  2.034878E-16
6136.36501150599  1.871303E-16
6139.16731645939  2.022330E-16
6141.96962141278  2.019790E-16
6144.77192636618  1.942470E-16
6147.57423131957  1.956319E-16
6150.37653627297  1.759072E-16
6153.17884122636  1.867918E-16
6155.98114617976  1.800164E-16
6158.78345113316  1.834589E-16
6161.58575608655  1.941504E-16
6164.38806103995  1.847659E-16
6167.19036599334  1.816498E-16
6169.99267094674  1.990499E-16
6172.79497590013  1.846530E-16
6175.59728085353  1.688767E-16
6178.39958580692  1.898453E-16
6181.20189076032  1.881338E-16
6184.00419571372  2.187612E-16
6186.80650066711  1.916506E-16
6189.60880562051  1.765015E-16
6192.4111105739  1.829029E-16
6195.2134155273  1.849998E-16
6198.0157204807  2.009858E-16
6200.81802543409  2.012336E-16
6203.62033038749  1.941940E-16
6206.42263534088  1.836949E-16
6209.22494029428  1.901248E-16
6212.02724524767  1.824171E-16
6214.82955020107  1.766330E-16
6217.63185515446  1.981499E-16
6220.43416010786  1.847823E-16
6223.23646506126  1.961935E-16
6226.03877001465  1.998860E-16
6228.84107496805  1.888546E-16
6231.64337992144  1.878590E-16
6234.44568487484  1.899231E-16
6237.24798982824  2.064565E-16
6240.05029478163  2.132803E-16
6242.85259973503  1.960915E-16
6245.65490468842  1.761543E-16
6248.45720964182  1.897437E-16
6251.25951459521  2.074025E-16
6254.06181954861  1.918111E-16
6256.864124502  1.910363E-16
6259.6664294554  2.075302E-16
6262.4687344088  1.830695E-16
6265.27103936219  1.742683E-16
6268.07334431559  1.843746E-16
6270.87564926898  1.811951E-16
6273.67795422238  2.015324E-16
6276.48025917577  1.806048E-16
6279.28256412917  1.823661E-16
6282.08486908257  1.915110E-16
6284.88717403596  2.037030E-16
6287.68947898936  1.953479E-16
6290.49178394275  1.868638E-16
6293.29408889615  1.895366E-16
6296.09639384954  1.733932E-16
6298.89869880294  1.745640E-16
6301.70100375634  1.640615E-16
6304.50330870973  1.705226E-16
6307.30561366313  1.928894E-16
6310.10791861652  1.894237E-16
6312.91022356992  1.876301E-16
6315.71252852331  2.033183E-16
6318.51483347671  1.673234E-16
6321.31713843011  1.937973E-16
6324.1194433835  1.838508E-16
6326.9217483369  2.074324E-16
6329.72405329029  1.831481E-16
6332.52635824369  2.129439E-16
6335.32866319708  1.916103E-16
6338.13096815048  1.716977E-16
6340.93327310388  2.022823E-16
6343.73557805727  1.977151E-16
6346.53788301067  1.979626E-16
6349.34018796406  1.943623E-16
6352.14249291746  2.046645E-16
6354.94479787085  1.869046E-16
6357.74710282425  1.916451E-16
6360.54940777765  1.951387E-16
6363.35171273104  1.897351E-16
6366.15401768444  1.889468E-16
6368.95632263783  1.798408E-16
6371.75862759123  1.958583E-16
6374.56093254462  1.877661E-16
6377.36323749802  1.989487E-16
6380.16554245142  1.860072E-16
6382.96784740481  1.798635E-16
6385.77015235821  1.869797E-16
6388.5724573116  1.827277E-16
6391.374762265  1.958200E-16
6394.17706721839  1.920772E-16
6396.97937217179  1.891762E-16
6399.78167712519  1.790927E-16
6402.58398207858  1.738900E-16
6405.38628703198  2.004146E-16
6408.18859198537  1.860833E-16
6410.99089693877  1.853562E-16
6413.79320189216  2.003549E-16
6416.59550684556  1.930867E-16
6419.39781179896  1.964352E-16
6422.20011675235  1.880461E-16
6425.00242170575  1.890973E-16
6427.80472665914  1.895940E-16
6430.60703161254  1.983976E-16
6433.40933656593  1.902124E-16
6436.21164151933  1.770696E-16
6439.01394647273  1.920922E-16
6441.81625142612  2.104843E-16
6444.61855637952  1.999590E-16
6447.42086133291  2.001058E-16
6450.22316628631  1.799983E-16
6453.0254712397  2.075618E-16
6455.8277761931  2.001661E-16
6458.6300811465  1.850200E-16
6461.43238609989  1.961825E-16
6464.23469105329  1.992615E-16
6467.03699600668  2.045196E-16
6469.83930096008  1.799811E-16
6472.64160591347  1.804426E-16
6475.44391086687  1.924953E-16
6478.24621582027  2.003055E-16
6481.04852077366  1.929072E-16
6483.85082572706  1.818096E-16
6486.65313068045  1.869461E-16
6489.45543563385  1.927416E-16
6492.25774058724  1.802826E-16
6495.06004554064  2.015748E-16
6497.86235049404  2.011680E-16
6500.66465544743  1.981694E-16
6503.46696040083  1.960218E-16
6506.26926535422  2.107009E-16
6509.07157030762  2.069938E-16
6511.87387526101  1.833683E-16
6514.67618021441  2.135700E-16
6517.47848516781  2.234596E-16
6520.2807901212  2.172424E-16
6523.0830950746  2.491170E-16
6525.88540002799  2.555572E-16
6528.68770498139  2.454039E-16
6531.49000993478  2.940603E-16
6534.29231488818  3.213446E-16
6537.09461984158  3.374895E-16
6539.89692479497  3.737208E-16
6542.69922974837  4.274338E-16
6545.50153470176  4.819067E-16
6548.30383965516  5.199388E-16
6551.10614460855  5.563200E-16
6553.90844956195  5.496613E-16
6556.71075451535  5.123309E-16
6559.51305946874  4.838939E-16
6562.31536442214  5.075655E-16
6565.11766937553  5.392930E-16
6567.91997432893  5.524797E-16
6570.72227928232  5.778135E-16
6573.52458423572  5.639127E-16
6576.32688918912  5.347257E-16
6579.12919414251  4.834581E-16
6581.93149909591  4.473624E-16
6584.7338040493  3.716963E-16
6587.5361090027  3.369515E-16
6590.33841395609  3.333085E-16
6593.14071890949  3.109517E-16
6595.94302386289  2.965855E-16
6598.74532881628  2.619718E-16
6601.54763376968  2.455484E-16
6604.34993872307  2.455826E-16
6607.15224367647  2.254059E-16
6609.95454862986  2.149313E-16
6612.75685358326  2.183890E-16
6615.55915853666  2.115848E-16
6618.36146349005  1.969514E-16
6621.16376844345  1.791791E-16
6623.96607339684  1.954738E-16
6626.76837835024  2.005507E-16
6629.57068330363  1.996252E-16
6632.37298825703  2.010732E-16
6635.17529321043  1.960062E-16
6637.97759816382  1.893420E-16
6640.77990311722  1.918055E-16
6643.58220807061  2.024514E-16
6646.38451302401  2.049847E-16
6649.1868179774  2.062849E-16
6651.9891229308  2.147267E-16
6654.7914278842  1.909349E-16
6657.59373283759  2.103062E-16
6660.39603779099  2.172640E-16
6663.19834274438  2.121745E-16
6666.00064769778  1.993470E-16
6668.80295265117  2.227170E-16
6671.60525760457  1.990990E-16
6674.40756255797  1.646657E-16
6677.20986751136  1.938336E-16
6680.01217246476  2.033578E-16
6682.81447741815  2.149298E-16
6685.61678237155  2.070265E-16
6688.41908732494  1.991647E-16
6691.22139227834  2.080566E-16
6694.02369723174  2.329135E-16
6696.82600218513  1.954240E-16
6699.62830713853  1.943259E-16
6702.43061209192  2.118593E-16
6705.23291704532  2.040814E-16
6708.03522199871  1.967659E-16
6710.83752695211  1.964760E-16
6713.63983190551  2.103941E-16
6716.4421368589  2.121908E-16
6719.2444418123  1.967353E-16
6722.04674676569  1.713080E-16
6724.84905171909  1.830211E-16
6727.65135667248  1.847046E-16
6730.45366162588  1.816146E-16
6733.25596657928  1.727357E-16
6736.05827153267  1.860824E-16
6738.86057648607  1.791762E-16
6741.66288143946  1.679277E-16
6744.46518639286  1.936134E-16
6747.26749134625  1.939483E-16
6750.06979629965  1.692330E-16
6752.87210125305  1.811880E-16
6755.67440620644  1.838190E-16
6758.47671115984  1.738390E-16
6761.27901611323  1.752037E-16
6764.08132106663  1.827205E-16
6766.88362602002  1.906067E-16
6769.68593097342  1.728120E-16
6772.48823592682  1.864799E-16
6775.29054088021  1.804323E-16
6778.09284583361  1.911949E-16
6780.895150787  2.039498E-16
6783.6974557404  1.748329E-16
6786.49976069379  1.793840E-16
6789.30206564719  1.736415E-16
6792.10437060059  1.788338E-16
6794.90667555398  1.611029E-16
6797.70898050738  1.855221E-16
6800.51128546077  1.824553E-16
6803.31359041417  1.630795E-16
6806.11589536756  1.594824E-16
6808.91820032096  1.745283E-16
6811.72050527436  1.803306E-16
6814.52281022775  1.762901E-16
6817.32511518115  1.745429E-16
6820.12742013454  1.808595E-16
6822.92972508794  1.606300E-16
6825.73203004133  1.703723E-16
6828.53433499473  1.863879E-16
6831.33663994813  1.665355E-16
6834.13894490152  1.893335E-16
6836.94124985492  1.713859E-16
6839.74355480831  1.693615E-16
6842.54585976171  1.711854E-16
6845.3481647151  1.611581E-16
6848.1504696685  1.804351E-16
6850.95277462189  1.694466E-16
6853.75507957529  1.823227E-16
6856.55738452869  1.713211E-16
6859.35968948208  1.707090E-16
6862.16199443548  1.612048E-16
6864.96429938887  1.293122E-16
6867.76660434227  1.438496E-16
6870.56890929567  1.207109E-16
6873.37121424906  1.307554E-16
6876.17351920246  1.263394E-16
6878.97582415585  1.507010E-16
6881.77812910925  1.544134E-16
6884.58043406264  1.548241E-16
6887.38273901604  1.469773E-16
6890.18504396944  1.335236E-16
6892.98734892283  1.251553E-16
6895.78965387623  1.485989E-16
6898.59195882962  1.399119E-16
6901.39426378302  1.558648E-16
6904.19656873641  1.479661E-16
6906.99887368981  1.540361E-16
6909.80117864321  1.482945E-16
6912.6034835966  1.579526E-16
6915.40578855  1.529851E-16
6918.20809350339  1.397937E-16
6921.01039845679  1.363396E-16
6923.81270341018  1.618541E-16
6926.61500836358  1.749151E-16
6929.41731331697  1.495971E-16
6932.21961827037  1.483408E-16
6935.02192322377  1.429719E-16
6937.82422817716  1.451179E-16
6940.62653313056  1.686606E-16
6943.42883808395  1.710505E-16
6946.23114303735  1.538691E-16
6949.03344799074  1.731861E-16
6951.83575294414  1.532505E-16
6954.63805789754  1.595278E-16
6957.44036285093  1.951105E-16
6960.24266780433  1.809038E-16
6963.04497275772  1.587322E-16
6965.84727771112  1.698976E-16
6968.64958266452  1.670855E-16
6971.45188761791  1.660575E-16
6974.25419257131  1.927323E-16
6977.0564975247  1.638768E-16
6979.8588024781  1.683322E-16
6982.66110743149  1.653521E-16
6985.46341238489  1.743124E-16
6988.26571733829  1.728975E-16
6991.06802229168  1.816013E-16
6993.87032724508  1.654987E-16
6996.67263219847  1.668114E-16
6999.47493715187  1.569144E-16
7002.27724210526  1.658939E-16
7005.07954705866  1.690281E-16
7007.88185201205  1.615268E-16
7010.68415696545  1.760609E-16
7013.48646191885  1.785839E-16
7016.28876687224  1.641669E-16
7019.09107182564  1.762068E-16
7021.89337677903  1.740824E-16
7024.69568173243  1.688095E-16
7027.49798668582  1.900549E-16
7030.30029163922  1.774474E-16
7033.10259659262  1.876687E-16
7035.90490154601  1.971467E-16
7038.70720649941  1.901236E-16
7041.5095114528  1.896010E-16
7044.3118164062  1.819622E-16
7047.11412135959  2.037371E-16
7049.91642631299  2.090151E-16
7052.71873126639  1.834187E-16
7055.52103621978  1.745761E-16
7058.32334117318  1.711413E-16
7061.12564612657  1.875105E-16
7063.92795107997  1.805147E-16
7066.73025603337  1.922544E-16
7069.53256098676  1.676111E-16
7072.33486594016  1.833307E-16
7075.13717089355  1.909574E-16
7077.93947584695  1.811587E-16
7080.74178080034  1.871502E-16
7083.54408575374  1.792121E-16
7086.34639070713  1.909729E-16
7089.14869566053  1.903436E-16
7091.95100061392  2.009976E-16
7094.75330556732  1.879573E-16
7097.55561052072  1.749664E-16
7100.35791547411  1.926402E-16
7103.16022042751  1.811911E-16
7105.9625253809  1.736059E-16
7108.7648303343  1.827062E-16
7111.5671352877  1.673083E-16
7114.36944024109  1.695284E-16
7117.17174519449  1.675514E-16
7119.97405014788  1.640225E-16
7122.77635510128  1.775818E-16
7125.57866005467  1.609368E-16
7128.38096500807  1.616568E-16
7131.18326996147  1.753507E-16
7133.98557491486  1.573893E-16
7136.78787986826  1.555572E-16
7139.59018482165  1.616622E-16
7142.39248977505  1.625239E-16
7145.19479472844  1.651317E-16
7147.99709968184  1.796035E-16
7150.79940463524  1.551391E-16
7153.60170958863  1.521005E-16
7156.40401454203  1.611569E-16
7159.20631949542  1.648869E-16
7162.00862444882  1.599106E-16
7164.81092940221  1.618033E-16
7167.61323435561  1.462555E-16
7170.415539309  1.313027E-16
7173.2178442624  1.423212E-16
7176.0201492158  1.425875E-16
7178.82245416919  1.428689E-16
7181.62475912259  1.375042E-16
7184.42706407598  1.312897E-16
7187.22936902938  1.457595E-16
7190.03167398277  1.281631E-16
7192.83397893617  1.295464E-16
7195.63628388957  1.363860E-16
7198.43858884296  1.317271E-16
7201.24089379636  1.185838E-16
7204.04319874975  1.273748E-16
7206.84550370315  1.196756E-16
7209.64780865655  1.359448E-16
7212.45011360994  1.527620E-16
7215.25241856334  1.469564E-16
7218.05472351673  1.598454E-16
7220.85702847013  1.606784E-16
7223.65933342352  1.443713E-16
7226.46163837692  1.486224E-16
7229.26394333032  1.609029E-16
7232.06624828371  1.419642E-16
7234.8685532371  1.430887E-16
7237.6708581905  1.358020E-16
7240.4731631439  1.360049E-16
7243.27546809729  1.467062E-16
7246.07777305069  1.619887E-16
7248.88007800408  1.425771E-16
7251.68238295748  1.458866E-16
7254.48468791087  1.543194E-16
7257.28699286427  1.515236E-16
7260.08929781767  1.452723E-16
7262.89160277106  1.512769E-16
7265.69390772446  1.392691E-16
7268.49621267785  1.457128E-16
7271.29851763125  1.552480E-16
7274.10082258465  1.080747E-16
7276.90312753804  1.393298E-16
7279.70543249144  1.422610E-16
7282.50773744483  1.388467E-16
7285.31004239823  1.625389E-16
7288.11234735162  1.438722E-16
7290.91465230502  1.340021E-16
7293.71695725842  1.602221E-16
7296.51926221181  1.571987E-16
7299.32156716521  1.410070E-16
7302.1238721186  1.537312E-16
7304.926177072  1.559146E-16
7307.7284820254  1.541210E-16
7310.53078697879  1.572266E-16
7313.33309193218  1.569296E-16
7316.13539688558  1.677066E-16
7318.93770183898  1.674480E-16
7321.74000679237  1.554479E-16
7324.54231174577  1.646924E-16
7327.34461669916  1.670419E-16
7330.14692165256  1.764559E-16
7332.94922660595  1.616678E-16
7335.75153155935  1.620566E-16
7338.55383651275  1.851587E-16
7341.35614146614  1.437712E-16
7344.15844641954  1.664907E-16
7346.96075137293  1.594572E-16
7349.76305632633  1.501740E-16
7352.56536127972  1.654002E-16
7355.36766623312  1.573690E-16
7358.16997118652  1.771290E-16
7360.97227613991  1.617519E-16
7363.77458109331  1.775617E-16
7366.5768860467  1.868709E-16
7369.3791910001  1.630763E-16
7372.1814959535  1.951243E-16
7374.98380090689  2.065883E-16
7377.78610586029  1.903403E-16
7380.58841081368  1.830592E-16
7383.39071576708  1.746905E-16
7386.19302072047  1.707493E-16
7388.99532567387  1.545883E-16
7391.79763062726  1.711292E-16
7394.59993558066  1.872864E-16
7397.40224053406  1.647523E-16
7400.20454548745  1.812499E-16
7403.00685044085  1.708898E-16
7405.80915539424  1.716545E-16
7408.61146034764  1.644365E-16
7411.41376530103  1.742796E-16
7414.21607025443  1.848680E-16
7417.01837520783  1.860840E-16
7419.82068016122  1.807367E-16
7422.62298511462  1.717796E-16
7425.42529006801  1.941705E-16
7428.22759502141  1.949209E-16
7431.0298999748  1.867093E-16
7433.8322049282  1.673292E-16
7436.6345098816  1.818112E-16
7439.43681483499  2.041856E-16
7442.23911978839  2.053245E-16
7445.04142474178  1.772149E-16
7447.84372969518  1.830625E-16
7450.64603464857  1.727836E-16
7453.44833960197  1.871963E-16
7456.25064455537  1.861427E-16
7459.05294950876  1.701530E-16
7461.85525446216  1.703733E-16
7464.65755941555  1.704357E-16
7467.45986436895  1.888584E-16
7470.26216932234  1.754933E-16
7473.06447427574  1.660832E-16
7475.86677922914  1.676357E-16
7478.66908418253  1.679938E-16
7481.47138913593  1.623236E-16
7484.27369408932  1.908790E-16
7487.07599904272  1.786653E-16
7489.87830399611  1.784125E-16
7492.68060894951  1.655188E-16
7495.48291390291  1.714807E-16
7498.2852188563  1.846487E-16
7501.0875238097  1.713230E-16
7503.88982876309  1.553428E-16
7506.69213371649  1.684942E-16
7509.49443866988  1.762080E-16
7512.29674362328  1.652306E-16
7515.09904857668  1.645098E-16
7517.90135353007  1.790877E-16
7520.70365848347  1.620430E-16
7523.50596343686  1.452066E-16
7526.30826839026  1.649613E-16
7529.11057334365  1.849701E-16
7531.91287829705  1.809284E-16
7534.71518325045  1.594402E-16
7537.51748820384  1.821136E-16
7540.31979315724  1.682690E-16
7543.12209811063  1.756524E-16
7545.92440306403  2.056113E-16
7548.72670801742  1.718515E-16
7551.52901297082  1.582032E-16
7554.33131792422  2.048921E-16
7557.13362287761  2.001461E-16
7559.93592783101  1.798693E-16
7562.7382327844  1.738408E-16
7565.5405377378  1.725289E-16
7568.34284269119  1.608847E-16
7571.14514764459  1.727253E-16
7573.94745259799  1.680871E-16
7576.74975755138  1.905343E-16
7579.55206250478  1.716650E-16
7582.35436745817  1.612774E-16
7585.15667241157  1.710472E-16
7587.95897736496  1.753990E-16
7590.76128231836  1.705105E-16
7593.56358727176  1.073992E-16
7596.36589222515  7.796342E-17
7599.16819717855  5.875371E-17
7601.97050213194  3.185888E-17
7604.77280708534  2.498122E-17
7607.57511203873  2.734237E-17
7610.37741699213  4.057559E-17
7613.17972194553  8.833181E-17
7615.98202689892  1.223407E-16
7618.78433185232  9.904882E-17
7621.58663680571  1.080022E-16
7624.38894175911  9.304588E-17
7627.1912467125  7.035661E-17
7629.9935516659  7.695495E-17
7632.7958566193  7.635574E-17
7635.59816157269  7.585801E-17
7638.40046652609  7.686005E-17
7641.20277147948  8.521022E-17
7644.00507643288  1.031959E-16
7646.80738138627  1.188897E-16
7649.60968633967  1.366442E-16
7652.41199129307  1.370189E-16
7655.21429624646  1.256247E-16
7658.01660119986  1.413449E-16
7660.81890615325  1.388065E-16
7663.62121110665  1.252903E-16
7666.42351606004  1.340680E-16
7669.22582101344  1.429936E-16
7672.02812596684  1.500501E-16
7674.83043092023  1.502574E-16
7677.63273587363  1.608688E-16
7680.43504082702  1.498851E-16
7683.23734578042  1.496374E-16
7686.03965073381  1.549824E-16
7688.84195568721  1.484920E-16
7691.64426064061  1.555501E-16
7694.446565594  1.648034E-16
7697.2488705474  1.599441E-16
7700.05117550079  1.676357E-16
7702.85348045419  1.606258E-16
7705.65578540758  1.544794E-16
7708.45809036098  1.551928E-16
7711.26039531437  1.399971E-16
7714.06270026777  1.351723E-16
7716.86500522117  1.429798E-16
7719.66731017456  1.384189E-16
7722.46961512796  1.696990E-16
7725.27192008135  1.921487E-16
7728.07422503475  1.510323E-16
7730.87652998815  1.577397E-16
7733.67883494154  1.668601E-16
7736.48113989494  1.685322E-16
7739.28344484833  1.859330E-16
7742.08574980173  1.668579E-16
7744.88805475512  1.706114E-16
7747.69035970852  1.610407E-16
7750.49266466192  1.638121E-16
7753.29496961531  1.561153E-16
7756.09727456871  1.704786E-16
7758.8995795221  1.805846E-16
7761.7018844755  1.721333E-16
7764.50418942889  1.599540E-16
7767.30649438229  1.673368E-16
7770.10879933569  1.569082E-16
7772.91110428908  1.705957E-16
7775.71340924248  1.854396E-16
7778.51571419587  1.818213E-16
7781.31801914927  1.758894E-16
7784.12032410266  1.748186E-16
7786.92262905606  1.697184E-16
7789.72493400945  1.611904E-16
7792.52723896285  1.683093E-16
7795.32954391625  1.600123E-16
7798.13184886964  1.639688E-16
7800.93415382304  1.410486E-16
7803.73645877643  1.577080E-16
7806.53876372983  1.472179E-16
7809.34106868322  1.691235E-16
7812.14337363662  1.672434E-16
7814.94567859002  1.565912E-16
7817.74798354341  1.459068E-16
7820.55028849681  1.351898E-16
7823.3525934502  1.451794E-16
7826.1548984036  1.470414E-16
7828.957203357  1.523046E-16
7831.75950831039  1.576697E-16
7834.56181326379  1.566200E-16
7837.36411821718  1.648867E-16
7840.16642317058  1.544582E-16
7842.96872812397  1.338514E-16
7845.77103307737  1.806311E-16
7848.57333803077  1.316794E-16
7851.37564298416  1.383174E-16
7854.17794793756  1.643665E-16
7856.98025289095  1.610153E-16
7859.78255784435  1.789955E-16
7862.58486279774  1.579946E-16
7865.38716775114  1.527015E-16
7868.18947270453  1.702881E-16
7870.99177765793  1.631662E-16
7873.79408261133  1.514897E-16
7876.59638756472  1.844848E-16
7879.39869251812  1.732477E-16
7882.20099747151  1.344117E-16
7885.00330242491  1.671178E-16
7887.8056073783  1.700430E-16
7890.6079123317  1.561904E-16
7893.4102172851  1.600777E-16
7896.21252223849  1.524736E-16
7899.01482719189  1.409349E-16
7901.81713214528  1.535812E-16
7904.61943709868  1.621971E-16
7907.42174205207  1.394049E-16
7910.22404700547  1.455141E-16
7913.02635195887  1.223853E-16
7915.82865691226  1.530282E-16
7918.63096186566  1.741276E-16
7921.43326681905  1.753510E-16
7924.23557177245  1.430904E-16
7927.03787672585  1.481334E-16
7929.84018167924  1.638760E-16
7932.64248663264  1.803828E-16
7935.44479158603  1.695634E-16
7938.24709653943  1.436572E-16
7941.04940149282  1.522041E-16
7943.85170644622  1.715057E-16
7946.65401139961  1.527791E-16
7949.45631635301  1.470563E-16
7952.2586213064  1.548130E-16
7955.0609262598  1.786437E-16
7957.8632312132  1.114208E-16
7960.66553616659  1.594921E-16
7963.46784111999  1.275893E-16
7966.27014607338  1.489107E-16
7969.07245102678  1.822882E-16
7971.87475598018  1.395224E-16
7974.67706093357  1.542061E-16
7977.47936588697  1.710815E-16
7980.28167084036  1.346415E-16
7983.08397579376  1.749950E-16
7985.88628074715  1.548052E-16
7988.68858570055  1.537498E-16
7991.49089065395  1.692011E-16
7994.29319560734  1.557394E-16
7997.09550056074  1.571651E-16
7999.89780551413  1.582763E-16
8002.70011046753  1.687489E-16
8005.50241542092  1.366919E-16
8008.30472037432  1.796922E-16
8011.10702532771  1.556994E-16
8013.90933028111  1.578130E-16
8016.71163523451  1.564968E-16
8019.5139401879  1.450368E-16
8022.3162451413  1.384079E-16
8025.11855009469  1.551786E-16
8027.92085504809  1.479536E-16
8030.72316000148  1.592186E-16
8033.52546495488  1.510777E-16
8036.32776990828  1.477856E-16
8039.13007486167  1.624765E-16
8041.93237981507  1.529791E-16
8044.73468476846  1.448800E-16
8047.53698972186  1.710554E-16
8050.33929467525  1.655877E-16
8053.14159962865  1.776714E-16
8055.94390458205  1.478752E-16
8058.74620953544  1.453700E-16
8061.54851448884  1.640665E-16
8064.35081944223  1.808918E-16
8067.15312439563  1.897059E-16
8069.95542934903  1.458709E-16
8072.75773430242  1.319345E-16
8075.56003925582  1.575469E-16
8078.36234420921  1.485446E-16
8081.16464916261  1.405558E-16
8083.966954116  1.462068E-16
8086.7692590694  1.627709E-16
8089.57156402279  1.529531E-16
8092.37386897619  1.652961E-16
8095.17617392959  1.563035E-16
8097.97847888298  1.701837E-16
8100.78078383638  1.453351E-16
8103.58308878977  1.673316E-16
8106.38539374317  1.560765E-16
8109.18769869656  1.461679E-16
8111.99000364996  1.558655E-16
8114.79230860336  1.601796E-16
8117.59461355675  1.583591E-16
8120.39691851015  1.479970E-16
8123.19922346354  1.460681E-16
8126.00152841694  1.339204E-16
8128.80383337033  1.369121E-16
8131.60613832373  1.315167E-16
8134.40844327713  1.393421E-16
8137.21074823052  1.564578E-16
8140.01305318392  1.657286E-16
8142.81535813731  1.387282E-16
8145.61766309071  1.154314E-16
8148.4199680441  1.156929E-16
8151.2222729975  1.213825E-16
8154.0245779509  1.087357E-16
8156.82688290429  1.194726E-16
8159.62918785769  1.436759E-16
8162.43149281108  1.110803E-16
8165.23379776448  1.271751E-16
8168.03610271787  1.121121E-16
8170.83840767127  1.275702E-16
8173.64071262467  1.513293E-16
8176.44301757806  1.257297E-16
8179.24532253146  1.195211E-16
8182.04762748485  1.307755E-16
8184.84993243825  1.408072E-16
8187.65223739164  1.398672E-16
8190.45454234504  1.394926E-16
8193.25684729843  1.404934E-16
8196.05915225183  1.198653E-16
8198.86145720523  1.168735E-16
8201.66376215862  1.369662E-16
8204.46606711202  1.279950E-16
8207.26837206541  1.728434E-16
8210.07067701881  1.581204E-16
8212.87298197221  1.430651E-16
8215.6752869256  1.498667E-16
8218.477591879  1.525569E-16
8221.27989683239  1.637802E-16
8224.08220178579  1.406903E-16
8226.88450673919  1.328532E-16
8229.68681169258  1.225628E-16
8232.48911664598  1.293116E-16
8235.29142159937  1.464461E-16
8238.09372655277  1.376742E-16
8240.89603150616  1.612692E-16
8243.69833645956  1.390566E-16
8246.50064141295  1.751692E-16
8249.30294636635  1.606454E-16
8252.10525131975  1.493350E-16
8254.90755627314  1.435505E-16
8257.70986122654  1.407702E-16
8260.51216617993  1.706925E-16
8263.31447113333  1.644965E-16
8266.11677608672  1.585967E-16
8268.91908104012  1.622715E-16
8271.72138599351  1.472578E-16
8274.52369094691  1.452000E-16
8277.32599590031  1.494216E-16
8280.1283008537  1.090067E-16
8282.9306058071  9.639196E-17
8285.7329107605  1.068749E-16
8288.53521571389  1.387984E-16
8291.33752066729  1.262910E-16
8294.13982562068  9.405547E-17
8296.94213057408  1.162641E-16
8299.74443552747  1.258638E-16
8302.54674048087  1.246600E-16
8305.34904543427  1.421544E-16
8308.15135038766  1.790096E-16
8310.95365534106  1.668804E-16
8313.75596029445  1.408279E-16
8316.55826524785  1.397176E-16
8319.36057020124  1.481464E-16
8322.16287515464  1.498129E-16
8324.96518010803  1.571784E-16
8327.76748506143  1.496085E-16
8330.56979001483  1.635919E-16
8333.37209496822  1.558747E-16
8336.17439992162  1.513415E-16
8338.97670487501  1.237786E-16
8341.77900982841  1.265844E-16
8344.5813147818  2.075474E-16
8347.3836197352  1.468568E-16
8350.18592468859  1.499362E-16
8352.98822964199  1.877941E-16
8355.79053459539  1.344734E-16
8358.59283954878  1.305498E-16
8361.39514450218  1.400413E-16
8364.19744945557  1.293617E-16
8366.99975440897  1.350183E-16
8369.80205936237  1.611973E-16
8372.60436431576  1.337098E-16
8375.40666926916  1.500334E-16
8378.20897422255  1.193469E-16
8381.01127917595  1.715462E-16
8383.81358412935  1.330931E-16
8386.61588908274  1.403233E-16
8389.41819403613  1.874516E-16
8392.22049898953  1.404680E-16
8395.02280394293  1.831877E-16
8397.82510889632  1.803141E-16
8400.62741384972  1.345801E-16
8403.42971880311  1.237940E-16
8406.23202375651  1.478818E-16
8409.03432870991  1.444552E-16
8411.8366336633  1.509742E-16
8414.6389386167  1.616986E-16
8417.44124357009  1.591016E-16
8420.24354852349  1.601339E-16
8423.04585347688  1.356954E-16
8425.84815843028  1.367291E-16
8428.65046338367  1.542538E-16
8431.45276833707  1.509452E-16
8434.25507329047  1.627882E-16
8437.05737824386  1.509128E-16
8439.85968319726  1.325051E-16
8442.66198815065  1.429831E-16
8445.46429310405  1.331221E-16
8448.26659805745  1.508915E-16
8451.06890301084  1.440462E-16
8453.87120796424  1.325959E-16
8456.67351291763  1.218638E-16
8459.47581787103  1.226723E-16
8462.27812282442  1.410456E-16
8465.08042777782  1.603107E-16
8467.88273273121  1.427891E-16
8470.68503768461  1.612595E-16
8473.48734263801  1.735238E-16
8476.2896475914  1.550005E-16
8479.0919525448  1.711930E-16
8481.89425749819  1.617407E-16
8484.69656245159  1.638787E-16
8487.49886740499  1.622054E-16
8490.30117235838  1.621462E-16
8493.10347731178  1.736546E-16
8495.90578226517  1.601146E-16
8498.70808721857  1.623693E-16
8501.51039217196  1.488331E-16
8504.31269712536  1.676490E-16
8507.11500207875  1.533467E-16
8509.91730703215  1.536584E-16
8512.71961198555  1.814193E-16
8515.52191693894  1.678942E-16
8518.32422189234  1.752458E-16
8521.12652684573  2.161796E-16
8523.92883179913  1.689208E-16
8526.73113675253  1.874552E-16
8529.53344170592  1.686533E-16
8532.33574665932  1.645859E-16
8535.13805161271  1.643727E-16
8537.94035656611  1.649028E-16
8540.7426615195  1.367258E-16
8543.5449664729  1.350952E-16
8546.34727142629  1.425489E-16
8549.14957637969  1.669018E-16
8551.95188133309  1.660071E-16
8554.75418628648  1.495416E-16
8557.55649123988  1.685660E-16
8560.35879619327  1.873080E-16
8563.16110114667  1.897117E-16
8565.96340610007  1.504454E-16
8568.76571105346  1.502781E-16
8571.56801600686  1.486362E-16
8574.37032096025  1.604436E-16
8577.17262591365  1.309952E-16
8579.97493086704  1.510806E-16
8582.77723582044  1.436884E-16
8585.57954077383  1.621319E-16
8588.38184572723  1.418816E-16
8591.18415068063  1.419224E-16
8593.98645563402  1.267348E-16
8596.78876058742  1.641711E-16
8599.59106554081  1.335802E-16
8602.39337049421  1.258927E-16
8605.19567544761  1.356195E-16
8607.997980401  1.561803E-16
8610.8002853544  1.311892E-16
8613.60259030779  1.439751E-16
8616.40489526119  1.573333E-16
8619.20720021458  1.334843E-16
8622.00950516798  1.610909E-16
8624.81181012137  1.532929E-16
8627.61411507477  1.807634E-16
8630.41642002817  1.991951E-16
8633.21872498156  1.232974E-16
8636.02102993496  1.362002E-16
8638.82333488835  1.789959E-16
8641.62563984175  1.778906E-16
8644.42794479515  1.802535E-16
8647.23024974854  1.557170E-16
8650.03255470193  1.789406E-16
8652.83485965533  1.262569E-16
8655.63716460873  1.589683E-16
8658.43946956212  1.776347E-16
8661.24177451552  2.053793E-16
8664.04407946891  1.574913E-16
8666.84638442231  1.502644E-16
8669.64868937571  1.728258E-16
8672.4509943291  1.688246E-16
8675.2532992825  1.496879E-16
8678.05560423589  1.658624E-16
8680.85790918929  1.651715E-16
8683.66021414269  1.506107E-16
8686.46251909608  1.460176E-16
8689.26482404948  1.676608E-16
8692.06712900287  1.221050E-16
8694.86943395627  1.473618E-16
8697.67173890966  1.574003E-16
8700.47404386306  1.505012E-16
8703.27634881645  1.647114E-16
8706.07865376985  1.471775E-16
8708.88095872325  1.431411E-16
8711.68326367664  1.542047E-16
8714.48556863004  1.190965E-16
8717.28787358343  1.466618E-16
8720.09017853683  1.294243E-16
8722.89248349022  1.442086E-16
8725.69478844362  1.492259E-16
8728.49709339701  1.648551E-16
8731.29939835041  1.601686E-16
8734.10170330381  1.422768E-16
8736.9040082572  1.443759E-16
8739.7063132106  1.530346E-16
8742.50861816399  1.308739E-16
8745.31092311739  1.719698E-16
8748.11322807079  1.585423E-16
8750.91553302418  1.524095E-16
8753.71783797758  1.487127E-16
8756.52014293097  1.516475E-16
8759.32244788437  1.733599E-16
8762.12475283777  1.953903E-16
8764.92705779116  1.219951E-16
8767.72936274456  1.440888E-16
8770.53166769795  1.501313E-16
8773.33397265135  1.131497E-16
8776.13627760474  1.613836E-16
8778.93858255814  1.253962E-16
8781.74088751153  1.780575E-16
8784.54319246493  1.542861E-16
8787.34549741833  1.407126E-16
8790.14780237172  1.258763E-16
8792.95010732512  1.054782E-16
8795.75241227851  1.391421E-16
8798.55471723191  1.443460E-16
8801.3570221853  1.237890E-16
8804.1593271387  1.186566E-16
8806.96163209209  1.483226E-16
8809.76393704549  1.215284E-16
8812.56624199889  1.550290E-16
8815.36854695228  1.475945E-16
8818.17085190568  1.555084E-16
8820.97315685907  1.185646E-16
8823.77546181247  1.171709E-16
8826.57776676587  2.268251E-16
8829.38007171926  1.731582E-16
8832.18237667266  1.679835E-16
8834.98468162605  1.406604E-16
8837.78698657945  1.652112E-16
8840.58929153285  1.862343E-16
8843.39159648624  1.513249E-16
8846.19390143963  1.341959E-16
8848.99620639303  1.327960E-16
8851.79851134643  1.160526E-16
8854.60081629982  1.572811E-16
8857.40312125322  1.776092E-16
8860.20542620661  1.139144E-16
8863.00773116001  1.799435E-16
8865.81003611341  1.891959E-16
8868.6123410668  1.398525E-16
8871.4146460202  1.315055E-16
8874.21695097359  1.540753E-16
8877.01925592699  1.614297E-16
8879.82156088038  1.411894E-16
8882.62386583378  1.588708E-16
8885.42617078717  1.711445E-16
8888.22847574057  1.335795E-16
8891.03078069397  7.474493E-17
8893.83308564736  1.446748E-16
8896.63539060076  1.433303E-16
8899.43769555415  1.524503E-16
8902.24000050755  9.869881E-17
8905.04230546095  1.070536E-16
8907.84461041434  1.032755E-16
8910.64691536774  1.117929E-16
8913.44922032113  1.174413E-16
8916.25152527453  1.595089E-16
8919.05383022792  1.379553E-16
8921.85613518132  8.808396E-17
8924.65844013471  8.977433E-17
8927.46074508811  1.109881E-16
8930.26305004151  1.294495E-16
8933.0653549949  1.215147E-16
8935.8676599483  1.259742E-16
8938.6699649017  1.218080E-16
8941.47226985509  9.680016E-17
8944.27457480849  8.728772E-17
8947.07687976188  6.019864E-17
8949.87918471528  1.148558E-16
8952.68148966867  6.992555E-17
8955.48379462207  8.367021E-17
8958.28609957546  9.585839E-17
8961.08840452886  1.047801E-16
8963.89070948225  1.000498E-16
8966.69301443565  1.054592E-16
8969.49531938905  1.131092E-16
8972.29762434244  1.189534E-16
8975.09992929584  1.125839E-16
8977.90223424923  1.105044E-16
8980.70453920263  1.255583E-16
8983.50684415603  1.264496E-16
8986.30914910942  9.297966E-17
8989.11145406282  9.523978E-17
8991.91375901621  1.203553E-16
8994.71606396961  1.301500E-16
8997.518368923  1.757400E-16
9000.3206738764  1.767576E-16
9003.12297882979  1.053049E-16
9005.92528378319  1.267810E-16
9008.72758873659  1.263056E-16
9011.52989368998  1.033884E-16
9014.33219864338  1.098357E-16
9017.13450359677  9.979777E-17
9019.93680855017  1.202065E-16
9022.73911350357  1.242683E-16
9025.54141845696  1.178304E-16
9028.34372341036  1.309198E-16
9031.14602836375  1.212202E-16
9033.94833331715  1.836028E-16
9036.75063827054  1.351464E-16
9039.55294322394  1.556942E-16
9042.35524817733  1.135201E-16
9045.15755313073  1.348714E-16
9047.95985808413  7.684996E-17
9050.76216303752  1.217136E-16
9053.56446799092  1.262680E-16
9056.36677294431  1.151589E-16
9059.16907789771  1.381044E-16
9061.9713828511  1.375032E-16
9064.7736878045  1.012932E-16
9067.5759927579  1.024991E-16
9070.37829771129  9.256575E-17
9073.18060266469  1.206474E-16
9075.98290761808  9.568589E-17
9078.78521257148  9.645571E-17
9081.58751752487  8.949382E-17
9084.38982247827  9.883953E-17
9087.19212743167  1.000038E-16
9089.99443238506  9.696234E-17
9092.79673733846  9.898498E-17
9095.59904229185  9.568060E-17
9098.40134724525  6.947632E-17
9101.20365219865  9.611201E-17
9104.00595715204  9.647093E-17
9106.80826210544  1.074200E-16
9109.61056705883  1.111469E-16
9112.41287201223  1.095731E-16
9115.21517696562  8.954061E-17
9118.01748191902  9.631113E-17
9120.81978687241  1.040878E-16
9123.62209182581  9.461670E-17
9126.42439677921  8.618619E-17
9129.2267017326  1.053800E-16
9132.029006686  7.625683E-17
9134.83131163939  8.012533E-17
9137.63361659279  7.542885E-17
9140.43592154618  9.799099E-17
9143.23822649958  1.129258E-16
9146.04053145298  1.179218E-16
9148.84283640637  9.256534E-17
9151.64514135977  7.658352E-17
9154.44744631316  1.017022E-16
9157.24975126656  8.199189E-17
9160.05205621995  1.248408E-16
9162.85436117335  8.264624E-17
9165.65666612675  9.233825E-17
9168.45897108014  1.079578E-16
9171.26127603354  8.290500E-17
9174.06358098693  9.367140E-17
9176.86588594033  1.145075E-16
9179.66819089373  1.185266E-16
9182.47049584712  1.218724E-16
9185.27280080052  1.131260E-16
9188.07510575391  1.499775E-16
9190.87741070731  1.244893E-16
9193.6797156607  1.316245E-16
9196.4820206141  1.294657E-16
9199.28432556749  1.662363E-16
9202.08663052089  1.651170E-16
9204.88893547429  1.730560E-16
9207.69124042768  2.032155E-16
9210.49354538108  1.911302E-16
9213.29585033447  1.195955E-16
9216.09815528787  1.355100E-16
9218.90046024126  1.294724E-16
9221.70276519466  1.917078E-16
9224.50507014806  1.665236E-16
9227.30737510145  1.575122E-16
9230.10968005485  1.079633E-16
9232.91198500824  1.527723E-16
9235.71428996164  1.118324E-16
9238.51659491503  1.610508E-16
9241.31889986843  1.398917E-16
9244.12120482183  1.682425E-16
9246.92350977522  1.676175E-16
9249.72581472862  1.318700E-16
9252.52811968201  1.293863E-16
9255.33042463541  1.245775E-16
9258.1327295888  1.233718E-16
9260.9350345422  1.482828E-16
9263.7373394956  1.147769E-16
9266.53964444899  1.493736E-16
9269.34194940239  1.324631E-16
9272.14425435578  1.144115E-16
9274.94655930918  7.517746E-17
9277.74886426257  1.049965E-16
9280.55116921597  1.028574E-16
9283.35347416937  9.377723E-17
9286.15577912276  1.034269E-16
9288.95808407616  8.584362E-17
9291.76038902955  9.417758E-17
9294.56269398295  8.010720E-17
9297.36499893634  5.381323E-17
9300.16730388974  5.760197E-17
9302.96960884313  6.423613E-17
9305.77191379653  1.130156E-16
9308.57421874993  4.946054E-17
