3889.5549316406  7.928133E-16
3890.17300788013  7.890007E-16
3890.79108411965  8.069709E-16
3891.40916035918  8.662341E-16
3892.0272365987  9.234869E-16
3892.64531283822  9.383055E-16
3893.26338907775  9.463572E-16
3893.88146531727  1.036830E-15
3894.4995415568  1.021047E-15
3895.11761779632  1.067408E-15
3895.73569403584  1.122413E-15
3896.35377027537  1.154063E-15
3896.97184651489  1.184972E-15
3897.58992275442  1.217217E-15
3898.20799899394  1.203937E-15
3898.82607523347  1.157305E-15
3899.44415147299  1.126144E-15
3900.06222771251  1.149537E-15
3900.68030395204  1.158393E-15
3901.29838019156  1.193654E-15
3901.91645643108  1.156241E-15
3902.53453267061  1.130079E-15
3903.15260891013  1.145732E-15
3903.77068514966  1.092752E-15
3904.38876138918  1.153035E-15
3905.00683762871  1.116787E-15
3905.62491386823  9.899079E-16
3906.24299010775  1.138599E-15
3906.86106634728  1.111054E-15
3907.4791425868  1.039814E-15
3908.09721882633  1.041541E-15
3908.71529506585  1.077793E-15
3909.33337130537  1.053120E-15
3909.9514475449  1.084077E-15
3910.56952378442  9.857908E-16
3911.18760002395  8.999641E-16
3911.80567626347  9.258202E-16
3912.42375250299  9.512689E-16
3913.04182874252  9.959585E-16
3913.65990498204  9.873615E-16
3914.27798122157  9.174204E-16
3914.89605746109  8.975978E-16
3915.51413370061  9.770446E-16
3916.13220994014  9.359543E-16
3916.75028617966  9.327178E-16
3917.36836241919  9.777064E-16
3917.98643865871  1.012179E-15
3918.60451489824  1.061322E-15
3919.22259113776  9.885694E-16
3919.84066737728  9.825695E-16
3920.45874361681  9.900374E-16
3921.07681985633  9.789024E-16
3921.69489609586  9.874893E-16
3922.31297233538  9.975682E-16
3922.9310485749  1.040516E-15
3923.54912481443  1.025989E-15
3924.16720105395  9.825842E-16
3924.78527729348  1.003113E-15
3925.403353533  1.080872E-15
3926.02142977252  1.094234E-15
3926.63950601205  1.073480E-15
3927.25758225157  1.060597E-15
3927.8756584911  1.073415E-15
3928.49373473062  1.076912E-15
3929.11181097014  1.052306E-15
3929.72988720967  1.005231E-15
3930.34796344919  9.506954E-16
3930.96603968872  9.481795E-16
3931.58411592824  9.691838E-16
3932.20219216776  9.800737E-16
3932.82026840729  9.390123E-16
3933.43834464681  9.566321E-16
3934.05642088634  9.319126E-16
3934.67449712586  9.069034E-16
3935.29257336538  9.496918E-16
3935.91064960491  9.789311E-16
3936.52872584443  9.481322E-16
3937.14680208396  9.311048E-16
3937.76487832348  9.950948E-16
3938.382954563  1.070050E-15
3939.00103080253  1.075314E-15
3939.61910704205  1.037212E-15
3940.23718328158  1.037686E-15
3940.8552595211  1.059624E-15
3941.47333576063  1.061394E-15
3942.09141200015  1.089414E-15
3942.70948823967  1.173046E-15
3943.3275644792  1.220176E-15
3943.94564071872  1.207859E-15
3944.56371695825  1.159563E-15
3945.18179319777  1.162447E-15
3945.79986943729  1.169580E-15
3946.41794567682  1.193140E-15
3947.03602191634  1.164515E-15
3947.65409815587  1.219710E-15
3948.27217439539  1.258845E-15
3948.89025063491  1.160575E-15
3949.50832687444  1.182863E-15
3950.12640311396  1.188113E-15
3950.74447935349  1.196463E-15
3951.36255559301  1.238463E-15
3951.98063183253  1.268231E-15
3952.59870807206  1.281205E-15
3953.21678431158  1.250540E-15
3953.83486055111  1.264243E-15
3954.45293679063  1.328360E-15
3955.07101303015  1.355353E-15
3955.68908926968  1.332477E-15
3956.3071655092  1.369046E-15
3956.92524174873  1.394467E-15
3957.54331798825  1.388743E-15
3958.16139422777  1.431361E-15
3958.7794704673  1.455786E-15
3959.39754670682  1.426223E-15
3960.01562294635  1.488882E-15
3960.63369918587  1.534518E-15
3961.2517754254  1.470717E-15
3961.86985166492  1.448355E-15
3962.48792790444  1.439285E-15
3963.10600414397  1.378421E-15
3963.72408038349  1.386816E-15
3964.34215662302  1.400323E-15
3964.96023286254  1.343220E-15
3965.57830910206  1.272153E-15
3966.19638534159  1.265645E-15
3966.81446158111  1.230465E-15
3967.43253782064  1.150611E-15
3968.05061406016  1.124615E-15
3968.66869029968  1.129972E-15
3969.28676653921  1.136730E-15
3969.90484277873  1.081287E-15
3970.52291901826  1.035844E-15
3971.14099525778  1.110034E-15
3971.7590714973  1.178278E-15
3972.37714773683  1.171751E-15
3972.99522397635  1.173149E-15
3973.61330021588  1.260034E-15
3974.2313764554  1.315358E-15
3974.84945269492  1.362792E-15
3975.46752893445  1.362414E-15
3976.08560517397  1.351378E-15
3976.7036814135  1.388515E-15
3977.32175765302  1.392797E-15
3977.93983389254  1.410726E-15
3978.55791013207  1.433383E-15
3979.17598637159  1.413969E-15
3979.79406261112  1.395008E-15
3980.41213885064  1.377879E-15
3981.03021509017  1.331945E-15
3981.64829132969  1.343907E-15
3982.26636756921  1.330981E-15
3982.88444380874  1.252651E-15
3983.50252004826  1.270294E-15
3984.12059628779  1.254209E-15
3984.73867252731  1.173168E-15
3985.35674876683  1.169308E-15
3985.97482500636  1.209727E-15
3986.59290124588  1.150353E-15
3987.21097748541  1.138973E-15
3987.82905372493  1.132069E-15
3988.44712996445  1.116563E-15
3989.06520620398  1.059357E-15
3989.6832824435  1.065812E-15
3990.30135868303  1.048688E-15
3990.91943492255  1.003587E-15
3991.53751116207  9.585965E-16
3992.1555874016  9.569818E-16
3992.77366364112  9.999943E-16
3993.39173988065  8.900371E-16
3994.00981612017  8.945407E-16
3994.62789235969  9.158160E-16
3995.24596859922  8.882804E-16
3995.86404483874  8.904601E-16
3996.48212107827  8.750779E-16
3997.10019731779  8.707595E-16
3997.71827355732  8.779629E-16
3998.33634979684  8.823037E-16
3998.95442603636  8.917454E-16
3999.57250227589  8.519813E-16
4000.19057851541  8.457707E-16
4000.80865475494  8.210904E-16
4001.42673099446  8.192640E-16
4002.04480723398  8.307135E-16
4002.66288347351  8.475340E-16
4003.28095971303  8.282090E-16
4003.89903595255  8.180972E-16
4004.51711219208  8.223533E-16
4005.1351884316  7.965727E-16
4005.75326467113  8.353392E-16
4006.37134091065  8.726975E-16
4006.98941715018  8.406351E-16
4007.6074933897  8.816775E-16
4008.22556962922  8.474791E-16
4008.84364586875  8.342920E-16
4009.46172210827  8.619975E-16
4010.0797983478  8.521707E-16
4010.69787458732  8.400851E-16
4011.31595082684  8.294204E-16
4011.93402706637  8.336191E-16
4012.55210330589  8.433943E-16
4013.17017954542  8.155226E-16
4013.78825578494  8.278177E-16
4014.40633202447  8.280997E-16
4015.02440826399  7.988316E-16
4015.64248450351  8.041138E-16
4016.26056074304  8.211360E-16
4016.87863698256  8.149967E-16
4017.49671322208  8.179031E-16
4018.11478946161  8.319584E-16
4018.73286570113  8.393756E-16
4019.35094194066  8.089490E-16
4019.96901818018  7.671095E-16
4020.58709441971  7.402953E-16
4021.20517065923  7.421217E-16
4021.82324689875  7.491404E-16
4022.44132313828  7.439520E-16
4023.0593993778  7.511218E-16
4023.67747561733  7.267513E-16
4024.29555185685  7.345523E-16
4024.91362809637  7.381003E-16
4025.5317043359  7.158345E-16
4026.14978057542  6.868671E-16
4026.76785681495  6.981576E-16
4027.38593305447  7.530186E-16
4028.00400929399  7.382682E-16
4028.62208553352  7.511723E-16
4029.24016177304  7.858520E-16
4029.85823801257  7.988667E-16
4030.47631425209  7.328389E-16
4031.09439049161  7.580935E-16
4031.71246673114  8.095497E-16
4032.33054297066  8.017802E-16
4032.94861921019  8.185465E-16
4033.56669544971  8.242050E-16
4034.18477168924  8.307364E-16
4034.80284792876  8.059634E-16
4035.42092416828  7.919035E-16
4036.03900040781  8.052698E-16
4036.65707664733  8.160520E-16
4037.27515288685  8.004168E-16
4037.89322912638  7.825393E-16
4038.5113053659  7.929017E-16
4039.12938160543  8.087138E-16
4039.74745784495  7.932577E-16
4040.36553408447  8.478347E-16
4040.983610324  8.163475E-16
4041.60168656352  7.966693E-16
4042.21976280305  7.851518E-16
4042.83783904257  7.777153E-16
4043.4559152821  8.258620E-16
4044.07399152162  8.272160E-16
4044.69206776114  7.626157E-16
4045.31014400067  7.584482E-16
4045.92822024019  7.939109E-16
4046.54629647972  7.797679E-16
4047.16437271924  7.790788E-16
4047.78244895876  7.966414E-16
4048.40052519829  8.300598E-16
4049.01860143781  7.865506E-16
4049.63667767734  7.710196E-16
4050.25475391686  7.937037E-16
4050.87283015638  7.546430E-16
4051.49090639591  7.715026E-16
4052.10898263543  7.639250E-16
4052.72705887495  7.192407E-16
4053.34513511448  7.462863E-16
4053.963211354  7.960684E-16
4054.58128759353  7.705171E-16
4055.19936383305  7.786706E-16
4055.81744007258  7.480345E-16
4056.4355163121  7.215807E-16
4057.05359255162  7.111132E-16
4057.67166879115  7.681580E-16
4058.28974503067  7.643781E-16
4058.9078212702  7.626384E-16
4059.52589750972  7.670053E-16
4060.14397374925  7.761119E-16
4060.76204998877  7.887231E-16
4061.38012622829  7.431865E-16
4061.99820246782  7.301772E-16
4062.61627870734  7.396255E-16
4063.23435494687  7.656987E-16
4063.85243118639  8.036803E-16
4064.47050742591  7.579725E-16
4065.08858366544  7.723440E-16
4065.70665990496  7.953863E-16
4066.32473614449  7.749653E-16
4066.94281238401  8.105225E-16
4067.56088862353  8.120902E-16
4068.17896486306  7.656370E-16
4068.79704110258  7.949044E-16
4069.41511734211  8.581962E-16
4070.03319358163  8.399622E-16
4070.65126982115  8.187847E-16
4071.26934606068  8.115087E-16
4071.8874223002  8.275053E-16
4072.50549853973  8.456536E-16
4073.12357477925  8.774750E-16
4073.74165101877  8.727493E-16
4074.3597272583  8.787269E-16
4074.97780349782  8.936918E-16
4075.59587973735  9.031702E-16
4076.21395597687  9.073573E-16
4076.83203221639  9.121741E-16
4077.45010845592  9.054478E-16
4078.06818469544  9.144346E-16
4078.68626093497  9.232571E-16
4079.30433717449  9.772636E-16
4079.92241341402  1.002166E-15
4080.54048965354  1.065277E-15
4081.15856589306  1.070994E-15
4081.77664213259  1.078071E-15
4082.39471837211  1.089530E-15
4083.01279461164  1.122021E-15
4083.63087085116  1.152358E-15
4084.24894709068  1.188001E-15
4084.86702333021  1.213644E-15
4085.48509956973  1.191810E-15
4086.10317580926  1.209118E-15
4086.72125204878  1.283666E-15
4087.3393282883  1.336654E-15
4087.95740452783  1.357777E-15
4088.57548076735  1.371392E-15
4089.19355700687  1.432143E-15
4089.8116332464  1.416843E-15
4090.42970948592  1.364732E-15
4091.04778572545  1.421001E-15
4091.66586196497  1.413065E-15
4092.2839382045  1.422131E-15
4092.90201444402  1.478100E-15
4093.52009068355  1.466073E-15
4094.13816692307  1.467217E-15
4094.75624316259  1.454718E-15
4095.37431940212  1.396332E-15
4095.99239564164  1.356564E-15
4096.61047188117  1.318689E-15
4097.22854812069  1.276740E-15
4097.84662436021  1.232970E-15
4098.46470059974  1.167607E-15
4099.08277683926  1.129184E-15
4099.70085307879  1.085012E-15
4100.31892931831  1.057929E-15
4100.93700555783  1.016341E-15
4101.55508179736  1.023630E-15
4102.17315803688  1.049713E-15
4102.7912342764  1.064921E-15
4103.40931051593  1.100757E-15
4104.02738675545  1.166253E-15
4104.64546299498  1.236099E-15
4105.2635392345  1.249767E-15
4105.88161547403  1.268620E-15
4106.49969171355  1.291543E-15
4107.11776795307  1.308794E-15
4107.7358441926  1.352320E-15
4108.35392043212  1.426372E-15
4108.97199667165  1.438158E-15
4109.59007291117  1.408459E-15
4110.20814915069  1.390341E-15
4110.82622539022  1.381343E-15
4111.44430162974  1.432415E-15
4112.06237786927  1.414922E-15
4112.68045410879  1.391789E-15
4113.29853034832  1.377912E-15
4113.91660658784  1.399339E-15
4114.53468282736  1.394513E-15
4115.15275906689  1.356645E-15
4115.77083530641  1.289802E-15
4116.38891154593  1.255300E-15
4117.00698778546  1.243654E-15
4117.62506402498  1.272420E-15
4118.24314026451  1.202662E-15
4118.86121650403  1.172478E-15
4119.47929274355  1.191266E-15
4120.09736898308  1.154310E-15
4120.7154452226  1.125806E-15
4121.33352146213  1.072207E-15
4121.95159770165  1.067919E-15
4122.56967394118  1.063180E-15
4123.1877501807  1.009989E-15
4123.80582642022  9.967423E-16
4124.42390265975  1.015695E-15
4125.04197889927  1.018205E-15
4125.6600551388  9.727371E-16
4126.27813137832  9.297166E-16
4126.89620761784  9.006651E-16
4127.51428385737  8.949284E-16
4128.13236009689  9.158434E-16
4128.75043633642  9.070578E-16
4129.36851257594  8.669593E-16
4129.98658881546  8.605444E-16
4130.60466505499  8.699716E-16
4131.22274129451  8.484625E-16
4131.84081753404  8.170212E-16
4132.45889377356  8.049988E-16
4133.07697001308  7.850001E-16
4133.69504625261  7.715096E-16
4134.31312249213  7.949561E-16
4134.93119873166  7.930745E-16
4135.54927497118  7.888214E-16
4136.1673512107  7.726425E-16
4136.78542745023  7.699373E-16
4137.40350368975  7.598296E-16
4138.02157992928  7.601629E-16
4138.6396561688  7.372346E-16
4139.25773240832  7.771145E-16
4139.87580864785  7.491424E-16
4140.49388488737  7.318003E-16
4141.1119611269  7.349934E-16
4141.73003736642  7.171214E-16
4142.34811360595  7.385123E-16
4142.96618984547  7.605819E-16
4143.58426608499  7.180931E-16
4144.20234232452  7.156753E-16
4144.82041856404  7.229664E-16
4145.43849480357  6.984278E-16
4146.05657104309  7.170400E-16
4146.67464728261  7.504415E-16
4147.29272352214  7.784929E-16
4147.91079976166  7.171890E-16
4148.52887600119  7.154354E-16
4149.14695224071  7.099242E-16
4149.76502848023  6.982432E-16
4150.38310471976  6.862994E-16
4151.00118095928  6.589056E-16
4151.6192571988  6.762735E-16
4152.23733343833  6.834968E-16
4152.85540967785  7.215622E-16
4153.47348591738  7.371092E-16
4154.0915621569  7.284658E-16
4154.70963839643  7.180153E-16
4155.32771463595  6.912620E-16
4155.94579087547  6.614738E-16
4156.563867115  6.582836E-16
4157.18194335452  6.903780E-16
4157.80001959405  6.846459E-16
4158.41809583357  6.820093E-16
4159.0361720731  6.828502E-16
4159.65424831262  6.784909E-16
4160.27232455214  6.790585E-16
4160.89040079167  6.973966E-16
4161.50847703119  6.803776E-16
4162.12655327072  6.560081E-16
4162.74462951024  6.509104E-16
4163.36270574976  6.587320E-16
4163.98078198929  6.741350E-16
4164.59885822881  6.927300E-16
4165.21693446834  6.781228E-16
4165.83501070786  6.623020E-16
4166.45308694738  6.766643E-16
4167.07116318691  6.674459E-16
4167.68923942643  6.422152E-16
4168.30731566595  6.514790E-16
4168.92539190548  6.611471E-16
4169.543468145  7.068336E-16
4170.16154438453  7.073321E-16
4170.77962062405  6.780827E-16
4171.39769686358  6.826966E-16
4172.0157731031  6.781062E-16
4172.63384934263  6.653095E-16
4173.25192558215  6.486437E-16
4173.87000182167  6.769864E-16
4174.4880780612  6.749873E-16
4175.10615430072  6.432403E-16
4175.72423054024  6.408864E-16
4176.34230677977  6.785599E-16
4176.96038301929  6.787257E-16
4177.57845925882  6.448379E-16
4178.19653549834  6.328267E-16
4178.81461173787  6.601474E-16
4179.43268797739  6.237768E-16
4180.05076421691  6.420784E-16
4180.66884045644  6.634347E-16
4181.28691669596  6.577869E-16
4181.90499293548  6.472415E-16
4182.52306917501  6.489192E-16
4183.14114541453  6.917201E-16
4183.75922165406  6.840046E-16
4184.37729789358  6.545406E-16
4184.99537413311  6.622290E-16
4185.61345037263  6.734800E-16
4186.23152661215  6.763234E-16
4186.84960285168  6.602132E-16
4187.4676790912  6.749831E-16
4188.08575533073  6.596235E-16
4188.70383157025  6.916768E-16
4189.32190780977  6.576168E-16
4189.9399840493  6.104241E-16
4190.55806028882  6.503316E-16
4191.17613652835  6.547874E-16
4191.79421276787  6.216924E-16
4192.4122890074  6.500021E-16
4193.03036524692  6.484068E-16
4193.64844148644  6.236368E-16
4194.26651772597  6.636213E-16
4194.88459396549  6.705501E-16
4195.50267020501  6.675217E-16
4196.12074644454  6.867327E-16
4196.73882268406  6.838515E-16
4197.35689892359  6.478480E-16
4197.97497516311  6.568223E-16
4198.59305140264  6.934439E-16
4199.21112764216  6.583838E-16
4199.82920388168  6.335078E-16
4200.44728012121  6.396545E-16
4201.06535636073  6.254039E-16
4201.68343260025  6.282788E-16
4202.30150883978  6.139167E-16
4202.9195850793  6.295707E-16
4203.53766131883  6.512116E-16
4204.15573755835  6.417017E-16
4204.77381379788  6.268945E-16
4205.3918900374  6.463175E-16
4206.00996627692  6.484755E-16
4206.62804251645  6.340463E-16
4207.24611875597  6.640076E-16
4207.8641949955  6.608535E-16
4208.48227123502  6.339765E-16
4209.10034747454  6.274911E-16
4209.71842371407  5.924313E-16
4210.33649995359  6.032046E-16
4210.95457619312  6.769188E-16
4211.57265243264  6.884367E-16
4212.19072867216  6.314668E-16
4212.80880491169  6.197801E-16
4213.42688115121  6.518941E-16
4214.04495739074  6.613711E-16
4214.66303363026  6.027514E-16
4215.28110986978  6.298520E-16
4215.89918610931  6.924925E-16
4216.51726234883  6.469160E-16
4217.13533858836  6.485778E-16
4217.75341482788  6.706804E-16
4218.37149106741  6.265637E-16
4218.98956730693  6.531745E-16
4219.60764354645  6.688585E-16
4220.22571978598  6.415492E-16
4220.8437960255  6.166069E-16
4221.46187226503  6.239765E-16
4222.07994850455  6.362228E-16
4222.69802474407  6.240413E-16
4223.3161009836  6.346869E-16
4223.93417722312  6.726188E-16
4224.55225346265  6.621246E-16
4225.17032970217  6.772540E-16
4225.78840594169  6.620624E-16
4226.40648218122  6.367754E-16
4227.02455842074  6.599520E-16
4227.64263466027  6.526379E-16
4228.26071089979  6.160611E-16
4228.87878713931  6.277683E-16
4229.49686337884  6.542730E-16
4230.11493961836  6.515042E-16
4230.73301585789  6.370245E-16
4231.35109209741  6.385371E-16
4231.96916833694  6.446528E-16
4232.58724457646  6.363590E-16
4233.20532081598  6.420960E-16
4233.82339705551  6.674418E-16
4234.44147329503  6.476315E-16
4235.05954953455  6.252981E-16
4235.67762577408  6.357079E-16
4236.2957020136  6.245150E-16
4236.91377825313  6.505065E-16
4237.53185449265  6.452332E-16
4238.14993073217  6.339001E-16
4238.7680069717  6.155902E-16
4239.38608321122  5.988730E-16
4240.00415945075  6.199349E-16
4240.62223569027  6.353275E-16
4241.2403119298  6.353443E-16
4241.85838816932  6.384175E-16
4242.47646440884  6.309583E-16
4243.09454064837  5.954174E-16
4243.71261688789  6.194670E-16
4244.33069312742  6.316188E-16
4244.94876936694  6.086426E-16
4245.56684560646  6.358870E-16
4246.18492184599  6.555473E-16
4246.80299808551  6.390585E-16
4247.42107432504  6.354819E-16
4248.03915056456  6.109085E-16
4248.65722680408  6.236609E-16
4249.27530304361  6.484303E-16
4249.89337928313  6.208489E-16
4250.51145552266  6.302872E-16
4251.12953176218  6.254524E-16
4251.7476080017  6.272503E-16
4252.36568424123  6.137864E-16
4252.98376048075  6.229690E-16
4253.60183672028  6.187346E-16
4254.2199129598  6.122956E-16
4254.83798919932  6.051409E-16
4255.45606543885  5.800984E-16
4256.07414167837  5.766923E-16
4256.6922179179  5.993322E-16
4257.31029415742  6.268313E-16
4257.92837039695  6.378608E-16
4258.54644663647  6.071084E-16
4259.16452287599  5.912913E-16
4259.78259911552  6.173014E-16
4260.40067535504  6.078757E-16
4261.01875159457  6.030074E-16
4261.63682783409  6.285847E-16
4262.25490407361  6.340099E-16
4262.87298031314  6.308790E-16
4263.49105655266  6.313232E-16
4264.10913279219  6.260620E-16
4264.72720903171  6.216301E-16
4265.34528527123  6.132418E-16
4265.96336151076  6.181490E-16
4266.58143775028  6.107349E-16
4267.19951398981  5.937076E-16
4267.81759022933  6.204593E-16
4268.43566646885  6.144322E-16
4269.05374270838  5.942794E-16
4269.6718189479  6.124671E-16
4270.28989518743  5.980938E-16
4270.90797142695  5.995142E-16
4271.52604766647  6.017649E-16
4272.144123906  6.063355E-16
4272.76220014552  6.183979E-16
4273.38027638505  6.154740E-16
4273.99835262457  5.851535E-16
4274.61642886409  5.906647E-16
4275.23450510362  5.949773E-16
4275.85258134314  6.042073E-16
4276.47065758267  6.089555E-16
4277.08873382219  6.226895E-16
4277.70681006171  6.407899E-16
4278.32488630124  6.458379E-16
4278.94296254076  6.589421E-16
4279.56103878029  6.311463E-16
4280.17911501981  6.231382E-16
4280.79719125933  6.170100E-16
4281.41526749886  6.260346E-16
4282.03334373838  6.412284E-16
4282.65141997791  6.489145E-16
4283.26949621743  6.169552E-16
4283.88757245696  6.479960E-16
4284.50564869648  6.636242E-16
4285.123724936  6.355745E-16
4285.74180117553  6.546207E-16
4286.35987741505  6.496268E-16
4286.97795365458  6.489575E-16
4287.5960298941  6.338098E-16
4288.21410613362  6.491018E-16
4288.83218237315  6.447292E-16
4289.45025861267  6.513873E-16
4290.0683348522  6.527504E-16
4290.68641109172  6.684337E-16
4291.30448733124  6.906989E-16
4291.92256357077  6.863971E-16
4292.54063981029  6.496558E-16
4293.15871604982  6.634305E-16
4293.77679228934  6.750554E-16
4294.39486852886  6.303792E-16
4295.01294476839  6.441241E-16
4295.63102100791  6.565758E-16
4296.24909724744  6.549046E-16
4296.86717348696  6.567072E-16
4297.48524972649  6.477334E-16
4298.10332596601  6.909078E-16
4298.72140220553  6.788221E-16
4299.33947844506  6.689661E-16
4299.95755468458  6.464179E-16
4300.5756309241  6.350822E-16
4301.19370716363  6.730651E-16
4301.81178340315  6.729535E-16
4302.42985964268  6.876918E-16
4303.0479358822  7.122797E-16
4303.66601212173  6.977534E-16
4304.28408836125  7.141430E-16
4304.90216460077  6.869770E-16
4305.5202408403  6.761077E-16
4306.13831707982  7.230587E-16
4306.75639331935  7.650079E-16
4307.37446955887  7.570479E-16
4307.99254579839  7.457391E-16
4308.61062203792  7.661653E-16
4309.22869827744  8.019541E-16
4309.84677451697  8.033706E-16
4310.46485075649  7.751083E-16
4311.08292699601  7.741249E-16
4311.70100323554  8.039503E-16
4312.31907947506  8.053781E-16
4312.93715571459  8.382801E-16
4313.55523195411  8.693945E-16
4314.17330819363  8.553149E-16
4314.79138443316  8.541219E-16
4315.40946067268  8.825836E-16
4316.02753691221  8.762675E-16
4316.64561315173  8.882351E-16
4317.26368939126  9.303250E-16
4317.88176563078  9.439111E-16
4318.4998418703  9.690339E-16
4319.11791810983  9.906711E-16
4319.73599434935  1.006406E-15
4320.35407058888  1.054057E-15
4320.9721468284  1.027345E-15
4321.59022306792  1.026652E-15
4322.20829930745  1.104951E-15
4322.82637554697  1.104680E-15
4323.4444517865  1.079155E-15
4324.06252802602  1.157774E-15
4324.68060426554  1.195641E-15
4325.29868050507  1.189349E-15
4325.91675674459  1.227617E-15
4326.53483298412  1.228779E-15
4327.15290922364  1.306810E-15
4327.77098546316  1.354380E-15
4328.38906170269  1.326880E-15
4329.00713794221  1.334620E-15
4329.62521418174  1.369682E-15
4330.24329042126  1.386597E-15
4330.86136666078  1.372260E-15
4331.47944290031  1.364627E-15
4332.09751913983  1.376177E-15
4332.71559537936  1.380323E-15
4333.33367161888  1.327021E-15
4333.95174785841  1.285002E-15
4334.56982409793  1.280704E-15
4335.18790033745  1.226968E-15
4335.80597657698  1.214613E-15
4336.4240528165  1.187707E-15
4337.04212905602  1.135578E-15
4337.66020529555  1.029775E-15
4338.27828153507  9.944240E-16
4338.8963577746  9.751135E-16
4339.51443401412  9.586584E-16
4340.13251025364  9.575916E-16
4340.75058649317  1.003050E-15
4341.36866273269  1.023920E-15
4341.98673897222  1.049955E-15
4342.60481521174  1.109156E-15
4343.22289145127  1.144946E-15
4343.84096769079  1.188294E-15
4344.45904393031  1.237644E-15
4345.07712016984  1.254826E-15
4345.69519640936  1.280057E-15
4346.31327264889  1.318879E-15
4346.93134888841  1.331848E-15
4347.54942512793  1.337956E-15
4348.16750136746  1.357106E-15
4348.78557760698  1.355604E-15
4349.40365384651  1.385155E-15
4350.02173008603  1.421243E-15
4350.63980632555  1.388497E-15
4351.25788256508  1.365105E-15
4351.8759588046  1.326474E-15
4352.49403504413  1.293726E-15
4353.11211128365  1.265464E-15
4353.73018752317  1.308408E-15
4354.3482637627  1.301742E-15
4354.96634000222  1.223988E-15
4355.58441624175  1.170852E-15
4356.20249248127  1.145374E-15
4356.82056872079  1.144465E-15
4357.43864496032  1.101210E-15
4358.05672119984  1.096532E-15
4358.67479743937  1.054787E-15
4359.29287367889  1.079439E-15
4359.91094991842  1.086264E-15
4360.52902615794  1.025960E-15
4361.14710239746  9.851818E-16
4361.76517863699  9.965626E-16
4362.38325487651  1.004944E-15
4363.00133111604  9.734862E-16
4363.61940735556  9.362080E-16
4364.23748359508  9.203477E-16
4364.85555983461  8.958705E-16
4365.47363607413  9.006666E-16
4366.09171231366  8.709474E-16
4366.70978855318  8.356311E-16
4367.3278647927  8.379276E-16
4367.94594103223  8.276275E-16
4368.56401727175  8.184542E-16
4369.18209351128  8.233427E-16
4369.8001697508  8.134451E-16
4370.41824599032  7.819473E-16
4371.03632222985  7.690142E-16
4371.65439846937  7.470944E-16
4372.2724747089  7.425457E-16
4372.89055094842  7.388881E-16
4373.50862718794  7.408730E-16
4374.12670342747  7.517796E-16
4374.74477966699  7.359804E-16
4375.36285590652  7.031063E-16
4375.98093214604  6.798709E-16
4376.59900838557  6.834420E-16
4377.21708462509  6.759520E-16
4377.83516086461  6.709369E-16
4378.45323710414  6.751733E-16
4379.07131334366  7.026615E-16
4379.68938958318  7.565097E-16
4380.30746582271  7.345666E-16
4380.92554206223  6.704380E-16
4381.54361830176  6.778254E-16
4382.16169454128  6.796869E-16
4382.77977078081  6.201194E-16
4383.39784702033  6.262673E-16
4384.01592325985  6.743172E-16
4384.63399949938  6.554051E-16
4385.2520757389  6.320134E-16
4385.87015197842  6.289894E-16
4386.48822821795  6.119042E-16
4387.10630445747  6.233783E-16
4387.724380697  6.444833E-16
4388.34245693652  6.294254E-16
4388.96053317605  6.333855E-16
4389.57860941557  6.316055E-16
4390.19668565509  6.004002E-16
4390.81476189462  6.539603E-16
4391.43283813414  6.769328E-16
4392.05091437367  6.569463E-16
4392.66899061319  6.254755E-16
4393.28706685271  6.287843E-16
4393.90514309224  6.548383E-16
4394.52321933176  6.357421E-16
4395.14129557129  6.298156E-16
4395.75937181081  6.455815E-16
4396.37744805034  6.399125E-16
4396.99552428986  6.602145E-16
4397.61360052938  6.478845E-16
4398.23167676891  6.320245E-16
4398.84975300843  6.055813E-16
4399.46782924795  6.162825E-16
4400.08590548748  6.459732E-16
4400.703981727  6.292168E-16
4401.32205796653  6.308128E-16
4401.94013420605  6.283266E-16
4402.55821044558  6.107002E-16
4403.1762866851  5.991774E-16
4403.79436292462  6.135462E-16
4404.41243916415  6.774478E-16
4405.03051540367  6.951620E-16
4405.6485916432  6.364179E-16
4406.26666788272  6.192438E-16
4406.88474412224  6.500569E-16
4407.50282036177  6.091297E-16
4408.12089660129  6.123461E-16
4408.73897284082  6.291824E-16
4409.35704908034  6.014019E-16
4409.97512531986  6.126286E-16
4410.59320155939  6.203463E-16
4411.21127779891  6.193790E-16
4411.82935403844  6.168559E-16
4412.44743027796  6.120515E-16
4413.06550651748  6.311233E-16
4413.68358275701  5.919049E-16
4414.30165899653  5.887028E-16
4414.91973523606  6.083009E-16
4415.53781147558  5.964807E-16
4416.15588771511  5.982333E-16
4416.77396395463  6.166775E-16
4417.39204019415  6.343827E-16
4418.01011643368  6.292448E-16
4418.6281926732  5.885227E-16
4419.24626891273  5.965968E-16
4419.86434515225  6.057426E-16
4420.48242139177  6.200866E-16
4421.1004976313  6.094732E-16
4421.71857387082  5.908321E-16
4422.33665011035  6.017554E-16
4422.95472634987  6.027248E-16
4423.57280258939  6.033046E-16
4424.19087882892  5.920541E-16
4424.80895506844  6.117397E-16
4425.42703130797  6.002227E-16
4426.04510754749  5.643586E-16
4426.66318378701  5.569297E-16
4427.28126002654  5.886951E-16
4427.89933626606  5.985098E-16
4428.51741250559  6.056483E-16
4429.13548874511  6.036787E-16
4429.75356498463  6.112155E-16
4430.37164122416  6.046670E-16
4430.98971746368  5.875261E-16
4431.60779370321  5.745045E-16
4432.22586994273  5.926282E-16
4432.84394618225  5.797119E-16
4433.46202242178  5.752189E-16
4434.0800986613  6.123362E-16
4434.69817490083  6.219432E-16
4435.31625114035  5.918602E-16
4435.93432737987  5.964197E-16
4436.5524036194  5.811136E-16
4437.17047985892  5.811984E-16
4437.78855609845  5.839565E-16
4438.40663233797  6.223675E-16
4439.0247085775  6.390918E-16
4439.64278481702  6.194936E-16
4440.26086105654  6.256358E-16
4440.87893729607  6.268277E-16
4441.49701353559  5.975118E-16
4442.11508977512  6.044661E-16
4442.73316601464  6.354243E-16
4443.35124225416  6.319933E-16
4443.96931849369  6.170486E-16
4444.58739473321  6.248650E-16
4445.20547097274  6.463373E-16
4445.82354721226  6.300447E-16
4446.44162345178  6.378627E-16
4447.05969969131  6.794555E-16
4447.67777593083  6.715597E-16
4448.29585217035  6.765733E-16
4448.91392840988  6.904219E-16
4449.5320046494  6.598047E-16
4450.15008088893  7.057331E-16
4450.76815712845  7.352651E-16
4451.38623336798  7.366517E-16
4452.0043096075  6.972046E-16
4452.62238584702  7.159319E-16
4453.24046208655  7.273026E-16
4453.85853832607  7.572311E-16
4454.4766145656  7.354411E-16
4455.09469080512  7.336209E-16
4455.71276704464  7.491997E-16
4456.33084328417  7.338029E-16
4456.94891952369  7.376665E-16
4457.56699576322  7.320916E-16
4458.18507200274  7.447993E-16
4458.80314824227  7.503083E-16
4459.42122448179  7.122287E-16
4460.03930072131  7.466234E-16
4460.65737696084  7.744421E-16
4461.27545320036  7.476603E-16
4461.89352943989  7.719749E-16
4462.51160567941  7.731509E-16
4463.12968191893  7.350834E-16
4463.74775815846  7.180174E-16
4464.36583439798  7.113948E-16
4464.98391063751  7.377470E-16
4465.60198687703  7.366039E-16
4466.22006311655  6.966652E-16
4466.83813935608  6.699513E-16
4467.4562155956  6.535065E-16
4468.07429183513  6.294608E-16
4468.69236807465  6.324088E-16
4469.31044431417  6.188510E-16
4469.9285205537  6.072309E-16
4470.54659679322  6.232765E-16
4471.16467303275  6.140818E-16
4471.78274927227  6.061748E-16
4472.40082551179  6.403604E-16
4473.01890175132  6.434678E-16
4473.63697799084  6.248449E-16
4474.25505423037  6.475186E-16
4474.87313046989  6.689779E-16
4475.49120670942  6.567540E-16
4476.10928294894  6.811117E-16
4476.72735918846  6.790421E-16
4477.34543542799  6.872360E-16
4477.96351166751  6.902515E-16
4478.58158790704  6.803502E-16
4479.19966414656  6.931803E-16
4479.81774038608  7.093400E-16
4480.43581662561  7.451958E-16
4481.05389286513  7.447844E-16
4481.67196910466  7.224232E-16
4482.29004534418  7.230791E-16
4482.9081215837  7.387495E-16
4483.52619782323  7.350137E-16
4484.14427406275  7.188456E-16
4484.76235030227  7.528551E-16
4485.3804265418  7.309969E-16
4485.99850278132  7.151628E-16
4486.61657902085  7.658697E-16
4487.23465526037  7.466573E-16
4487.8527314999  7.252319E-16
4488.47080773942  7.315179E-16
4489.08888397894  7.134735E-16
4489.70696021847  7.212922E-16
4490.32503645799  7.185584E-16
4490.94311269752  7.066070E-16
4491.56118893704  7.434524E-16
4492.17926517656  7.308003E-16
4492.79734141609  7.232194E-16
4493.41541765561  7.193605E-16
4494.03349389514  7.048353E-16
4494.65157013466  7.119966E-16
4495.26964637419  6.891630E-16
4495.88772261371  6.760968E-16
4496.50579885323  7.151029E-16
4497.12387509276  6.728643E-16
4497.74195133228  6.483498E-16
4498.3600275718  6.521765E-16
4498.97810381133  6.630467E-16
4499.59618005085  6.629476E-16
4500.21425629038  6.560876E-16
4500.8323325299  6.465422E-16
4501.45040876942  6.408374E-16
4502.06848500895  6.336260E-16
4502.68656124847  6.375184E-16
4503.304637488  6.379410E-16
4503.92271372752  6.243199E-16
4504.54078996705  6.151270E-16
4505.15886620657  6.224514E-16
4505.77694244609  6.379011E-16
4506.39501868562  6.070401E-16
4507.01309492514  5.950945E-16
4507.63117116467  5.927987E-16
4508.24924740419  5.953387E-16
4508.86732364372  5.737627E-16
4509.48539988324  5.880897E-16
4510.10347612276  6.164758E-16
4510.72155236229  6.269421E-16
4511.33962860181  5.948297E-16
4511.95770484133  5.845401E-16
4512.57578108086  5.777078E-16
4513.19385732038  6.163598E-16
4513.81193355991  6.151039E-16
4514.43000979943  6.019703E-16
4515.04808603895  6.028784E-16
4515.66616227848  5.805815E-16
4516.284238518  5.952656E-16
4516.90231475753  6.026788E-16
4517.52039099705  5.510683E-16
4518.13846723658  5.901866E-16
4518.7565434761  5.592609E-16
4519.37461971562  5.854032E-16
4519.99269595515  6.093308E-16
4520.61077219467  5.685737E-16
4521.2288484342  5.822240E-16
4521.84692467372  5.740975E-16
4522.46500091324  5.744493E-16
4523.08307715277  6.158732E-16
4523.70115339229  5.944583E-16
4524.31922963182  5.957369E-16
4524.93730587134  6.171397E-16
4525.55538211086  6.166689E-16
4526.17345835039  6.141168E-16
4526.79153458991  6.229608E-16
4527.40961082944  5.725736E-16
4528.02768706896  5.786504E-16
4528.64576330848  6.217850E-16
4529.26383954801  6.053884E-16
4529.88191578753  5.871524E-16
4530.49999202706  6.028840E-16
4531.11806826658  6.391377E-16
4531.7361445061  6.353227E-16
4532.35422074563  6.076219E-16
4532.97229698515  6.059530E-16
4533.59037322468  6.185760E-16
4534.2084494642  6.077122E-16
4534.82652570372  6.112237E-16
4535.44460194325  6.224608E-16
4536.06267818277  6.150455E-16
4536.6807544223  6.102733E-16
4537.29883066182  6.335430E-16
4537.91690690135  6.446042E-16
4538.53498314087  6.174405E-16
4539.15305938039  5.833946E-16
4539.77113561992  5.940382E-16
4540.38921185944  6.138957E-16
4541.00728809897  6.036224E-16
4541.62536433849  5.962444E-16
4542.24344057801  6.150603E-16
4542.86151681754  6.113379E-16
4543.47959305706  6.223442E-16
4544.09766929659  6.354018E-16
4544.71574553611  6.191150E-16
4545.33382177563  5.940984E-16
4545.95189801516  6.096324E-16
4546.56997425468  6.257751E-16
4547.1880504942  5.931188E-16
4547.80612673373  5.914304E-16
4548.42420297325  6.180607E-16
4549.04227921278  5.906467E-16
4549.6603554523  5.755332E-16
4550.27843169183  6.024338E-16
4550.89650793135  6.004314E-16
4551.51458417087  5.804357E-16
4552.1326604104  5.901894E-16
4552.75073664992  5.513514E-16
4553.36881288945  5.691818E-16
4553.98688912897  6.092359E-16
4554.6049653685  5.895362E-16
4555.22304160802  5.710671E-16
4555.84111784754  5.839117E-16
4556.45919408707  5.898218E-16
4557.07727032659  5.699943E-16
4557.69534656611  5.720308E-16
4558.31342280564  5.748901E-16
4558.93149904516  5.894098E-16
4559.54957528469  5.724259E-16
4560.16765152421  5.793685E-16
4560.78572776374  5.909635E-16
4561.40380400326  5.897740E-16
4562.02188024278  5.978769E-16
4562.63995648231  6.021832E-16
4563.25803272183  5.921208E-16
4563.87610896135  5.818794E-16
4564.49418520088  5.929451E-16
4565.1122614404  6.017538E-16
4565.73033767993  5.911981E-16
4566.34841391945  5.789807E-16
4566.96649015898  5.693170E-16
4567.5845663985  5.907569E-16
4568.20264263802  5.996816E-16
4568.82071887755  6.080814E-16
4569.43879511707  6.168531E-16
4570.0568713566  6.149465E-16
4570.67494759612  6.166942E-16
4571.29302383564  6.205676E-16
4571.91110007517  5.974465E-16
4572.52917631469  5.907477E-16
4573.14725255422  5.969958E-16
4573.76532879374  6.111784E-16
4574.38340503327  5.981238E-16
4575.00148127279  5.992091E-16
4575.61955751231  5.792499E-16
4576.23763375184  5.796807E-16
4576.85570999136  5.660848E-16
4577.47378623088  5.878604E-16
4578.09186247041  5.920601E-16
4578.70993870993  5.866425E-16
4579.32801494946  5.621980E-16
4579.94609118898  5.595050E-16
4580.56416742851  5.925081E-16
4581.18224366803  6.216891E-16
4581.80031990755  5.659138E-16
4582.41839614708  5.635705E-16
4583.0364723866  6.020804E-16
4583.65454862613  5.937146E-16
4584.27262486565  5.607091E-16
4584.89070110517  5.797839E-16
4585.5087773447  5.887495E-16
4586.12685358422  5.562975E-16
4586.74492982375  5.877252E-16
4587.36300606327  5.904936E-16
4587.98108230279  5.734603E-16
4588.59915854232  6.059248E-16
4589.21723478184  6.009144E-16
4589.83531102137  5.656374E-16
4590.45338726089  5.603930E-16
4591.07146350041  5.440419E-16
4591.68953973994  5.461800E-16
4592.30761597946  5.635341E-16
4592.92569221899  5.837295E-16
4593.54376845851  6.014871E-16
4594.16184469803  6.119271E-16
4594.77992093756  5.866493E-16
4595.39799717708  5.927240E-16
4596.01607341661  5.940297E-16
4596.63414965613  5.995383E-16
4597.25222589565  5.932982E-16
4597.87030213518  5.392988E-16
4598.4883783747  5.644868E-16
4599.10645461423  5.447912E-16
4599.72453085375  5.306198E-16
4600.34260709328  5.653060E-16
4600.9606833328  5.809012E-16
4601.57875957232  5.657712E-16
4602.19683581185  5.550643E-16
4602.81491205137  5.702466E-16
4603.4329882909  5.576898E-16
4604.05106453042  5.529371E-16
4604.66914076994  5.555311E-16
4605.28721700947  5.516518E-16
4605.90529324899  5.499989E-16
4606.52336948852  5.642523E-16
4607.14144572804  5.456723E-16
4607.75952196756  5.536619E-16
4608.37759820709  5.800441E-16
4608.99567444661  5.718711E-16
4609.61375068614  5.757251E-16
4610.23182692566  5.591751E-16
4610.84990316518  5.216622E-16
4611.46797940471  5.430184E-16
4612.08605564423  5.466762E-16
4612.70413188376  5.382298E-16
4613.32220812328  5.308263E-16
4613.94028436281  5.404267E-16
4614.55836060233  5.614215E-16
4615.17643684185  5.629757E-16
4615.79451308138  5.539838E-16
4616.4125893209  5.452703E-16
4617.03066556043  5.641819E-16
4617.64874179995  5.521929E-16
4618.26681803947  5.457695E-16
4618.884894279  5.558073E-16
4619.50297051852  5.430977E-16
4620.12104675805  5.633976E-16
4620.73912299757  5.660127E-16
4621.35719923709  5.396385E-16
4621.97527547662  5.393602E-16
4622.59335171614  5.853308E-16
4623.21142795567  5.717435E-16
4623.82950419519  5.523544E-16
4624.44758043471  5.432257E-16
4625.06565667424  5.143162E-16
4625.68373291376  5.426541E-16
4626.30180915328  5.531001E-16
4626.91988539281  5.601468E-16
4627.53796163233  5.567426E-16
4628.15603787186  5.357929E-16
4628.77411411138  5.710792E-16
4629.39219035091  5.708663E-16
4630.01026659043  5.535409E-16
4630.62834282995  5.615203E-16
4631.24641906948  5.564970E-16
4631.864495309  5.613595E-16
4632.48257154853  5.571651E-16
4633.10064778805  5.500146E-16
4633.71872402757  5.490827E-16
4634.3368002671  5.525488E-16
4634.95487650662  5.719522E-16
4635.57295274615  5.860015E-16
4636.19102898567  5.843432E-16
4636.8091052252  5.770063E-16
4637.42718146472  5.878598E-16
4638.04525770424  5.832691E-16
4638.66333394377  5.553877E-16
4639.28141018329  5.456239E-16
4639.89948642282  5.603586E-16
4640.51756266234  5.569777E-16
4641.13563890186  5.700794E-16
4641.75371514139  6.051970E-16
4642.37179138091  5.970485E-16
4642.98986762044  5.455202E-16
4643.60794385996  5.326156E-16
4644.22602009948  5.548679E-16
4644.84409633901  5.606130E-16
4645.46217257853  5.773248E-16
4646.08024881806  5.920902E-16
4646.69832505758  5.797385E-16
4647.3164012971  5.679246E-16
4647.93447753663  5.547153E-16
4648.55255377615  5.873324E-16
4649.17063001568  5.887372E-16
4649.7887062552  5.795724E-16
4650.40678249472  5.811003E-16
4651.02485873425  5.857984E-16
4651.64293497377  5.964613E-16
4652.2610112133  5.806239E-16
4652.87908745282  5.739103E-16
4653.49716369235  5.862106E-16
4654.11523993187  5.659849E-16
4654.73331617139  5.816154E-16
4655.35139241092  5.900567E-16
4655.96946865044  5.653877E-16
4656.58754488997  5.698209E-16
4657.20562112949  5.887729E-16
4657.82369736901  5.833510E-16
4658.44177360854  5.988503E-16
4659.05984984806  6.146611E-16
4659.67792608759  5.777439E-16
4660.29600232711  5.888269E-16
4660.91407856663  6.185239E-16
4661.53215480616  6.061397E-16
4662.15023104568  5.932416E-16
4662.76830728521  6.075714E-16
4663.38638352473  6.070341E-16
4664.00445976425  6.027924E-16
4664.62253600378  6.025638E-16
4665.2406122433  6.209896E-16
4665.85868848283  5.958543E-16
4666.47676472235  5.839575E-16
4667.09484096187  6.100722E-16
4667.7129172014  6.211083E-16
4668.33099344092  5.857685E-16
4668.94906968045  5.829615E-16
4669.56714591997  5.738927E-16
4670.18522215949  5.903053E-16
4670.80329839902  6.182451E-16
4671.42137463854  5.818591E-16
4672.03945087807  5.877322E-16
4672.65752711759  6.185392E-16
4673.27560335712  6.138295E-16
4673.89367959664  5.746574E-16
4674.51175583616  5.648440E-16
4675.12983207569  5.963476E-16
4675.74790831521  6.351094E-16
4676.36598455473  6.268146E-16
4676.98406079426  6.196851E-16
4677.60213703378  5.940168E-16
4678.22021327331  5.819622E-16
4678.83828951283  6.063999E-16
4679.45636575236  5.849461E-16
4680.07444199188  5.727844E-16
4680.6925182314  6.067001E-16
4681.31059447093  5.884303E-16
4681.92867071045  5.803546E-16
4682.54674694998  6.218927E-16
4683.1648231895  6.162379E-16
4683.78289942902  6.127990E-16
4684.40097566855  6.008767E-16
4685.01905190807  5.865802E-16
4685.6371281476  6.174826E-16
4686.25520438712  6.304737E-16
4686.87328062664  6.206919E-16
4687.49135686617  6.080730E-16
4688.10943310569  6.223068E-16
4688.72750934522  6.214201E-16
4689.34558558474  6.197687E-16
4689.96366182426  5.991184E-16
4690.58173806379  6.218553E-16
4691.19981430331  6.017998E-16
4691.81789054284  5.811336E-16
4692.43596678236  6.312587E-16
4693.05404302188  6.333610E-16
4693.67211926141  6.116027E-16
4694.29019550093  6.063332E-16
4694.90827174046  6.077880E-16
4695.52634797998  6.109584E-16
4696.1444242195  6.199575E-16
4696.76250045903  6.094470E-16
4697.38057669855  5.912431E-16
4697.99865293808  6.136391E-16
4698.6167291776  5.994920E-16
4699.23480541713  6.191781E-16
4699.85288165665  6.204847E-16
4700.47095789617  5.875880E-16
4701.0890341357  5.822819E-16
4701.70711037522  5.986251E-16
4702.32518661475  6.084269E-16
4702.94326285427  6.227520E-16
4703.56133909379  6.119119E-16
4704.17941533332  5.981891E-16
4704.79749157284  5.929369E-16
4705.41556781237  5.855094E-16
4706.03364405189  5.938599E-16
4706.65172029141  6.066893E-16
4707.26979653094  6.281420E-16
4707.88787277046  6.345691E-16
4708.50594900999  6.172542E-16
4709.12402524951  5.896074E-16
4709.74210148903  5.957522E-16
4710.36017772856  5.848100E-16
4710.97825396808  5.792146E-16
4711.59633020761  5.981211E-16
4712.21440644713  5.787023E-16
4712.83248268665  5.785163E-16
4713.45055892618  6.125271E-16
4714.0686351657  5.932014E-16
4714.68671140523  5.573200E-16
4715.30478764475  5.372131E-16
4715.92286388428  5.490241E-16
4716.5409401238  5.784500E-16
4717.15901636332  5.557135E-16
4717.77709260285  5.635827E-16
4718.39516884237  5.846862E-16
4719.01324508189  5.687438E-16
4719.63132132142  5.954084E-16
4720.24939756094  5.823625E-16
4720.86747380047  5.633712E-16
4721.48555003999  5.747756E-16
4722.10362627952  5.913699E-16
4722.72170251904  5.723408E-16
4723.33977875856  5.731109E-16
4723.95785499809  5.820478E-16
4724.57593123761  5.545365E-16
4725.19400747714  5.557649E-16
4725.81208371666  5.845725E-16
4726.43015995618  5.567073E-16
4727.04823619571  5.523840E-16
4727.66631243523  5.484940E-16
4728.28438867476  5.564839E-16
4728.90246491428  5.656900E-16
4729.52054115381  5.710207E-16
4730.13861739333  5.720562E-16
4730.75669363285  5.647438E-16
4731.37476987238  5.366541E-16
4731.9928461119  5.528631E-16
4732.61092235142  5.471179E-16
4733.22899859095  5.526898E-16
4733.84707483047  5.520419E-16
4734.46515107  5.364280E-16
4735.08322730952  5.356197E-16
4735.70130354904  5.302942E-16
4736.31937978857  5.470215E-16
4736.93745602809  5.592348E-16
4737.55553226762  5.297525E-16
4738.17360850714  5.215043E-16
4738.79168474667  5.309884E-16
4739.40976098619  5.430052E-16
4740.02783722571  5.587731E-16
4740.64591346524  5.505652E-16
4741.26398970476  5.430042E-16
4741.88206594429  5.328719E-16
4742.50014218381  5.151989E-16
4743.11821842333  5.264503E-16
4743.73629466286  5.382067E-16
4744.35437090238  5.151129E-16
4744.97244714191  5.031573E-16
4745.59052338143  5.250286E-16
4746.20859962095  5.348380E-16
4746.82667586048  5.219570E-16
4747.4447521  5.151288E-16
4748.06282833953  5.483950E-16
4748.68090457905  5.447381E-16
4749.29898081857  4.972666E-16
4749.9170570581  5.037272E-16
4750.53513329762  5.218915E-16
4751.15320953715  5.191877E-16
4751.77128577667  5.069422E-16
4752.38936201619  5.385698E-16
4753.00743825572  5.269533E-16
4753.62551449524  5.285668E-16
4754.24359073477  5.259000E-16
4754.86166697429  5.241760E-16
4755.47974321382  5.025319E-16
4756.09781945334  5.210555E-16
4756.71589569286  5.154457E-16
4757.33397193239  5.069327E-16
4757.95204817191  5.321792E-16
4758.57012441144  5.202814E-16
4759.18820065096  4.957873E-16
4759.80627689048  5.140538E-16
4760.42435313001  5.198416E-16
4761.04242936953  5.274058E-16
4761.66050560906  5.177873E-16
4762.27858184858  4.889102E-16
4762.8966580881  5.102448E-16
4763.51473432763  5.339760E-16
4764.13281056715  5.536139E-16
4764.75088680668  5.292502E-16
4765.3689630462  4.816203E-16
4765.98703928572  4.992060E-16
4766.60511552525  5.250078E-16
4767.22319176477  5.197129E-16
4767.8412680043  4.989722E-16
4768.45934424382  4.955035E-16
4769.07742048334  5.116682E-16
4769.69549672287  5.147111E-16
4770.31357296239  5.205980E-16
4770.93164920192  5.144256E-16
4771.54972544144  5.146792E-16
4772.16780168097  5.273974E-16
4772.78587792049  5.249332E-16
4773.40395416001  5.165839E-16
4774.02203039954  5.039627E-16
4774.64010663906  4.928065E-16
4775.25818287858  5.041427E-16
4775.87625911811  5.245055E-16
4776.49433535763  5.235761E-16
4777.11241159716  5.131635E-16
4777.73048783668  5.338796E-16
4778.34856407621  5.198415E-16
4778.96664031573  4.951228E-16
4779.58471655525  5.079239E-16
4780.20279279478  5.355665E-16
4780.8208690343  5.343257E-16
4781.43894527382  5.360015E-16
4782.05702151335  5.373405E-16
4782.67509775287  4.927914E-16
4783.2931739924  5.145462E-16
4783.91125023192  5.131979E-16
4784.52932647145  4.970547E-16
4785.14740271097  5.151835E-16
4785.76547895049  5.208007E-16
4786.38355519002  5.107667E-16
4787.00163142954  5.001907E-16
4787.61970766907  4.935890E-16
4788.23778390859  5.017410E-16
4788.85586014811  4.892717E-16
4789.47393638764  5.180158E-16
4790.09201262716  5.283660E-16
4790.71008886669  4.950185E-16
4791.32816510621  5.034779E-16
4791.94624134573  5.202743E-16
4792.56431758526  4.935240E-16
4793.18239382478  4.935462E-16
4793.80047006431  4.979261E-16
4794.41854630383  4.967177E-16
4795.03662254335  4.984093E-16
4795.65469878288  5.170633E-16
4796.2727750224  5.235338E-16
4796.89085126193  5.068751E-16
4797.50892750145  5.204707E-16
4798.12700374098  5.594612E-16
4798.7450799805  5.458529E-16
4799.36315622002  5.161143E-16
4799.98123245955  4.994282E-16
4800.59930869907  5.222296E-16
4801.2173849386  5.197915E-16
4801.83546117812  5.073422E-16
4802.45353741764  5.049285E-16
4803.07161365717  5.302682E-16
4803.68968989669  5.370753E-16
4804.30776613622  5.216816E-16
4804.92584237574  5.370408E-16
4805.54391861526  4.993585E-16
4806.16199485479  5.155600E-16
4806.78007109431  5.215043E-16
4807.39814733384  5.185911E-16
4808.01622357336  5.483701E-16
4808.63429981288  5.560402E-16
4809.25237605241  5.336614E-16
4809.87045229193  5.295196E-16
4810.48852853146  5.576683E-16
4811.10660477098  5.603865E-16
4811.72468101051  5.484372E-16
4812.34275725003  5.414693E-16
4812.96083348955  5.573828E-16
4813.57890972908  5.646709E-16
4814.1969859686  5.615191E-16
4814.81506220812  5.699650E-16
4815.43313844765  5.569212E-16
4816.05121468717  5.495258E-16
4816.6692909267  5.595499E-16
4817.28736716622  5.645058E-16
4817.90544340574  5.794902E-16
4818.52351964527  5.701247E-16
4819.14159588479  5.516194E-16
4819.75967212432  5.774126E-16
4820.37774836384  5.464228E-16
4820.99582460337  5.778787E-16
4821.61390084289  5.820661E-16
4822.23197708241  5.597099E-16
4822.85005332194  5.903852E-16
4823.46812956146  6.090127E-16
4824.08620580098  6.101551E-16
4824.70428204051  5.933002E-16
4825.32235828003  6.157882E-16
4825.94043451956  6.401427E-16
4826.55851075908  6.485093E-16
4827.17658699861  6.485395E-16
4827.79466323813  6.365167E-16
4828.41273947765  6.533251E-16
4829.03081571718  6.745431E-16
4829.6488919567  6.587018E-16
4830.26696819622  6.738784E-16
4830.88504443575  6.803373E-16
4831.50312067527  7.006118E-16
4832.1211969148  7.369329E-16
4832.73927315432  7.528970E-16
4833.35734939385  7.641892E-16
4833.97542563337  7.728478E-16
4834.59350187289  7.623657E-16
4835.21157811242  7.844105E-16
4835.82965435194  8.226549E-16
4836.44773059147  8.482985E-16
4837.06580683099  8.350785E-16
4837.68388307051  8.768397E-16
4838.30195931004  8.852646E-16
4838.92003554956  8.897965E-16
4839.53811178909  9.132416E-16
4840.15618802861  9.179490E-16
4840.77426426814  9.537575E-16
4841.39234050766  9.781579E-16
4842.01041674718  9.894803E-16
4842.62849298671  1.014417E-15
4843.24656922623  1.040814E-15
4843.86464546575  1.092448E-15
4844.48272170528  1.096690E-15
4845.1007979448  1.113456E-15
4845.71887418433  1.136575E-15
4846.33695042385  1.171626E-15
4846.95502666338  1.214873E-15
4847.5731029029  1.263115E-15
4848.19117914242  1.281358E-15
4848.80925538195  1.283689E-15
4849.42733162147  1.328803E-15
4850.045407861  1.350481E-15
4850.66348410052  1.354185E-15
4851.28156034004  1.374800E-15
4851.89963657957  1.381743E-15
4852.51771281909  1.389879E-15
4853.13578905862  1.394906E-15
4853.75386529814  1.364043E-15
4854.37194153766  1.350771E-15
4854.99001777719  1.310924E-15
4855.60809401671  1.271922E-15
4856.22617025624  1.216807E-15
4856.84424649576  1.144571E-15
4857.46232273528  1.115900E-15
4858.08039897481  1.098676E-15
4858.69847521433  1.056096E-15
4859.31655145386  9.987667E-16
4859.93462769338  9.815884E-16
4860.55270393291  9.824726E-16
4861.17078017243  9.292589E-16
4861.78885641195  9.122678E-16
4862.40693265148  9.853035E-16
4863.025008891  1.006101E-15
4863.64308513053  1.047583E-15
4864.26116137005  1.100707E-15
4864.87923760957  1.160351E-15
4865.4973138491  1.186127E-15
4866.11539008862  1.193390E-15
4866.73346632814  1.260953E-15
4867.35154256767  1.301814E-15
4867.96961880719  1.325024E-15
4868.58769504672  1.355394E-15
4869.20577128624  1.387343E-15
4869.82384752577  1.423269E-15
4870.44192376529  1.398956E-15
4871.06000000482  1.390275E-15
4871.67807624434  1.404254E-15
4872.29615248386  1.369984E-15
4872.91422872339  1.329360E-15
4873.53230496291  1.329580E-15
4874.15038120244  1.319202E-15
4874.76845744196  1.242032E-15
4875.38653368148  1.235841E-15
4876.00460992101  1.245292E-15
4876.62268616053  1.164977E-15
4877.24076240005  1.115918E-15
4877.85883863958  1.115572E-15
4878.4769148791  1.087652E-15
4879.09499111863  1.031072E-15
4879.71306735815  1.005225E-15
4880.33114359768  1.020814E-15
4880.9492198372  9.907470E-16
4881.56729607672  9.707772E-16
4882.18537231625  9.649721E-16
4882.80344855577  9.340018E-16
4883.4215247953  9.111382E-16
4884.03960103482  8.823989E-16
4884.65767727434  8.739446E-16
4885.27575351387  8.414996E-16
4885.89382975339  8.589341E-16
4886.51190599292  8.276083E-16
4887.12998223244  8.350633E-16
4887.74805847196  8.218789E-16
4888.36613471149  7.732600E-16
4888.98421095101  7.778060E-16
4889.60228719054  7.705468E-16
4890.22036343006  7.496457E-16
4890.83843966959  7.200277E-16
4891.45651590911  7.173211E-16
4892.07459214863  7.347385E-16
4892.69266838816  6.906519E-16
4893.31074462768  6.520023E-16
4893.9288208672  6.841669E-16
4894.54689710673  7.229261E-16
4895.16497334625  7.085796E-16
4895.78304958578  6.735631E-16
4896.4011258253  6.709259E-16
4897.01920206482  6.746076E-16
4897.63727830435  6.582685E-16
4898.25535454387  6.554819E-16
4898.8734307834  6.654702E-16
4899.49150702292  6.478557E-16
4900.10958326245  6.649750E-16
4900.72765950197  6.721088E-16
4901.34573574149  6.565399E-16
4901.96381198102  6.539949E-16
4902.58188822054  6.531844E-16
4903.19996446007  6.589557E-16
4903.81804069959  6.372697E-16
4904.43611693911  6.390150E-16
4905.05419317864  6.258758E-16
4905.67226941816  5.980307E-16
4906.29034565769  6.115960E-16
4906.90842189721  6.326415E-16
4907.52649813673  6.171716E-16
4908.14457437626  6.422042E-16
4908.76265061578  6.133145E-16
4909.38072685531  6.002618E-16
4909.99880309483  6.291043E-16
4910.61687933435  6.380600E-16
4911.23495557388  6.280399E-16
4911.8530318134  6.206544E-16
4912.47110805293  5.935102E-16
4913.08918429245  5.854149E-16
4913.70726053197  6.061797E-16
4914.3253367715  6.157685E-16
4914.94341301102  6.027771E-16
4915.56148925055  5.893458E-16
4916.17956549007  6.097694E-16
4916.79764172959  6.006763E-16
4917.41571796912  5.743875E-16
4918.03379420864  5.722993E-16
4918.65187044817  5.801435E-16
4919.26994668769  5.349011E-16
4919.88802292722  5.437343E-16
4920.50609916674  5.687087E-16
4921.12417540626  5.499827E-16
4921.74225164579  5.472762E-16
4922.36032788531  5.428105E-16
4922.97840412484  5.524594E-16
4923.59648036436  5.724102E-16
4924.21455660388  5.451914E-16
4924.83263284341  5.313667E-16
4925.45070908293  5.714418E-16
4926.06878532246  5.793580E-16
4926.68686156198  5.698204E-16
4927.3049378015  5.574904E-16
4927.92301404103  5.530598E-16
4928.54109028055  5.577621E-16
4929.15916652007  5.599368E-16
4929.7772427596  5.671633E-16
4930.39531899912  5.865859E-16
4931.01339523865  5.690830E-16
4931.63147147817  5.690277E-16
4932.2495477177  5.790802E-16
4932.86762395722  5.502845E-16
4933.48570019675  5.793808E-16
4934.10377643627  5.990497E-16
4934.72185267579  5.879034E-16
4935.33992891532  5.816394E-16
4935.95800515484  5.731348E-16
4936.57608139437  5.831064E-16
4937.19415763389  6.006106E-16
4937.81223387341  5.755508E-16
4938.43031011294  5.617473E-16
4939.04838635246  5.686785E-16
4939.66646259199  5.994312E-16
4940.28453883151  5.748871E-16
4940.90261507103  5.510776E-16
4941.52069131056  5.557844E-16
4942.13876755008  5.428648E-16
4942.7568437896  5.410446E-16
4943.37492002913  5.571145E-16
4943.99299626865  5.433897E-16
4944.61107250818  5.603512E-16
4945.2291487477  5.817808E-16
4945.84722498723  5.702079E-16
4946.46530122675  5.639416E-16
4947.08337746627  5.500452E-16
4947.7014537058  5.386509E-16
4948.31952994532  5.456941E-16
4948.93760618485  5.593893E-16
4949.55568242437  5.494295E-16
4950.17375866389  5.371550E-16
4950.79183490342  5.070853E-16
4951.40991114294  5.193355E-16
4952.02798738247  5.326799E-16
4952.64606362199  5.242403E-16
4953.26413986151  5.290029E-16
4953.88221610104  5.218691E-16
4954.50029234056  5.310164E-16
4955.11836858009  5.273594E-16
4955.73644481961  5.341990E-16
4956.35452105913  5.263378E-16
4956.97259729866  4.894877E-16
4957.59067353818  4.863109E-16
4958.20874977771  4.942013E-16
4958.82682601723  5.050725E-16
4959.44490225675  5.101800E-16
4960.06297849628  4.872767E-16
4960.6810547358  4.758385E-16
4961.29913097533  4.788029E-16
4961.91720721485  4.957557E-16
4962.53528345438  4.838910E-16
4963.1533596939  5.075159E-16
4963.77143593342  4.988567E-16
4964.38951217295  4.871414E-16
4965.00758841247  4.917860E-16
4965.625664652  5.018800E-16
4966.24374089152  5.078234E-16
4966.86181713104  5.057043E-16
4967.47989337057  4.855706E-16
4968.09796961009  4.886355E-16
4968.71604584962  4.890407E-16
4969.33412208914  5.020210E-16
4969.95219832866  5.101563E-16
4970.57027456819  5.189753E-16
4971.18835080771  5.132403E-16
4971.80642704724  5.264501E-16
4972.42450328676  5.149977E-16
4973.04257952628  4.875917E-16
4973.66065576581  4.857973E-16
4974.27873200533  4.777271E-16
4974.89680824486  4.941211E-16
4975.51488448438  4.876199E-16
4976.1329607239  4.736039E-16
4976.75103696343  4.863161E-16
4977.36911320295  4.908536E-16
4977.98718944248  4.722821E-16
4978.605265682  4.852168E-16
4979.22334192153  4.772357E-16
4979.84141816105  4.744714E-16
4980.45949440057  4.919099E-16
4981.0775706401  4.952150E-16
4981.69564687962  4.891667E-16
4982.31372311914  4.772147E-16
4982.93179935867  4.650544E-16
4983.54987559819  4.845454E-16
4984.16795183772  5.126508E-16
4984.78602807724  4.996562E-16
4985.40410431677  4.911398E-16
4986.02218055629  4.956644E-16
4986.64025679581  5.297396E-16
4987.25833303534  5.189300E-16
4987.87640927486  5.058915E-16
4988.49448551439  5.143767E-16
4989.11256175391  5.259010E-16
4989.73063799343  5.151034E-16
4990.34871423296  5.392532E-16
4990.96679047248  5.387118E-16
4991.58486671201  5.211701E-16
4992.20294295153  5.301374E-16
4992.82101919105  5.352853E-16
4993.43909543058  5.373394E-16
4994.0571716701  5.662691E-16
4994.67524790963  5.588420E-16
4995.29332414915  5.410927E-16
4995.91140038868  5.602759E-16
4996.5294766282  5.431498E-16
4997.14755286772  5.283382E-16
4997.76562910725  5.366129E-16
4998.38370534677  5.550816E-16
4999.0017815863  5.650531E-16
4999.61985782582  5.779284E-16
5000.23793406534  5.612962E-16
5000.85601030487  5.643945E-16
5001.47408654439  5.890802E-16
5002.09216278392  5.893108E-16
5002.71023902344  5.824236E-16
5003.32831526296  5.589443E-16
5003.94639150249  5.556962E-16
5004.56446774201  5.411289E-16
5005.18254398154  5.607859E-16
5005.80062022106  5.576859E-16
5006.41869646058  5.683217E-16
5007.03677270011  5.929593E-16
5007.65484893963  5.763910E-16
5008.27292517916  5.793568E-16
5008.89100141868  6.051422E-16
5009.50907765821  5.667489E-16
5010.12715389773  5.536973E-16
5010.74523013725  5.473091E-16
5011.36330637678  5.400767E-16
5011.9813826163  5.456785E-16
5012.59945885582  5.568000E-16
5013.21753509535  5.409763E-16
5013.83561133487  5.307977E-16
5014.4536875744  5.310498E-16
5015.07176381392  5.504280E-16
5015.68984005344  4.992100E-16
5016.30791629297  5.001218E-16
5016.92599253249  5.182676E-16
5017.54406877202  5.343307E-16
5018.16214501154  5.444477E-16
5018.78022125107  5.369329E-16
5019.39829749059  5.403332E-16
5020.01637373011  5.463167E-16
5020.63444996964  5.522857E-16
5021.25252620916  5.776992E-16
5021.87060244869  5.401376E-16
5022.48867868821  5.292303E-16
5023.10675492774  5.667614E-16
5023.72483116726  5.670009E-16
5024.34290740678  5.650098E-16
5024.96098364631  5.584990E-16
5025.57905988583  5.694115E-16
5026.19713612535  5.948781E-16
5026.81521236488  6.152175E-16
5027.4332886044  6.108315E-16
5028.05136484393  5.773169E-16
5028.66944108345  5.918586E-16
5029.28751732298  6.031508E-16
5029.9055935625  5.884595E-16
5030.52366980202  5.625289E-16
5031.14174604155  5.746955E-16
5031.75982228107  5.854776E-16
5032.3778985206  5.776841E-16
5032.99597476012  5.745170E-16
5033.61405099964  5.673398E-16
5034.23212723917  5.862569E-16
5034.85020347869  5.816172E-16
5035.46827971821  5.624866E-16
5036.08635595774  5.766344E-16
5036.70443219726  5.950648E-16
5037.32250843679  5.863831E-16
5037.94058467631  5.748988E-16
5038.55866091584  5.751955E-16
5039.17673715536  5.605221E-16
5039.79481339488  5.783364E-16
5040.41288963441  5.827230E-16
5041.03096587393  5.600988E-16
5041.64904211346  5.513696E-16
5042.26711835298  5.655444E-16
5042.8851945925  5.460390E-16
5043.50327083203  5.278033E-16
5044.12134707155  5.200520E-16
5044.73942331108  5.327061E-16
5045.3574995506  5.237990E-16
5045.97557579013  5.237097E-16
5046.59365202965  5.226755E-16
5047.21172826917  5.146503E-16
5047.8298045087  5.005820E-16
5048.44788074822  5.119607E-16
5049.06595698775  5.280492E-16
5049.68403322727  5.145764E-16
5050.30210946679  5.011758E-16
5050.92018570632  5.284255E-16
5051.53826194584  5.248201E-16
5052.15633818537  5.183603E-16
5052.77441442489  5.068645E-16
5053.39249066441  5.161719E-16
5054.01056690394  5.212568E-16
5054.62864314346  5.197379E-16
5055.24671938299  5.159632E-16
5055.86479562251  5.093077E-16
5056.48287186203  5.106270E-16
5057.10094810156  5.090445E-16
5057.71902434108  5.070449E-16
5058.33710058061  5.069818E-16
5058.95517682013  5.115601E-16
5059.57325305965  4.848014E-16
5060.19132929918  4.949400E-16
5060.8094055387  5.080168E-16
5061.42748177823  5.348497E-16
5062.04555801775  5.295322E-16
5062.66363425727  5.181491E-16
5063.2817104968  5.082970E-16
5063.89978673632  5.146129E-16
5064.51786297585  5.405901E-16
5065.13593921537  5.052949E-16
5065.75401545489  5.197629E-16
5066.37209169442  5.213814E-16
5066.99016793394  5.155939E-16
5067.60824417347  4.983270E-16
5068.22632041299  5.052982E-16
5068.84439665252  5.168449E-16
5069.46247289204  5.119147E-16
5070.08054913156  5.262994E-16
5070.69862537109  5.199993E-16
5071.31670161061  4.895483E-16
5071.93477785014  5.062994E-16
5072.55285408966  5.289701E-16
5073.17093032918  5.173586E-16
5073.78900656871  4.974766E-16
5074.40708280823  5.185828E-16
5075.02515904775  5.243227E-16
5075.64323528728  5.112609E-16
5076.2613115268  5.029274E-16
5076.87938776633  4.874879E-16
5077.49746400585  4.826765E-16
5078.11554024538  4.941226E-16
5078.7336164849  4.790997E-16
5079.35169272442  4.940017E-16
5079.96976896395  5.026990E-16
5080.58784520347  5.020279E-16
5081.205921443  5.100206E-16
5081.82399768252  5.083420E-16
5082.44207392205  4.812359E-16
5083.06015016157  4.786118E-16
5083.67822640109  4.779747E-16
5084.29630264062  4.665835E-16
5084.91437888014  4.771525E-16
5085.53245511966  4.859005E-16
5086.15053135919  4.823201E-16
5086.76860759871  5.045184E-16
5087.38668383824  5.205697E-16
5088.00476007776  5.069347E-16
5088.62283631728  4.809747E-16
5089.24091255681  4.709488E-16
5089.85898879633  4.931722E-16
5090.47706503586  4.791000E-16
5091.09514127538  4.798790E-16
5091.7132175149  4.854797E-16
5092.33129375443  4.837413E-16
5092.94936999395  4.952674E-16
5093.56744623348  4.916886E-16
5094.185522473  5.083629E-16
5094.80359871253  4.936067E-16
5095.42167495205  4.782915E-16
5096.03975119157  4.923621E-16
5096.6578274311  4.986878E-16
5097.27590367062  4.858121E-16
5097.89397991015  4.806100E-16
5098.51205614967  5.071251E-16
5099.13013238919  4.900773E-16
5099.74820862872  4.836972E-16
5100.36628486824  4.996156E-16
5100.98436110776  4.885116E-16
5101.60243734729  4.762985E-16
5102.22051358681  4.972376E-16
5102.83858982634  4.956392E-16
5103.45666606586  4.840689E-16
5104.07474230539  4.978741E-16
5104.69281854491  4.860881E-16
5105.31089478443  4.821940E-16
5105.92897102396  4.916617E-16
5106.54704726348  4.988127E-16
5107.16512350301  4.984861E-16
5107.78319974253  4.807149E-16
5108.40127598205  4.862310E-16
5109.01935222158  5.157098E-16
5109.6374284611  4.982060E-16
5110.25550470063  4.813869E-16
5110.87358094015  4.879047E-16
5111.49165717968  4.673981E-16
5112.1097334192  5.084017E-16
5112.72780965872  5.035044E-16
5113.34588589825  4.980250E-16
5113.96396213777  5.066152E-16
5114.58203837729  4.999005E-16
5115.20011461682  5.005619E-16
5115.81819085634  4.808467E-16
5116.43626709587  4.757213E-16
5117.05434333539  4.799282E-16
5117.67241957492  4.898901E-16
5118.29049581444  4.690579E-16
5118.90857205396  4.775677E-16
5119.52664829349  4.876245E-16
5120.14472453301  4.838964E-16
5120.76280077254  4.638663E-16
5121.38087701206  4.658792E-16
5121.99895325158  4.794326E-16
5122.61702949111  4.717438E-16
5123.23510573063  4.714336E-16
5123.85318197016  4.880691E-16
5124.47125820968  4.952434E-16
5125.0893344492  4.780876E-16
5125.70741068873  4.772512E-16
5126.32548692825  4.776887E-16
5126.94356316778  4.634079E-16
5127.5616394073  4.527662E-16
5128.17971564682  4.754258E-16
5128.79779188635  4.708363E-16
5129.41586812587  4.657911E-16
5130.0339443654  4.638941E-16
5130.65202060492  4.784025E-16
5131.27009684445  4.740610E-16
5131.88817308397  4.648979E-16
5132.50624932349  4.774420E-16
5133.12432556302  4.838091E-16
5133.74240180254  4.775633E-16
5134.36047804207  4.359953E-16
5134.97855428159  4.532320E-16
5135.59663052111  4.622669E-16
5136.21470676064  4.477205E-16
5136.83278300016  4.599289E-16
5137.45085923969  4.466543E-16
5138.06893547921  4.554404E-16
5138.68701171873  4.564519E-16
