3954.5991210938  5.081249E-16
3957.39773432671  4.872303E-16
3960.19634755962  5.089260E-16
3962.99496079252  5.398458E-16
3965.79357402543  6.036073E-16
3968.59218725833  5.917664E-16
3971.39080049124  5.654172E-16
3974.18941372414  5.645601E-16
3976.98802695705  5.395220E-16
3979.78664018995  5.804340E-16
3982.58525342286  5.640837E-16
3985.38386665576  6.017878E-16
3988.18247988867  6.085686E-16
3990.98109312157  5.898878E-16
3993.77970635448  5.141129E-16
3996.57831958738  4.604917E-16
3999.37693282029  4.055199E-16
4002.17554605319  3.801592E-16
4004.9741592861  3.585390E-16
4007.77277251901  3.515705E-16
4010.57138575191  3.532282E-16
4013.36999898482  3.445978E-16
4016.16861221772  3.222501E-16
4018.96722545063  3.620105E-16
4021.76583868353  3.843772E-16
4024.56445191644  3.409506E-16
4027.36306514934  3.415961E-16
4030.16167838225  3.488165E-16
4032.96029161515  3.212864E-16
4035.75890484806  3.199281E-16
4038.55751808096  3.468555E-16
4041.35613131387  3.529313E-16
4044.15474454677  3.455924E-16
4046.95335777968  3.281461E-16
4049.75197101258  3.503663E-16
4052.55058424549  3.434608E-16
4055.3491974784  3.259920E-16
4058.1478107113  3.566089E-16
4060.94642394421  3.073189E-16
4063.74503717711  2.923960E-16
4066.54365041002  3.393581E-16
4069.34226364292  3.696972E-16
4072.14087687583  3.612473E-16
4074.93949010873  3.063468E-16
4077.73810334164  3.090195E-16
4080.53671657454  3.317680E-16
4083.33532980745  3.837196E-16
4086.13394304035  3.982668E-16
4088.93255627326  4.277397E-16
4091.73116950616  5.383858E-16
4094.52978273907  6.117914E-16
4097.32839597198  6.357950E-16
4100.12700920488  5.863697E-16
4102.92562243778  5.402924E-16
4105.72423567069  5.452221E-16
4108.5228489036  5.894598E-16
4111.3214621365  5.690772E-16
4114.12007536941  5.683817E-16
4116.91868860231  6.311449E-16
4119.71730183522  6.153585E-16
4122.51591506812  5.745767E-16
4125.31452830103  5.222412E-16
4128.11314153393  4.775323E-16
4130.91175476684  4.676855E-16
4133.71036799974  4.106622E-16
4136.50898123265  3.646071E-16
4139.30759446555  3.551277E-16
4142.10620769846  3.142627E-16
4144.90482093136  3.255999E-16
4147.70343416427  3.542543E-16
4150.50204739718  3.069075E-16
4153.30066063008  2.798492E-16
4156.09927386299  3.036549E-16
4158.89788709589  3.130347E-16
4161.6965003288  2.888462E-16
4164.4951135617  3.043882E-16
4167.29372679461  3.059297E-16
4170.09234002751  2.811280E-16
4172.89095326042  3.056463E-16
4175.68956649332  2.973516E-16
4178.48817972623  2.853345E-16
4181.28679295913  2.905985E-16
4184.08540619204  2.774414E-16
4186.88401942494  2.829810E-16
4189.68263265785  3.160751E-16
4192.48124589076  3.364841E-16
4195.27985912366  3.081639E-16
4198.07847235657  3.160061E-16
4200.87708558947  2.656790E-16
4203.67569882238  2.640983E-16
4206.47431205528  2.788326E-16
4209.27292528819  2.794763E-16
4212.07153852109  2.963451E-16
4214.870151754  2.839857E-16
4217.6687649869  3.115284E-16
4220.46737821981  3.110176E-16
4223.26599145271  2.938676E-16
4226.06460468562  2.795762E-16
4228.86321791852  2.881469E-16
4231.66183115143  2.815573E-16
4234.46044438433  2.990999E-16
4237.25905761724  3.317627E-16
4240.05767085014  2.821660E-16
4242.85628408305  2.693930E-16
4245.65489731596  2.633961E-16
4248.45351054886  2.969986E-16
4251.25212378177  3.124703E-16
4254.05073701467  2.862424E-16
4256.84935024758  2.494568E-16
4259.64796348048  2.330132E-16
4262.44657671339  2.932883E-16
4265.24518994629  2.848960E-16
4268.0438031792  2.580408E-16
4270.8424164121  2.695633E-16
4273.64102964501  2.791675E-16
4276.43964287791  2.886043E-16
4279.23825611082  2.855507E-16
4282.03686934373  2.526047E-16
4284.83548257663  2.777438E-16
4287.63409580953  3.179637E-16
4290.43270904244  2.940255E-16
4293.23132227535  2.869127E-16
4296.02993550825  2.755163E-16
4298.82854874116  2.604334E-16
4301.62716197406  2.474187E-16
4304.42577520697  2.632782E-16
4307.22438843987  2.962850E-16
4310.02300167278  3.119726E-16
4312.82161490568  3.109963E-16
4315.62022813859  3.196105E-16
4318.41884137149  3.492552E-16
4321.2174546044  3.740194E-16
4324.0160678373  4.357865E-16
4326.81468107021  4.581265E-16
4329.61329430311  4.828066E-16
4332.41190753602  5.427770E-16
4335.21052076893  5.406391E-16
4338.00913400183  5.257456E-16
4340.80774723474  4.901760E-16
4343.60636046764  4.869135E-16
4346.40497370055  5.209995E-16
4349.20358693345  5.544488E-16
4352.00220016636  5.286698E-16
4354.80081339926  5.555325E-16
4357.59942663217  5.573765E-16
4360.39803986507  5.215581E-16
4363.19665309798  4.942197E-16
4365.99526633088  4.421356E-16
4368.79387956379  4.302032E-16
4371.5924927967  3.720600E-16
4374.3911060296  3.287798E-16
4377.18971926251  3.043862E-16
4379.98833249541  2.914270E-16
4382.78694572831  2.842032E-16
4385.58555896122  2.616057E-16
4388.38417219413  2.690168E-16
4391.18278542703  2.765029E-16
4393.98139865994  2.591437E-16
4396.78001189284  2.579215E-16
4399.57862512575  2.652360E-16
4402.37723835865  2.641903E-16
4405.17585159156  2.622616E-16
4407.97446482446  2.682944E-16
4410.77307805737  2.589592E-16
4413.57169129027  2.563783E-16
4416.37030452318  2.469762E-16
4419.16891775608  2.463619E-16
4421.96753098899  2.425226E-16
4424.7661442219  2.651485E-16
4427.5647574548  2.320951E-16
4430.36337068771  2.296968E-16
4433.16198392061  2.687882E-16
4435.96059715352  2.723628E-16
4438.75921038642  2.191804E-16
4441.55782361933  2.172218E-16
4444.35643685223  2.421596E-16
4447.15505008514  2.487473E-16
4449.95366331804  2.580174E-16
4452.75227655095  2.947975E-16
4455.55088978385  2.824360E-16
4458.34950301676  2.973728E-16
4461.14811624966  3.056054E-16
4463.94672948257  3.257917E-16
4466.74534271548  3.010922E-16
4469.54395594838  2.889966E-16
4472.34256918129  2.715128E-16
4475.14118241419  2.675548E-16
4477.9397956471  2.919371E-16
4480.73840888  3.015584E-16
4483.53702211291  3.011535E-16
4486.33563534581  2.877400E-16
4489.13424857872  2.935361E-16
4491.93286181162  2.959185E-16
4494.73147504453  2.994156E-16
4497.53008827743  2.885646E-16
4500.32870151034  2.647040E-16
4503.12731474324  2.559818E-16
4505.92592797615  2.815729E-16
4508.72454120905  2.543356E-16
4511.52315444196  2.549527E-16
4514.32176767487  2.336631E-16
4517.12038090777  2.250424E-16
4519.91899414068  2.486775E-16
4522.71760737358  2.382817E-16
4525.51622060649  2.380791E-16
4528.31483383939  2.627482E-16
4531.1134470723  2.657879E-16
4533.9120603052  2.603704E-16
4536.71067353811  2.347855E-16
4539.50928677101  2.383087E-16
4542.30790000392  2.460632E-16
4545.10651323682  2.495496E-16
4547.90512646973  2.569610E-16
4550.70373970263  2.382349E-16
4553.50235293554  2.306838E-16
4556.30096616845  2.517881E-16
4559.09957940135  2.398887E-16
4561.89819263425  2.241622E-16
4564.69680586716  2.630204E-16
4567.49541910007  2.572050E-16
4570.29403233297  2.569641E-16
4573.09264556588  2.356278E-16
4575.89125879878  2.335296E-16
4578.68987203169  2.497820E-16
4581.48848526459  2.588524E-16
4584.2870984975  2.599832E-16
4587.0857117304  2.616332E-16
4589.88432496331  2.537503E-16
4592.68293819621  2.167178E-16
4595.48155142912  2.122502E-16
4598.28016466202  2.252787E-16
4601.07877789493  2.355003E-16
4603.87739112784  2.480492E-16
4606.67600436074  2.331594E-16
4609.47461759365  2.179568E-16
4612.27323082655  2.241737E-16
4615.07184405946  2.388511E-16
4617.87045729236  2.346658E-16
4620.66907052527  2.150475E-16
4623.46768375817  2.097827E-16
4626.26629699108  2.097914E-16
4629.06491022398  2.076456E-16
4631.86352345689  2.098981E-16
4634.66213668979  2.032217E-16
4637.4607499227  2.320001E-16
4640.2593631556  2.444510E-16
4643.05797638851  2.408610E-16
4645.85658962141  2.278326E-16
4648.65520285432  2.363048E-16
4651.45381608722  2.231462E-16
4654.25242932013  2.322331E-16
4657.05104255304  2.518058E-16
4659.84965578594  2.247039E-16
4662.64826901885  2.209468E-16
4665.44688225175  2.429618E-16
4668.24549548466  2.346853E-16
4671.04410871756  2.478248E-16
4673.84272195047  2.388032E-16
4676.64133518337  2.419010E-16
4679.43994841628  2.524784E-16
4682.23856164918  2.449535E-16
4685.03717488209  2.402089E-16
4687.83578811499  2.469260E-16
4690.6344013479  2.856402E-16
4693.4330145808  2.801639E-16
4696.23162781371  2.436604E-16
4699.03024104661  2.283513E-16
4701.82885427952  2.405061E-16
4704.62746751243  2.329386E-16
4707.42608074533  2.524374E-16
4710.22469397824  2.634068E-16
4713.02330721114  2.473087E-16
4715.82192044405  2.341392E-16
4718.62053367695  2.466991E-16
4721.41914690986  2.591310E-16
4724.21776014276  2.408736E-16
4727.01637337567  2.158364E-16
4729.81498660857  2.191839E-16
4732.61359984148  2.387173E-16
4735.41221307438  2.281439E-16
4738.21082630729  2.052851E-16
4741.00943954019  2.124261E-16
4743.8080527731  2.174741E-16
4746.606666006  2.552945E-16
4749.40527923891  2.149312E-16
4752.20389247182  2.135666E-16
4755.00250570472  2.309261E-16
4757.80111893763  1.882272E-16
4760.59973217053  2.316252E-16
4763.39834540344  2.148951E-16
4766.19695863634  2.323668E-16
4768.99557186925  1.964567E-16
4771.79418510215  1.772196E-16
4774.59279833506  1.999719E-16
4777.39141156796  1.847289E-16
4780.19002480087  2.082630E-16
4782.98863803377  2.124294E-16
4785.78725126668  1.920959E-16
4788.58586449958  2.017452E-16
4791.38447773249  1.935821E-16
4794.1830909654  1.950842E-16
4796.9817041983  2.236039E-16
4799.78031743121  2.037622E-16
4802.57893066411  1.828039E-16
4805.37754389702  2.004980E-16
4808.17615712992  1.877958E-16
4810.97477036283  2.148161E-16
4813.77338359573  2.207547E-16
4816.57199682864  2.110268E-16
4819.37061006154  2.314143E-16
4822.16922329445  2.297356E-16
4824.96783652735  2.354719E-16
4827.76644976026  2.565928E-16
4830.56506299316  2.643978E-16
4833.36367622607  2.980867E-16
4836.16228945897  3.169926E-16
4838.96090269188  3.498999E-16
4841.75951592478  4.300365E-16
4844.55812915769  4.669953E-16
4847.3567423906  5.017919E-16
4850.1553556235  5.136850E-16
4852.95396885641  4.964287E-16
4855.75258208931  4.751400E-16
4858.55119532222  4.503886E-16
4861.34980855512  4.750033E-16
4864.14842178803  5.051394E-16
4866.94703502093  5.525615E-16
4869.74564825384  5.787949E-16
4872.54426148675  5.558583E-16
4875.34287471965  5.302934E-16
4878.14148795255  4.981437E-16
4880.94010118546  4.727901E-16
4883.73871441836  4.434926E-16
4886.53732765127  3.910781E-16
4889.33594088418  3.540956E-16
4892.13455411708  3.277561E-16
4894.93316734999  3.016591E-16
4897.73178058289  2.800594E-16
4900.5303938158  2.699197E-16
4903.3290070487  2.684799E-16
4906.12762028161  2.429185E-16
4908.92623351451  2.432629E-16
4911.72484674742  2.490465E-16
4914.52345998032  2.378106E-16
4917.32207321323  2.337545E-16
4920.12068644613  2.373183E-16
4922.91929967904  2.172094E-16
4925.71791291195  2.172740E-16
4928.51652614485  2.621776E-16
4931.31513937776  2.561988E-16
4934.11375261066  2.322151E-16
4936.91236584357  2.253264E-16
4939.71097907647  2.329133E-16
4942.50959230938  2.475266E-16
4945.30820554228  2.452732E-16
4948.10681877519  2.303869E-16
4950.90543200809  2.126060E-16
4953.704045241  2.121226E-16
4956.5026584739  2.118257E-16
4959.30127170681  2.118353E-16
4962.09988493971  2.143252E-16
4964.89849817262  2.186095E-16
4967.69711140552  2.179624E-16
4970.49572463843  2.011006E-16
4973.29433787134  1.797163E-16
4976.09295110424  1.990066E-16
4978.89156433715  2.296309E-16
4981.69017757005  2.086959E-16
4984.48879080296  2.131244E-16
4987.28740403586  2.254962E-16
4990.08601726877  2.188214E-16
4992.88463050167  2.003911E-16
4995.68324373458  2.372934E-16
4998.48185696748  2.396190E-16
5001.28047020039  2.272103E-16
5004.07908343329  2.416940E-16
5006.8776966662  2.659247E-16
5009.67630989911  2.268495E-16
5012.47492313201  2.270151E-16
5015.27353636491  2.367291E-16
5018.07214959782  2.518097E-16
5020.87076283073  2.494867E-16
5023.66937606363  2.395136E-16
5026.46798929654  2.405601E-16
5029.26660252944  2.371595E-16
5032.06521576235  2.342496E-16
5034.86382899525  2.420576E-16
5037.66244222816  2.284781E-16
5040.46105546106  2.159332E-16
5043.25966869397  2.180969E-16
5046.05828192687  1.944700E-16
5048.85689515978  2.023617E-16
5051.65550839268  2.419020E-16
5054.45412162559  2.216442E-16
5057.25273485849  2.014288E-16
5060.0513480914  2.137155E-16
5062.84996132431  2.114482E-16
5065.64857455721  2.364098E-16
5068.44718779012  2.253165E-16
5071.24580102302  1.994043E-16
5074.04441425593  2.176375E-16
5076.84302748883  2.056834E-16
5079.64164072174  2.003281E-16
5082.44025395464  2.193807E-16
5085.23886718755  2.121212E-16
5088.03748042045  1.683058E-16
5090.83609365336  2.000374E-16
5093.63470688626  2.053601E-16
5096.43332011917  2.129588E-16
5099.23193335207  1.982404E-16
5102.03054658498  1.868621E-16
5104.82915981788  1.870542E-16
5107.62777305079  2.094984E-16
5110.42638628369  2.028372E-16
5113.2249995166  1.992760E-16
5116.02361274951  2.120227E-16
5118.82222598241  2.107303E-16
5121.62083921532  2.143795E-16
5124.41945244822  2.067899E-16
5127.21806568113  2.025179E-16
5130.01667891403  1.839581E-16
5132.81529214694  2.004011E-16
5135.61390537984  2.258301E-16
5138.41251861275  2.051607E-16
5141.21113184565  1.875746E-16
5144.00974507856  2.165367E-16
5146.80835831146  2.192017E-16
5149.60697154437  2.097025E-16
5152.40558477727  2.073056E-16
5155.20419801018  2.285137E-16
5158.00281124309  2.294832E-16
5160.80142447599  2.254059E-16
5163.6000377089  2.078830E-16
5166.3986509418  2.338681E-16
5169.19726417471  2.267272E-16
5171.99587740761  2.284913E-16
5174.79449064052  2.357781E-16
5177.59310387342  2.360167E-16
5180.39171710633  2.141097E-16
5183.19033033923  2.200904E-16
5185.98894357214  2.299943E-16
5188.78755680504  2.158830E-16
5191.58617003795  2.229674E-16
5194.38478327086  2.504829E-16
5197.18339650376  2.276645E-16
5199.98200973667  2.131617E-16
5202.78062296957  2.169322E-16
5205.57923620247  2.143033E-16
5208.37784943538  2.013578E-16
5211.17646266829  2.050895E-16
5213.97507590119  2.144367E-16
5216.7736891341  2.193142E-16
5219.572302367  2.032123E-16
5222.37091559991  2.115527E-16
5225.16952883281  2.221208E-16
5227.96814206572  2.055056E-16
5230.76675529862  2.007060E-16
5233.56536853153  1.840419E-16
5236.36398176443  1.805616E-16
5239.16259499734  2.024722E-16
5241.96120823024  2.152018E-16
5244.75982146315  2.174261E-16
5247.55843469606  1.997124E-16
5250.35704792896  1.962265E-16
5253.15566116187  2.002331E-16
5255.95427439477  2.064200E-16
5258.75288762768  1.906668E-16
5261.55150086058  2.087141E-16
5264.35011409349  2.110552E-16
5267.14872732639  1.895291E-16
5269.9473405593  1.848953E-16
5272.7459537922  2.100202E-16
5275.54456702511  1.942888E-16
5278.34318025801  1.955961E-16
5281.14179349092  2.036168E-16
5283.94040672382  2.049666E-16
5286.73901995673  2.058461E-16
5289.53763318963  1.940232E-16
5292.33624642254  1.985697E-16
5295.13485965545  1.869477E-16
5297.93347288835  1.957540E-16
5300.73208612126  2.084210E-16
5303.53069935416  1.941345E-16
5306.32931258707  1.817017E-16
5309.12792581997  2.008632E-16
5311.92653905288  2.058099E-16
5314.72515228578  2.069660E-16
5317.52376551869  1.984346E-16
5320.32237875159  1.963847E-16
5323.1209919845  1.986289E-16
5325.9196052174  1.912457E-16
5328.71821845031  1.888229E-16
5331.51683168321  1.994036E-16
5334.31544491612  1.995327E-16
5337.11405814903  1.950838E-16
5339.91267138193  1.991275E-16
5342.71128461483  1.818667E-16
5345.50989784774  1.692793E-16
5348.30851108065  1.861751E-16
5351.10712431355  1.906121E-16
5353.90573754646  2.073135E-16
5356.70435077936  1.984785E-16
5359.50296401227  1.844514E-16
5362.30157724517  1.882760E-16
5365.10019047808  1.922599E-16
5367.89880371098  2.013974E-16
5370.69741694389  1.916489E-16
5373.49603017679  1.842703E-16
5376.2946434097  1.993191E-16
5379.0932566426  1.974240E-16
5381.89186987551  1.966378E-16
5384.69048310841  1.992204E-16
5387.48909634132  1.945905E-16
5390.28770957423  2.083762E-16
5393.08632280713  2.241925E-16
5395.88493604004  1.999709E-16
5398.68354927294  1.877475E-16
5401.48216250585  2.094008E-16
5404.28077573875  2.266983E-16
5407.07938897166  2.260860E-16
5409.87800220456  2.016465E-16
5412.67661543747  1.709148E-16
5415.47522867037  1.858603E-16
5418.27384190328  2.019962E-16
5421.07245513618  1.988160E-16
5423.87106836909  1.833591E-16
5426.669681602  1.849807E-16
5429.4682948349  1.797917E-16
5432.2669080678  1.694100E-16
5435.06552130071  1.796060E-16
5437.86413453362  2.008579E-16
5440.66274776652  2.007531E-16
5443.46136099943  2.045389E-16
5446.25997423233  1.862163E-16
5449.05858746524  1.787708E-16
5451.85720069814  1.819930E-16
5454.65581393105  1.940497E-16
5457.45442716395  1.808736E-16
5460.25304039686  1.866241E-16
5463.05165362976  1.908933E-16
5465.85026686267  2.014100E-16
5468.64888009557  2.049563E-16
5471.44749332848  1.876734E-16
5474.24610656138  2.044122E-16
5477.04471979429  2.034467E-16
5479.8433330272  1.906185E-16
5482.6419462601  1.977867E-16
5485.44055949301  1.986126E-16
5488.23917272591  1.861461E-16
5491.03778595882  1.818484E-16
5493.83639919172  1.913344E-16
5496.63501242463  1.799677E-16
5499.43362565753  1.819124E-16
5502.23223889044  1.923380E-16
5505.03085212334  1.955250E-16
5507.82946535625  1.927015E-16
5510.62807858915  1.924350E-16
5513.42669182206  1.866032E-16
5516.22530505497  1.636726E-16
5519.02391828787  1.968190E-16
5521.82253152078  2.018708E-16
5524.62114475368  1.658164E-16
5527.41975798659  1.673695E-16
5530.21837121949  1.943642E-16
5533.0169844524  1.903492E-16
5535.8155976853  1.930523E-16
5538.61421091821  1.894756E-16
5541.41282415111  1.767185E-16
5544.21143738402  1.840145E-16
5547.01005061692  1.639440E-16
5549.80866384983  1.670195E-16
5552.60727708273  1.679673E-16
5555.40589031564  1.857945E-16
5558.20450354854  1.835822E-16
5561.00311678145  1.811649E-16
5563.80173001436  1.728872E-16
5566.60034324726  1.714705E-16
5569.39895648017  1.714184E-16
5572.19756971307  1.698643E-16
5574.99618294598  1.687219E-16
5577.79479617888  1.800215E-16
5580.59340941179  1.606059E-16
5583.39202264469  1.659549E-16
5586.1906358776  1.721081E-16
5588.9892491105  1.806686E-16
5591.78786234341  1.837176E-16
5594.58647557631  1.710195E-16
5597.38508880922  1.671942E-16
5600.18370204212  1.480381E-16
5602.98231527503  1.773263E-16
5605.78092850794  1.847609E-16
5608.57954174084  1.779541E-16
5611.37815497374  1.720845E-16
5614.17676820665  1.716708E-16
5616.97538143956  1.628830E-16
5619.77399467246  1.682413E-16
5622.57260790537  1.647859E-16
5625.37122113827  1.737690E-16
5628.16983437118  1.869408E-16
5630.96844760408  1.739466E-16
5633.76706083699  1.824545E-16
5636.56567406989  1.855202E-16
5639.3642873028  1.723705E-16
5642.1629005357  1.868565E-16
5644.96151376861  1.975947E-16
5647.76012700151  1.874524E-16
5650.55874023442  1.692787E-16
5653.35735346732  1.736533E-16
5656.15596670023  1.977660E-16
5658.95457993314  2.028969E-16
5661.75319316604  1.703463E-16
5664.55180639895  1.653041E-16
5667.35041963185  1.735323E-16
5670.14903286476  1.813509E-16
5672.94764609766  1.811108E-16
5675.74625933057  1.827117E-16
5678.54487256347  1.791584E-16
5681.34348579638  1.720589E-16
5684.14209902928  1.853604E-16
5686.94071226219  1.879188E-16
5689.73932549509  1.675149E-16
5692.537938728  1.749288E-16
5695.3365519609  1.761710E-16
5698.13516519381  1.709266E-16
5700.93377842671  1.720592E-16
5703.73239165962  1.754537E-16
5706.53100489252  1.788305E-16
5709.32961812543  1.725489E-16
5712.12823135834  1.714402E-16
5714.92684459124  1.839456E-16
5717.72545782415  1.802593E-16
5720.52407105705  1.667281E-16
5723.32268428996  1.735680E-16
5726.12129752286  1.802669E-16
5728.91991075577  1.937482E-16
5731.71852398867  1.906739E-16
5734.51713722158  1.815961E-16
5737.31575045448  1.706449E-16
5740.11436368739  1.763018E-16
5742.91297692029  1.693137E-16
5745.7115901532  1.581910E-16
5748.5102033861  1.716306E-16
5751.30881661901  1.831898E-16
5754.10742985192  1.872308E-16
5756.90604308482  1.984793E-16
5759.70465631773  1.778487E-16
5762.50326955063  1.848215E-16
5765.30188278354  1.649759E-16
5768.10049601644  1.656025E-16
5770.89910924935  1.822177E-16
5773.69772248225  1.682554E-16
5776.49633571516  1.697856E-16
5779.29494894806  1.677821E-16
5782.09356218097  1.897031E-16
5784.89217541387  1.867571E-16
5787.69078864678  1.683140E-16
5790.48940187968  1.824272E-16
5793.28801511259  1.666126E-16
5796.0866283455  1.696850E-16
5798.8852415784  1.841630E-16
5801.68385481131  1.818077E-16
5804.48246804421  1.862167E-16
5807.28108127712  1.837854E-16
5810.07969451002  1.657011E-16
5812.87830774293  1.654392E-16
5815.67692097583  1.768700E-16
5818.47553420874  1.696427E-16
5821.27414744164  1.645211E-16
5824.07276067455  1.825386E-16
5826.87137390745  1.765412E-16
5829.66998714036  1.768078E-16
5832.46860037326  1.678355E-16
5835.26721360617  1.766950E-16
5838.06582683908  1.965852E-16
5840.86444007198  2.018728E-16
5843.66305330488  1.947793E-16
5846.46166653779  2.097021E-16
5849.2602797707  2.296433E-16
5852.0588930036  2.328079E-16
5854.85750623651  2.440797E-16
5857.65611946941  2.520627E-16
5860.45473270232  2.632191E-16
5863.25334593522  2.362768E-16
5866.05195916813  2.180945E-16
5868.85057240103  2.129456E-16
5871.64918563394  2.080398E-16
5874.44779886684  2.021332E-16
5877.24641209975  2.078476E-16
5880.04502533265  2.289503E-16
5882.84363856556  2.548675E-16
5885.64225179846  2.734751E-16
5888.44086503137  2.570252E-16
5891.23947826428  2.340963E-16
5894.03809149718  2.407325E-16
5896.83670473009  2.416674E-16
5899.63531796299  2.079936E-16
5902.4339311959  2.049771E-16
5905.2325444288  2.122845E-16
5908.03115766171  1.883743E-16
5910.82977089461  1.751959E-16
5913.62838412752  1.797271E-16
5916.42699736042  1.861495E-16
5919.22561059333  1.727726E-16
5922.02422382623  1.555177E-16
5924.82283705914  1.600723E-16
5927.62145029205  1.826868E-16
5930.42006352495  1.826001E-16
5933.21867675785  1.677131E-16
5936.01728999076  1.540086E-16
5938.81590322367  1.444189E-16
5941.61451645657  1.659661E-16
5944.41312968948  1.672178E-16
5947.21174292238  1.671472E-16
5950.01035615529  1.753029E-16
5952.80896938819  1.738765E-16
5955.6075826211  1.677080E-16
5958.406195854  1.575014E-16
5961.20480908691  1.516333E-16
5964.00342231981  1.526449E-16
5966.80203555272  1.760693E-16
5969.60064878562  1.691853E-16
5972.39926201853  1.705014E-16
5975.19787525143  1.670917E-16
5977.99648848434  1.562639E-16
5980.79510171725  1.626551E-16
5983.59371495015  1.723165E-16
5986.39232818305  1.623602E-16
5989.19094141596  1.758601E-16
5991.98955464887  1.511523E-16
5994.78816788177  1.504076E-16
5997.58678111468  1.650584E-16
6000.38539434758  1.489996E-16
6003.18400758049  1.523813E-16
6005.98262081339  1.434911E-16
6008.7812340463  1.529478E-16
6011.5798472792  1.686511E-16
6014.37846051211  1.719212E-16
6017.17707374501  1.704483E-16
6019.97568697792  1.692859E-16
6022.77430021083  1.564673E-16
6025.57291344373  1.571075E-16
6028.37152667664  1.732617E-16
6031.17013990954  1.650498E-16
6033.96875314245  1.617856E-16
6036.76736637535  1.796045E-16
6039.56597960826  1.752791E-16
6042.36459284116  1.777326E-16
6045.16320607407  1.715576E-16
6047.96181930697  1.722290E-16
6050.76043253988  1.535986E-16
6053.55904577278  1.479719E-16
6056.35765900569  1.742865E-16
6059.15627223859  1.653160E-16
6061.9548854715  1.444610E-16
6064.7534987044  1.602302E-16
6067.55211193731  1.582189E-16
6070.35072517021  1.636308E-16
6073.14933840312  1.617011E-16
6075.94795163602  1.631686E-16
6078.74656486893  1.489625E-16
6081.54517810184  1.579757E-16
6084.34379133474  1.795104E-16
6087.14240456765  1.650348E-16
6089.94101780055  1.437874E-16
6092.73963103346  1.574466E-16
6095.53824426636  1.663631E-16
6098.33685749927  1.624936E-16
6101.13547073217  1.647366E-16
6103.93408396508  1.598301E-16
6106.73269719798  1.578480E-16
6109.53131043089  1.715218E-16
6112.3299236638  1.673151E-16
6115.1285368967  1.714226E-16
6117.92715012961  1.821062E-16
6120.72576336251  1.721105E-16
6123.52437659541  1.684488E-16
6126.32298982832  1.776296E-16
6129.12160306123  1.609373E-16
6131.92021629413  1.496414E-16
6134.71882952704  1.641241E-16
6137.51744275994  1.636119E-16
6140.31605599285  1.722098E-16
6143.11466922575  1.767155E-16
6145.91328245866  1.752166E-16
6148.71189569156  1.784041E-16
6151.51050892447  1.776110E-16
6154.30912215737  1.671243E-16
6157.10773539028  1.639889E-16
6159.90634862319  1.607984E-16
6162.70496185609  1.572925E-16
6165.50357508899  1.650024E-16
6168.3021883219  1.692718E-16
6171.10080155481  1.841276E-16
6173.89941478771  1.646588E-16
6176.69802802062  1.592530E-16
6179.49664125352  1.595031E-16
6182.29525448643  1.580775E-16
6185.09386771933  1.529792E-16
6187.89248095224  1.532834E-16
6190.69109418514  1.617441E-16
6193.48970741805  1.644112E-16
6196.28832065095  1.467458E-16
6199.08693388386  1.541193E-16
6201.88554711677  1.630620E-16
6204.68416034967  1.791879E-16
6207.48277358257  1.657680E-16
6210.28138681548  1.577611E-16
6213.08000004839  1.710213E-16
6215.87861328129  1.729081E-16
6218.6772265142  1.525838E-16
6221.4758397471  1.587265E-16
6224.27445298001  1.596537E-16
6227.07306621291  1.634839E-16
6229.87167944582  1.674138E-16
6232.67029267872  1.537106E-16
6235.46890591163  1.353575E-16
6238.26751914453  1.521268E-16
6241.06613237744  1.816568E-16
6243.86474561034  1.684266E-16
6246.66335884325  1.642802E-16
6249.46197207615  1.590237E-16
6252.26058530906  1.634423E-16
6255.05919854196  1.646990E-16
6257.85781177487  1.607283E-16
6260.65642500778  1.686025E-16
6263.45503824068  1.609911E-16
6266.25365147359  1.495910E-16
6269.05226470649  1.610459E-16
6271.8508779394  1.646252E-16
6274.6494911723  1.691958E-16
6277.44810440521  1.762662E-16
6280.24671763811  1.727420E-16
6283.04533087102  1.457859E-16
6285.84394410392  1.484398E-16
6288.64255733683  1.698519E-16
6291.44117056973  1.803950E-16
6294.23978380264  1.670812E-16
6297.03839703554  1.694870E-16
6299.83701026845  1.730927E-16
6302.63562350135  1.788696E-16
6305.43423673426  1.529575E-16
6308.23284996717  1.541479E-16
6311.03146320007  1.652839E-16
6313.83007643298  1.624611E-16
6316.62868966588  1.647422E-16
6319.42730289879  1.702486E-16
6322.22591613169  1.655440E-16
6325.0245293646  1.756840E-16
6327.8231425975  1.673684E-16
6330.62175583041  1.719843E-16
6333.42036906331  1.736574E-16
6336.21898229622  1.689840E-16
6339.01759552912  1.592735E-16
6341.81620876203  1.570595E-16
6344.61482199493  1.619853E-16
6347.41343522784  1.698999E-16
6350.21204846074  1.713626E-16
6353.01066169365  1.629572E-16
6355.80927492656  1.655326E-16
6358.60788815946  1.713498E-16
6361.40650139236  1.698292E-16
6364.20511462527  1.443585E-16
6367.00372785818  1.410717E-16
6369.80234109108  1.635179E-16
6372.60095432399  1.707635E-16
6375.39956755689  1.653249E-16
6378.1981807898  1.709909E-16
6380.9967940227  1.679887E-16
6383.79540725561  1.568578E-16
6386.59402048851  1.566923E-16
6389.39263372142  1.645205E-16
6392.19124695432  1.629901E-16
6394.98986018723  1.673712E-16
6397.78847342013  1.807382E-16
6400.58708665304  1.763401E-16
6403.38569988595  1.785557E-16
6406.18431311885  1.772177E-16
6408.98292635176  1.610023E-16
6411.78153958466  1.539559E-16
6414.58015281757  1.598925E-16
6417.37876605047  1.605640E-16
6420.17737928338  1.557663E-16
6422.97599251628  1.805660E-16
6425.77460574919  1.708948E-16
6428.57321898209  1.737881E-16
6431.371832215  1.688304E-16
6434.1704454479  1.445480E-16
6436.96905868081  1.544617E-16
6439.76767191372  1.773144E-16
6442.56628514662  1.748908E-16
6445.36489837953  1.647716E-16
6448.16351161243  1.587962E-16
6450.96212484533  1.736882E-16
6453.76073807824  1.726903E-16
6456.55935131115  1.585878E-16
6459.35796454405  1.594624E-16
6462.15657777696  1.654725E-16
6464.95519100986  1.647854E-16
6467.75380424277  1.438906E-16
6470.55241747567  1.534476E-16
6473.35103070858  1.519364E-16
6476.14964394148  1.535798E-16
6478.94825717439  1.608163E-16
6481.7468704073  1.552662E-16
6484.5454836402  1.587567E-16
6487.3440968731  1.605425E-16
6490.14271010601  1.587182E-16
6492.94132333892  1.715263E-16
6495.73993657182  1.753679E-16
6498.53854980473  1.694568E-16
6501.33716303763  1.670740E-16
6504.13577627054  1.736625E-16
6506.93438950344  1.871814E-16
6509.73300273635  1.806700E-16
6512.53161596925  1.758235E-16
6515.33022920216  1.922794E-16
6518.12884243506  2.005257E-16
6520.92745566797  2.119589E-16
6523.72606890087  2.007838E-16
6526.52468213378  2.202403E-16
6529.32329536668  2.673816E-16
6532.12190859959  2.819158E-16
6534.9205218325  3.015768E-16
6537.7191350654  3.539016E-16
6540.5177482983  3.958385E-16
6543.31636153121  4.347012E-16
6546.11497476412  4.703840E-16
6548.91358799702  4.653724E-16
6551.71220122993  4.567130E-16
6554.51081446283  4.501227E-16
6557.30942769574  4.518476E-16
6560.10804092864  4.551114E-16
6562.90665416155  4.666574E-16
6565.70526739445  5.270681E-16
6568.50388062736  5.441314E-16
6571.30249386026  5.354788E-16
6574.10110709317  5.319517E-16
6576.89972032607  4.920994E-16
6579.69833355898  4.457192E-16
6582.49694679189  4.161542E-16
6585.29556002479  3.673154E-16
6588.0941732577  3.338911E-16
6590.8927864906  2.936232E-16
6593.69139972351  2.648045E-16
6596.49001295641  2.356866E-16
6599.28862618932  2.249792E-16
6602.08723942222  1.954732E-16
6604.88585265513  1.873408E-16
6607.68446588803  1.852691E-16
6610.48307912094  1.648368E-16
6613.28169235384  1.686883E-16
6616.08030558675  1.748255E-16
6618.87891881965  1.880283E-16
6621.67753205256  1.676273E-16
6624.47614528547  1.666357E-16
6627.27475851837  1.645232E-16
6630.07337175128  1.798000E-16
6632.87198498418  1.652666E-16
6635.67059821709  1.661112E-16
6638.46921144999  1.665870E-16
6641.2678246829  1.634607E-16
6644.0664379158  1.854679E-16
6646.86505114871  1.766822E-16
6649.66366438161  1.915069E-16
6652.46227761452  1.756512E-16
6655.26089084742  1.818007E-16
6658.05950408033  2.049355E-16
6660.85811731323  1.974590E-16
6663.65673054614  1.789010E-16
6666.45534377904  1.636854E-16
6669.25395701195  1.771346E-16
6672.05257024486  1.697969E-16
6674.85118347776  1.680101E-16
6677.64979671067  1.611257E-16
6680.44840994357  1.600267E-16
6683.24702317648  1.912726E-16
6686.04563640938  2.001297E-16
6688.84424964229  1.760236E-16
6691.64286287519  1.729073E-16
6694.4414761081  1.699316E-16
6697.240089341  1.709371E-16
6700.03870257391  1.742452E-16
6702.83731580681  1.545141E-16
6705.63592903972  1.625038E-16
6708.43454227262  1.653277E-16
6711.23315550553  1.586873E-16
6714.03176873844  1.523335E-16
6716.83038197134  1.521911E-16
6719.62899520424  1.436331E-16
6722.42760843715  1.402150E-16
6725.22622167005  1.445883E-16
6728.02483490296  1.432322E-16
6730.82344813587  1.526367E-16
6733.62206136877  1.379146E-16
6736.42067460168  1.351990E-16
6739.21928783458  1.424176E-16
6742.01790106749  1.341137E-16
6744.81651430039  1.240489E-16
6747.6151275333  1.366629E-16
6750.4137407662  1.404472E-16
6753.21235399911  1.439329E-16
6756.01096723201  1.412648E-16
6758.80958046492  1.466115E-16
6761.60819369783  1.439584E-16
6764.40680693073  1.414178E-16
6767.20542016363  1.407570E-16
6770.00403339654  1.393636E-16
6772.80264662945  1.530294E-16
6775.60125986235  1.599933E-16
6778.39987309526  1.499294E-16
6781.19848632816  1.540502E-16
6783.99709956107  1.508955E-16
6786.79571279397  1.490863E-16
6789.59432602688  1.433778E-16
6792.39293925978  1.387573E-16
6795.19155249269  1.320753E-16
6797.99016572559  1.435714E-16
6800.7887789585  1.356954E-16
6803.5873921914  1.443077E-16
6806.38600542431  1.501890E-16
6809.18461865722  1.298678E-16
6811.98323189012  1.339311E-16
6814.78184512303  1.534431E-16
6817.58045835593  1.570808E-16
6820.37907158884  1.515406E-16
6823.17768482174  1.417822E-16
6825.97629805465  1.607533E-16
6828.77491128755  1.522005E-16
6831.57352452046  1.488911E-16
6834.37213775336  1.500061E-16
6837.17075098627  1.487020E-16
6839.96936421917  1.362565E-16
6842.76797745208  1.345632E-16
6845.56659068498  1.351250E-16
6848.36520391789  1.366462E-16
6851.16381715079  1.302571E-16
6853.9624303837  1.456408E-16
6856.76104361661  1.513534E-16
6859.55965684951  1.532880E-16
6862.35827008242  1.544948E-16
6865.15688331532  1.259960E-16
6867.95549654823  1.005563E-16
6870.75410978113  1.102457E-16
6873.55272301404  1.221721E-16
6876.35133624694  1.132064E-16
6879.14994947985  1.239669E-16
6881.94856271275  1.335913E-16
6884.74717594566  1.422600E-16
6887.54578917856  1.332511E-16
6890.34440241147  1.336770E-16
6893.14301564437  1.375740E-16
6895.94162887728  1.357717E-16
6898.74024211018  1.499619E-16
6901.53885534309  1.474419E-16
6904.33746857599  1.293165E-16
6907.1360818089  1.267901E-16
6909.93469504181  1.424806E-16
6912.73330827471  1.466678E-16
6915.53192150762  1.416345E-16
6918.33053474052  1.465831E-16
6921.12914797343  1.359182E-16
6923.92776120633  1.282761E-16
6926.72637443924  1.286466E-16
6929.52498767214  1.459136E-16
6932.32360090505  1.436412E-16
6935.12221413795  1.306314E-16
6937.92082737086  1.286500E-16
6940.71944060376  1.383538E-16
6943.51805383667  1.377030E-16
6946.31666706957  1.416299E-16
6949.11528030248  1.294873E-16
6951.91389353539  1.254822E-16
6954.71250676829  1.513457E-16
6957.5111200012  1.489324E-16
6960.3097332341  1.508266E-16
6963.10834646701  1.495081E-16
6965.90695969991  1.349999E-16
6968.70557293282  1.506873E-16
6971.50418616572  1.695316E-16
6974.30279939863  1.548846E-16
6977.10141263153  1.462403E-16
6979.90002586444  1.383176E-16
6982.69863909734  1.448638E-16
6985.49725233025  1.438345E-16
6988.29586556315  1.320136E-16
6991.09447879606  1.537786E-16
6993.89309202897  1.527203E-16
6996.69170526187  1.419733E-16
6999.49031849477  1.414714E-16
7002.28893172768  1.689442E-16
7005.08754496059  1.372588E-16
7007.88615819349  1.206593E-16
7010.6847714264  1.437732E-16
7013.4833846593  1.638463E-16
7016.28199789221  1.653308E-16
7019.08061112511  1.614493E-16
7021.87922435802  1.567956E-16
7024.67783759092  1.625565E-16
7027.47645082383  1.663938E-16
7030.27506405673  1.717029E-16
7033.07367728964  1.730960E-16
7035.87229052255  1.655192E-16
7038.67090375545  1.882817E-16
7041.46951698835  1.897424E-16
7044.26813022126  1.948267E-16
7047.06674345417  1.751130E-16
7049.86535668707  1.804656E-16
7052.66396991998  1.901357E-16
7055.46258315288  1.631954E-16
7058.26119638579  1.530226E-16
7061.05980961869  1.747148E-16
7063.8584228516  1.754289E-16
7066.6570360845  1.572593E-16
7069.45564931741  1.792101E-16
7072.25426255031  1.688146E-16
7075.05287578322  1.757218E-16
7077.85148901612  1.882648E-16
7080.65010224903  1.800811E-16
7083.44871548193  1.849619E-16
7086.24732871484  1.908217E-16
7089.04594194775  1.776245E-16
7091.84455518065  1.723449E-16
7094.64316841356  1.757242E-16
7097.44178164646  1.749215E-16
7100.24039487937  1.636234E-16
7103.03900811227  1.630477E-16
7105.83762134518  1.646950E-16
7108.63623457808  1.621017E-16
7111.43484781099  1.690709E-16
7114.23346104389  1.666321E-16
7117.0320742768  1.661619E-16
7119.8306875097  1.552003E-16
7122.62930074261  1.529188E-16
7125.42791397551  1.586185E-16
7128.22652720842  1.583250E-16
7131.02514044133  1.691842E-16
7133.82375367423  1.624791E-16
7136.62236690714  1.568877E-16
7139.42098014004  1.683318E-16
7142.21959337295  1.597160E-16
7145.01820660585  1.589123E-16
7147.81681983876  1.582058E-16
7150.61543307166  1.454402E-16
7153.41404630457  1.420932E-16
7156.21265953747  1.488232E-16
7159.01127277038  1.531919E-16
7161.80988600328  1.584468E-16
7164.60849923619  1.607709E-16
7167.40711246909  1.463999E-16
7170.205725702  1.210095E-16
7173.00433893491  1.138920E-16
7175.80295216781  1.212626E-16
7178.60156540071  1.294598E-16
7181.40017863362  1.195889E-16
7184.19879186653  1.187243E-16
7186.99740509943  1.259570E-16
7189.79601833234  1.268249E-16
7192.59463156524  1.216264E-16
7195.39324479815  1.213825E-16
7198.19185803105  1.338828E-16
7200.99047126396  1.247027E-16
7203.78908449686  1.239116E-16
7206.58769772977  1.324710E-16
7209.38631096267  1.430653E-16
7212.18492419558  1.307780E-16
7214.98353742848  1.266797E-16
7217.78215066139  1.403254E-16
7220.58076389429  1.530824E-16
7223.3793771272  1.543216E-16
7226.17799036011  1.479112E-16
7228.97660359301  1.341395E-16
7231.77521682591  1.450450E-16
7234.57383005882  1.438493E-16
7237.37244329173  1.297915E-16
7240.17105652463  1.338952E-16
7242.96966975754  1.172647E-16
7245.76828299044  1.287769E-16
7248.56689622335  1.273174E-16
7251.36550945625  1.358195E-16
7254.16412268916  1.411476E-16
7256.96273592206  1.369048E-16
7259.76134915497  1.269138E-16
7262.55996238787  1.259135E-16
7265.35857562078  1.321102E-16
7268.15718885368  1.446561E-16
7270.95580208659  1.377120E-16
7273.75441531949  1.452747E-16
7276.5530285524  1.679097E-16
7279.35164178531  1.387859E-16
7282.15025501821  1.346013E-16
7284.94886825112  1.401247E-16
7287.74748148402  1.452033E-16
7290.54609471693  1.337073E-16
7293.34470794983  1.244947E-16
7296.14332118274  1.318072E-16
7298.94193441564  1.355493E-16
7301.74054764855  1.323084E-16
7304.53916088145  1.384992E-16
7307.33777411436  1.563229E-16
7310.13638734726  1.665799E-16
7312.93500058017  1.520718E-16
7315.73361381308  1.236456E-16
7318.53222704598  1.574751E-16
7321.33084027888  1.650320E-16
7324.12945351179  1.529979E-16
7326.9280667447  1.406366E-16
7329.7266799776  1.494280E-16
7332.52529321051  1.660595E-16
7335.32390644341  1.732861E-16
7338.12251967632  1.575809E-16
7340.92113290922  1.537492E-16
7343.71974614213  1.501358E-16
7346.51835937503  1.621266E-16
7349.31697260794  1.660489E-16
7352.11558584084  1.620173E-16
7354.91419907375  1.541768E-16
7357.71281230665  1.646467E-16
7360.51142553956  1.629208E-16
7363.31003877246  1.695591E-16
7366.10865200537  1.774608E-16
7368.90726523828  1.655813E-16
7371.70587847118  1.699005E-16
7374.50449170409  1.684971E-16
7377.30310493699  1.679741E-16
7380.1017181699  1.583506E-16
7382.9003314028  1.758697E-16
7385.69894463571  1.828792E-16
7388.49755786861  1.720754E-16
7391.29617110152  1.694611E-16
7394.09478433442  1.478326E-16
7396.89339756733  1.824197E-16
7399.69201080023  1.705726E-16
7402.49062403314  1.732341E-16
7405.28923726605  1.522961E-16
7408.08785049895  1.678592E-16
7410.88646373185  1.698820E-16
7413.68507696476  1.882560E-16
7416.48369019767  1.815359E-16
7419.28230343057  1.704906E-16
7422.08091666348  1.780195E-16
7424.87952989638  1.741063E-16
7427.67814312929  1.696306E-16
7430.47675636219  1.639387E-16
7433.2753695951  1.738267E-16
7436.073982828  1.801349E-16
7438.87259606091  1.629868E-16
7441.67120929381  1.693824E-16
7444.46982252672  1.723822E-16
7447.26843575962  1.716353E-16
7450.06704899253  1.500184E-16
7452.86566222543  1.822595E-16
7455.66427545834  1.634053E-16
7458.46288869124  1.694253E-16
7461.26150192415  1.662663E-16
7464.06011515706  1.743680E-16
7466.85872838996  1.885135E-16
7469.65734162287  1.533882E-16
7472.45595485577  1.319185E-16
7475.25456808868  1.883826E-16
7478.05318132158  1.792431E-16
7480.85179455449  1.670794E-16
7483.65040778739  1.850800E-16
7486.4490210203  1.672650E-16
7489.2476342532  1.702272E-16
7492.04624748611  1.730519E-16
7494.84486071902  1.757979E-16
7497.64347395192  1.779035E-16
7500.44208718482  1.800808E-16
7503.24070041773  1.678263E-16
7506.03931365064  1.808263E-16
7508.83792688354  1.753974E-16
7511.63654011645  1.739743E-16
7514.43515334935  1.872902E-16
7517.23376658226  1.780292E-16
7520.03237981516  1.827030E-16
7522.83099304807  1.804482E-16
7525.62960628097  1.686319E-16
7528.42821951388  1.657988E-16
7531.22683274678  1.843001E-16
7534.02544597969  1.670354E-16
7536.82405921259  1.623588E-16
7539.6226724455  1.953619E-16
7542.4212856784  1.769133E-16
7545.21989891131  1.625370E-16
7548.01851214422  1.825250E-16
7550.81712537712  1.781986E-16
7553.61573861003  1.817557E-16
7556.41435184293  1.744429E-16
7559.21296507584  1.759688E-16
7562.01157830874  1.885581E-16
7564.81019154165  1.940849E-16
7567.60880477455  1.816996E-16
7570.40741800746  1.782673E-16
7573.20603124036  1.787452E-16
7576.00464447327  1.759134E-16
7578.80325770617  1.853043E-16
7581.60187093908  1.719352E-16
7584.40048417198  1.584568E-16
7587.19909740489  1.391128E-16
7589.99771063779  1.496941E-16
7592.7963238707  1.278735E-16
7595.5949371036  8.788931E-17
7598.39355033651  7.293662E-17
7601.19216356942  7.015454E-17
7603.99077680232  5.671261E-17
7606.78939003523  6.335954E-17
7609.58800326813  6.617025E-17
7612.38661650104  8.588900E-17
7615.18522973394  1.198159E-16
7617.98384296685  1.145805E-16
7620.78245619975  1.013068E-16
7623.58106943266  8.712761E-17
7626.37968266556  7.599380E-17
7629.17829589847  7.671843E-17
7631.97690913138  8.577381E-17
7634.77552236428  1.005973E-16
7637.57413559718  1.100529E-16
7640.37274883009  9.670661E-17
7643.171362063  1.078636E-16
7645.9699752959  1.186233E-16
7648.76858852881  1.282217E-16
7651.56720176171  1.168273E-16
7654.36581499462  1.250495E-16
7657.16442822752  1.255870E-16
7659.96304146043  1.242936E-16
7662.76165469333  1.340562E-16
7665.56026792624  1.431709E-16
7668.35888115914  1.367416E-16
7671.15749439205  1.364689E-16
7673.95610762496  1.525162E-16
7676.75472085786  1.334459E-16
7679.55333409076  1.329591E-16
7682.35194732367  1.592569E-16
7685.15056055657  1.591474E-16
7687.94917378948  1.339001E-16
7690.74778702239  1.353957E-16
7693.54640025529  1.600149E-16
7696.3450134882  1.746908E-16
7699.1436267211  1.662585E-16
7701.94223995401  1.606879E-16
7704.74085318691  1.549049E-16
7707.53946641982  1.535884E-16
7710.33807965272  1.691543E-16
7713.13669288563  1.783929E-16
7715.93530611853  1.482573E-16
7718.73391935144  1.516242E-16
7721.53253258434  1.346005E-16
7724.33114581725  1.516206E-16
7727.12975905016  1.701567E-16
7729.92837228306  1.506743E-16
7732.72698551596  1.551455E-16
7735.52559874887  1.591764E-16
7738.32421198178  1.584187E-16
7741.12282521468  1.767578E-16
7743.92143844758  1.855618E-16
7746.72005168049  1.898562E-16
7749.5186649134  1.998274E-16
7752.3172781463  1.823883E-16
7755.11589137921  1.513448E-16
7757.91450461211  1.715775E-16
7760.71311784502  1.619927E-16
7763.51173107792  1.647582E-16
7766.31034431083  1.569217E-16
7769.10895754373  1.488733E-16
7771.90757077664  1.486173E-16
7774.70618400954  1.454791E-16
7777.50479724245  1.762548E-16
7780.30341047536  1.765578E-16
7783.10202370826  1.589165E-16
7785.90063694117  1.605693E-16
7788.69925017407  1.631320E-16
7791.49786340698  1.781588E-16
7794.29647663988  1.654833E-16
7797.09508987279  1.595212E-16
7799.89370310569  1.651929E-16
7802.6923163386  1.683796E-16
7805.4909295715  1.694481E-16
7808.28954280441  1.688170E-16
7811.08815603731  1.545915E-16
7813.88676927022  1.329535E-16
7816.68538250312  1.580119E-16
7819.48399573603  1.437325E-16
7822.28260896893  1.395750E-16
7825.08122220184  1.339315E-16
7827.87983543475  1.225253E-16
7830.67844866765  1.546821E-16
7833.47706190056  1.620608E-16
7836.27567513346  1.526920E-16
7839.07428836637  1.656655E-16
7841.87290159927  1.541104E-16
7844.67151483218  1.692455E-16
7847.47012806508  1.601983E-16
7850.26874129799  1.396719E-16
7853.06735453089  1.456762E-16
7855.8659677638  1.386428E-16
7858.6645809967  1.326315E-16
7861.46319422961  1.275174E-16
7864.26180746251  1.355559E-16
7867.06042069542  1.620241E-16
7869.85903392832  1.778381E-16
7872.65764716123  1.445306E-16
7875.45626039414  1.481614E-16
7878.25487362704  1.418154E-16
7881.05348685995  1.495366E-16
7883.85210009285  1.522802E-16
7886.65071332576  1.442870E-16
7889.44932655866  1.382896E-16
7892.24793979157  1.581691E-16
7895.04655302447  1.521776E-16
7897.84516625738  1.547158E-16
7900.64377949028  1.493722E-16
7903.44239272319  1.499550E-16
7906.24100595609  1.427247E-16
7909.039619189  1.159818E-16
7911.8382324219  1.345021E-16
7914.63684565481  1.425340E-16
7917.43545888772  1.420689E-16
7920.23407212062  1.535180E-16
7923.03268535353  1.504354E-16
7925.83129858643  1.534273E-16
7928.62991181934  1.629748E-16
7931.42852505224  1.469485E-16
7934.22713828515  1.451935E-16
7937.02575151805  1.364887E-16
7939.82436475096  1.349168E-16
7942.62297798386  1.438606E-16
7945.42159121677  1.585771E-16
7948.22020444967  1.514905E-16
7951.01881768258  1.629510E-16
7953.81743091548  1.331454E-16
7956.61604414839  1.384934E-16
7959.41465738129  1.411444E-16
7962.2132706142  1.206248E-16
7965.0118838471  1.345263E-16
7967.81049708001  1.287857E-16
7970.60911031292  1.292708E-16
7973.40772354582  1.264797E-16
7976.20633677873  1.428478E-16
7979.00495001163  1.406340E-16
7981.80356324454  1.375529E-16
7984.60217647744  1.358171E-16
7987.40078971035  1.399414E-16
7990.19940294325  1.129399E-16
7992.99801617616  1.382371E-16
7995.79662940907  1.443480E-16
7998.59524264197  1.385454E-16
8001.39385587487  1.356493E-16
8004.19246910778  1.387241E-16
8006.99108234069  1.256263E-16
8009.78969557359  1.296233E-16
8012.5883088065  1.333997E-16
8015.3869220394  1.413854E-16
8018.18553527231  1.386622E-16
8020.98414850521  1.364334E-16
8023.78276173812  1.317149E-16
8026.58137497102  1.175901E-16
8029.37998820393  1.320877E-16
8032.17860143683  1.389269E-16
8034.97721466974  1.375911E-16
8037.77582790264  1.443436E-16
8040.57444113555  1.456988E-16
8043.37305436845  1.392275E-16
8046.17166760136  1.338169E-16
8048.97028083427  1.285560E-16
8051.76889406717  1.347700E-16
8054.56750730007  1.338003E-16
8057.36612053298  1.370494E-16
8060.16473376588  1.500002E-16
8062.96334699879  1.525089E-16
8065.7619602317  1.501156E-16
8068.5605734646  1.574214E-16
8071.35918669751  1.437778E-16
8074.15779993041  1.364457E-16
8076.95641316332  1.367744E-16
8079.75502639622  1.414759E-16
8082.55363962913  1.376099E-16
8085.35225286203  1.444102E-16
8088.15086609494  1.506106E-16
8090.94947932784  1.394817E-16
8093.74809256075  1.315448E-16
8096.54670579365  1.388276E-16
8099.34531902656  1.168217E-16
8102.14393225947  1.181864E-16
8104.94254549237  1.431624E-16
8107.74115872528  1.435907E-16
8110.53977195818  1.361487E-16
8113.33838519109  1.225779E-16
8116.13699842399  1.160435E-16
8118.9356116569  1.235342E-16
8121.7342248898  1.282083E-16
8124.53283812271  1.278684E-16
8127.33145135561  1.203514E-16
8130.13006458852  1.231380E-16
8132.92867782142  1.166957E-16
8135.72729105433  1.220984E-16
8138.52590428723  1.168365E-16
8141.32451752014  1.051534E-16
8144.12313075304  1.245845E-16
8146.92174398595  1.266108E-16
8149.72035721886  1.162510E-16
8152.51897045176  1.117490E-16
8155.31758368467  1.198142E-16
8158.11619691757  1.156620E-16
8160.91481015048  1.137309E-16
8163.71342338338  1.038624E-16
8166.51203661629  8.553844E-17
8169.31064984919  1.081568E-16
8172.1092630821  1.145676E-16
8174.907876315  1.157805E-16
8177.70648954791  1.149376E-16
8180.50510278081  1.233523E-16
8183.30371601372  1.264684E-16
8186.10232924662  1.319238E-16
8188.90094247953  1.191903E-16
8191.69955571243  1.115228E-16
8194.49816894534  1.066556E-16
8197.29678217825  1.063940E-16
8200.09539541115  1.223062E-16
8202.89400864406  1.401266E-16
8205.69262187696  1.458533E-16
8208.49123510987  1.686328E-16
8211.28984834277  1.551713E-16
8214.08846157568  1.288011E-16
8216.88707480858  1.359260E-16
8219.68568804149  1.389992E-16
8222.48430127439  1.325616E-16
8225.2829145073  1.130569E-16
8228.0815277402  1.046763E-16
8230.88014097311  1.124338E-16
8233.67875420601  1.087984E-16
8236.47736743892  1.183144E-16
8239.27598067182  1.291401E-16
8242.07459390473  1.158266E-16
8244.87320713763  1.389213E-16
8247.67182037054  1.653337E-16
8250.47043360345  1.517741E-16
8253.26904683635  1.468344E-16
8256.06766006926  1.352002E-16
8258.86627330216  1.332009E-16
8261.66488653507  1.395414E-16
8264.46349976797  1.319393E-16
8267.26211300088  1.347546E-16
8270.06072623378  1.270955E-16
8272.85933946669  1.345230E-16
8275.65795269959  1.058596E-16
8278.4565659325  1.087709E-16
8281.2551791654  1.158540E-16
8284.05379239831  1.154922E-16
8286.85240563121  1.329001E-16
8289.65101886412  1.385208E-16
8292.44963209703  1.360265E-16
8295.24824532993  1.458367E-16
8298.04685856284  1.338578E-16
8300.84547179574  9.610429E-17
8303.64408502865  1.151910E-16
8306.44269826155  1.342022E-16
8309.24131149446  1.278367E-16
8312.03992472736  1.396983E-16
8314.83853796027  1.278540E-16
8317.63715119317  1.192902E-16
8320.43576442608  1.297806E-16
8323.23437765898  1.397587E-16
8326.03299089189  1.314205E-16
8328.8316041248  1.530416E-16
8331.6302173577  1.509086E-16
8334.42883059061  1.266053E-16
8337.22744382351  1.252471E-16
8340.02605705641  1.203061E-16
8342.82467028932  1.228288E-16
8345.62328352223  1.421754E-16
8348.42189675513  9.626993E-17
8351.22050998804  1.306478E-16
8354.01912322094  1.494506E-16
8356.81773645385  1.427352E-16
8359.61634968675  1.438014E-16
8362.41496291966  1.475370E-16
8365.21357615256  1.332245E-16
8368.01218938547  1.428180E-16
8370.81080261837  1.322203E-16
8373.60941585128  1.294892E-16
8376.40802908419  1.414051E-16
8379.20664231709  1.316577E-16
8382.00525555  1.362858E-16
8384.8038687829  1.433982E-16
8387.6024820158  1.206012E-16
8390.40109524871  1.385394E-16
8393.19970848162  1.411273E-16
8395.99832171452  1.113934E-16
8398.79693494743  1.032563E-16
8401.59554818033  1.227100E-16
8404.39416141324  1.646985E-16
8407.19277464614  1.547688E-16
8409.99138787905  1.306659E-16
8412.79000111195  1.468866E-16
8415.58861434486  1.407816E-16
8418.38722757776  1.243892E-16
8421.18584081067  1.537795E-16
8423.98445404358  1.633744E-16
8426.78306727648  1.222410E-16
8429.58168050938  1.235083E-16
8432.38029374229  1.300483E-16
8435.1789069752  1.292056E-16
8437.9775202081  1.565151E-16
8440.77613344101  1.464477E-16
8443.57474667391  1.354681E-16
8446.37335990682  1.398792E-16
8449.17197313972  1.439487E-16
8451.97058637263  1.242764E-16
8454.76919960553  1.288359E-16
8457.56781283844  1.272645E-16
8460.36642607134  1.282050E-16
8463.16503930425  1.058748E-16
8465.96365253715  1.636793E-16
8468.76226577006  1.419661E-16
8471.56087900297  1.663354E-16
8474.35949223587  1.579163E-16
8477.15810546878  1.578056E-16
8479.95671870168  1.602167E-16
8482.75533193459  1.248875E-16
8485.55394516749  1.434179E-16
8488.3525584004  1.736800E-16
8491.1511716333  1.665364E-16
8493.94978486621  1.596399E-16
8496.74839809911  1.252952E-16
8499.54701133202  1.246249E-16
8502.34562456492  1.487659E-16
8505.14423779783  1.613666E-16
8507.94285103073  1.613734E-16
8510.74146426364  1.608026E-16
8513.54007749654  1.608429E-16
8516.33869072945  1.472340E-16
8519.13730396236  1.577897E-16
8521.93591719526  1.784151E-16
8524.73453042817  1.852518E-16
8527.53314366107  1.766949E-16
8530.33175689398  1.712981E-16
8533.13037012688  1.593697E-16
8535.92898335979  1.523329E-16
8538.72759659269  1.431256E-16
8541.5262098256  1.545511E-16
8544.3248230585  1.707121E-16
8547.12343629141  1.389951E-16
8549.92204952431  1.228763E-16
8552.72066275722  1.572803E-16
8555.51927599013  1.545743E-16
8558.31788922303  1.424372E-16
8561.11650245594  1.613828E-16
8563.91511568884  1.710802E-16
8566.71372892174  1.729665E-16
8569.51234215465  1.596791E-16
8572.31095538756  1.627590E-16
8575.10956862046  1.515703E-16
8577.90818185337  1.590166E-16
8580.70679508627  1.570861E-16
8583.50540831918  1.337626E-16
8586.30402155208  1.515278E-16
8589.10263478499  1.560721E-16
8591.90124801789  1.306179E-16
8594.6998612508  1.265559E-16
8597.4984744837  1.522567E-16
8600.29708771661  1.458352E-16
8603.09570094951  1.318710E-16
8605.89431418242  1.441815E-16
8608.69292741532  1.296957E-16
8611.49154064823  1.227079E-16
8614.29015388113  1.529460E-16
8617.08876711404  1.479475E-16
8619.88738034695  1.470316E-16
8622.68599357985  1.395915E-16
8625.48460681276  1.491510E-16
8628.28322004566  1.612178E-16
8631.08183327857  1.523782E-16
8633.88044651147  1.484828E-16
8636.67905974438  1.752236E-16
8639.47767297728  1.497629E-16
8642.27628621019  1.445473E-16
8645.07489944309  1.598583E-16
8647.873512676  1.773698E-16
8650.67212590891  1.558019E-16
8653.47073914181  1.555325E-16
8656.26935237471  1.634458E-16
8659.06796560762  1.628714E-16
8661.86657884053  1.612966E-16
8664.66519207343  1.856865E-16
8667.46380530634  1.605647E-16
8670.26241853924  1.560085E-16
8673.06103177215  1.573731E-16
8675.85964500505  1.504181E-16
8678.65825823796  1.418285E-16
8681.45687147086  1.563138E-16
8684.25548470377  1.751011E-16
8687.05409793667  1.632724E-16
8689.85271116958  1.461186E-16
8692.65132440249  1.565941E-16
8695.44993763539  1.651893E-16
8698.2485508683  1.535291E-16
8701.0471641012  1.409525E-16
8703.84577733411  1.421733E-16
8706.64439056701  1.236988E-16
8709.44300379992  1.082552E-16
8712.24161703282  1.445253E-16
8715.04023026573  1.672235E-16
8717.83884349863  1.526761E-16
8720.63745673153  1.397963E-16
8723.43606996444  1.369137E-16
8726.23468319735  1.202954E-16
8729.03329643025  1.338436E-16
8731.83190966316  1.452547E-16
8734.63052289606  1.584890E-16
8737.42913612897  1.565135E-16
8740.22774936188  1.550488E-16
8743.02636259478  1.474696E-16
8745.82497582768  1.261040E-16
8748.62358906059  1.354840E-16
8751.42220229349  1.530250E-16
8754.2208155264  1.289397E-16
8757.01942875931  1.302735E-16
8759.81804199221  1.403577E-16
8762.61665522512  1.560079E-16
8765.41526845802  1.543240E-16
8768.21388169093  1.364374E-16
8771.01249492383  1.647106E-16
8773.81110815674  1.474295E-16
8776.60972138964  1.346704E-16
8779.40833462255  1.379553E-16
8782.20694785545  1.361202E-16
8785.00556108836  1.404776E-16
8787.80417432126  1.318851E-16
8790.60278755417  1.428036E-16
8793.40140078708  1.244911E-16
8796.20001401998  1.402763E-16
8798.99862725289  1.404209E-16
8801.79724048579  1.296325E-16
8804.5958537187  1.330656E-16
8807.3944669516  1.389615E-16
8810.19308018451  1.260091E-16
8812.99169341741  1.200782E-16
8815.79030665032  1.079289E-16
8818.58891988322  1.149804E-16
8821.38753311613  1.337793E-16
8824.18614634903  1.532573E-16
8826.98475958194  1.083168E-16
8829.78337281484  8.122271E-17
8832.58198604775  1.220642E-16
8835.38059928065  1.163234E-16
8838.17921251356  1.199644E-16
8840.97782574646  1.276058E-16
8843.77643897937  1.504596E-16
8846.57505221228  1.438920E-16
8849.37366544518  1.406014E-16
8852.17227867809  1.183213E-16
8854.97089191099  1.377651E-16
8857.7695051439  1.522641E-16
8860.5681183768  1.307282E-16
8863.36673160971  1.227652E-16
8866.16534484261  1.272622E-16
8868.96395807552  1.332066E-16
8871.76257130842  1.193528E-16
8874.56118454133  1.574871E-16
8877.35979777423  1.237322E-16
8880.15841100714  1.285358E-16
8882.95702424004  1.305249E-16
8885.75563747295  7.108308E-17
8888.55425070586  9.762123E-17
8891.35286393876  1.427967E-16
8894.15147717167  1.154034E-16
8896.95009040457  1.311875E-16
8899.74870363748  1.368543E-16
8902.54731687038  1.003845E-16
8905.34593010329  9.076574E-17
8908.14454333619  9.552230E-17
8910.9431565691  1.068041E-16
8913.741769802  1.198530E-16
8916.54038303491  1.448000E-16
8919.33899626782  1.325615E-16
8922.13760950072  1.834136E-16
8924.93622273362  1.370210E-16
8927.73483596653  9.556638E-17
8930.53344919943  1.032429E-16
8933.33206243234  1.223387E-16
8936.13067566525  9.835281E-17
8938.92928889815  1.045603E-16
8941.72790213105  1.263534E-16
8944.52651536396  1.324611E-16
8947.32512859687  1.339645E-16
8950.12374182977  1.196869E-16
8952.92235506268  9.012810E-17
8955.72096829558  1.072081E-16
8958.51958152849  7.666294E-17
8961.31819476139  9.682426E-17
8964.1168079943  9.250431E-17
8966.9154212272  1.152493E-16
8969.71403446011  1.173085E-16
8972.51264769301  9.287180E-17
8975.31126092592  1.093350E-16
8978.10987415882  1.260805E-16
8980.90848739173  1.131692E-16
8983.70710062464  1.136317E-16
8986.50571385754  1.077500E-16
8989.30432709045  8.457333E-17
8992.10294032335  1.127013E-16
8994.90155355626  1.408085E-16
8997.70016678916  1.117787E-16
9000.49878002207  1.091682E-16
9003.29739325497  1.205012E-16
9006.09600648788  1.176597E-16
9008.89461972078  1.111961E-16
9011.69323295369  1.151150E-16
9014.4918461866  1.201424E-16
9017.2904594195  1.336577E-16
9020.08907265241  1.385114E-16
9022.88768588531  1.298780E-16
9025.68629911822  1.397892E-16
9028.48491235112  1.372115E-16
9031.28352558403  1.442706E-16
9034.08213881693  1.655874E-16
9036.88075204984  1.636983E-16
9039.67936528274  1.631964E-16
9042.47797851565  1.542830E-16
9045.27659174855  1.368802E-16
9048.07520498146  1.623586E-16
9050.87381821436  1.617236E-16
9053.67243144727  1.409485E-16
9056.47104468017  1.193646E-16
9059.26965791308  1.385239E-16
9062.06827114598  1.228623E-16
9064.86688437889  1.336471E-16
9067.6654976118  1.138615E-16
9070.4641108447  9.693904E-17
9073.26272407761  1.156975E-16
9076.06133731051  1.134550E-16
9078.85995054342  1.197343E-16
9081.65856377632  1.010195E-16
9084.45717700923  9.140848E-17
9087.25579024213  1.128431E-16
9090.05440347504  1.123919E-16
9092.85301670794  1.040060E-16
9095.65162994085  1.367019E-16
9098.45024317375  1.298284E-16
9101.24885640666  8.352863E-17
9104.04746963956  8.423299E-17
9106.84608287247  1.112340E-16
9109.64469610537  1.176342E-16
9112.44330933828  1.187046E-16
9115.24192257119  1.087321E-16
9118.04053580409  1.030083E-16
9120.839149037  1.013663E-16
9123.6377622699  1.079176E-16
9126.43637550281  1.255872E-16
9129.23498873571  9.746939E-17
9132.03360196862  7.880497E-17
9134.83221520152  8.768186E-17
9137.63082843443  9.429312E-17
9140.42944166733  1.130878E-16
9143.22805490024  1.346128E-16
9146.02666813314  1.242815E-16
9148.82528136605  9.966177E-17
9151.62389459895  9.585211E-17
9154.42250783186  8.143115E-17
9157.22112106476  9.965370E-17
9160.01973429767  1.254960E-16
9162.81834753057  1.266922E-16
9165.61696076348  1.275124E-16
9168.41557399639  1.043762E-16
9171.21418722929  9.734861E-17
9174.0128004622  9.454445E-17
9176.8114136951  1.007142E-16
9179.61002692801  1.208958E-16
9182.40864016091  1.197349E-16
9185.20725339382  1.180492E-16
9188.00586662672  1.548518E-16
9190.80447985963  1.481190E-16
9193.60309309253  1.525319E-16
9196.40170632544  1.494610E-16
9199.20031955834  1.722907E-16
9201.99893279125  1.965811E-16
9204.79754602415  1.769952E-16
9207.59615925706  1.893362E-16
9210.39477248997  1.736835E-16
9213.19338572287  1.587030E-16
9215.99199895578  1.546958E-16
9218.79061218868  1.504687E-16
9221.58922542159  1.475413E-16
9224.38783865449  1.697011E-16
9227.1864518874  1.794919E-16
9229.9850651203  1.593362E-16
9232.78367835321  1.495959E-16
9235.58229158611  1.643432E-16
9238.38090481902  1.692325E-16
9241.17951805193  1.475053E-16
9243.97813128483  1.755700E-16
9246.77674451774  1.634721E-16
9249.57535775064  1.577849E-16
9252.37397098354  1.474054E-16
9255.17258421645  1.733682E-16
9257.97119744935  1.516324E-16
9260.76981068226  1.425747E-16
9263.56842391516  1.478612E-16
9266.36703714807  1.576853E-16
9269.16565038098  1.599023E-16
9271.96426361388  1.491879E-16
9274.76287684679  1.346817E-16
9277.56149007969  1.155244E-16
9280.3601033126  9.591266E-17
9283.1587165455  9.014971E-17
9285.95732977841  9.162379E-17
9288.75594301131  8.307153E-17
9291.55455624422  8.238329E-17
9294.35316947712  7.528559E-17
9297.15178271003  6.771044E-17
9299.95039594293  7.854733E-17
9302.74900917584  8.337835E-17
9305.54762240875  6.106683E-17
9308.34623564165  2.196208E-17
9311.14484887456  1.001666E-16
9313.94346210746  7.600767E-17
9316.74207534037  2.882221E-17
9319.54068857327  5.069398E-17
9322.33930180618  1.199492E-17
9325.13791503908  2.202465E-17
9327.93652827199  5.266753E-17
9330.73514150489  4.814937E-17
9333.5337547378  3.954252E-17
9336.33236797071  1.580540E-17
9339.13098120361  1.674849E-17
9341.92959443651  1.697735E-17
9344.72820766942  2.180282E-17
9347.52682090233  5.171262E-17
9350.32543413523  5.481019E-17
9353.12404736814  3.626765E-17
9355.92266060104  3.260148E-17
9358.72127383395  3.130856E-17
9361.51988706685  5.457298E-17
9364.31850029976  5.160352E-17
9367.11711353266  4.994629E-17
9369.91572676557  7.471136E-17
9372.71433999847  8.475414E-17
9375.51295323138  1.133876E-16
9378.31156646428  9.114890E-17
9381.11017969719  4.821821E-17
9383.90879293009  4.658314E-17
9386.707406163  7.431043E-17
9389.50601939591  7.153231E-17
9392.30463262881  1.149631E-16
9395.10324586172  9.167381E-17
9397.90185909462  8.117592E-17
9400.70047232753  6.578751E-17
9403.49908556043  6.738287E-17
9406.29769879333  5.846851E-17
9409.09631202624  7.173759E-17
9411.89492525915  4.137322E-17
9414.69353849205  6.534931E-17
9417.49215172496  8.009066E-17
9420.29076495786  7.941313E-17
9423.08937819077  7.869221E-17
9425.88799142367  2.250150E-17
9428.68660465658  4.286255E-17
9431.48521788948  7.823491E-17
9434.28383112239  8.343251E-17
9437.08244435529  9.889005E-17
9439.8810575882  2.590568E-17
9442.67967082111  2.970953E-17
9445.47828405401  8.102524E-17
9448.27689728692  9.174714E-17
9451.07551051982  9.306459E-17
9453.87412375273  9.021413E-17
9456.67273698563  3.947331E-17
9459.47135021854  1.279950E-18
9462.26996345144  3.415018E-17
9465.06857668435  6.169848E-17
9467.86718991725  6.919065E-17
9470.66580315016  7.453668E-17
9473.46441638306  8.763314E-17
9476.26302961597  7.017955E-17
9479.06164284887  5.499283E-17
9481.86025608178  9.209977E-17
9484.65886931468  1.147363E-16
9487.45748254759  1.233751E-16
9490.2560957805  7.030017E-17
9493.0547090134  5.531411E-17
9495.85332224631  3.602905E-17
9498.65193547921  4.477495E-17
9501.45054871212  1.010953E-16
9504.24916194502  1.088665E-16
9507.04777517793  9.926614E-17
9509.84638841083  1.213575E-16
9512.64500164374  1.149386E-16
9515.44361487664  7.914297E-17
9518.24222810955  6.471316E-17
9521.04084134245  7.536427E-17
9523.83945457536  1.061102E-16
9526.63806780826  1.184753E-16
9529.43668104117  1.587212E-16
9532.23529427408  1.790336E-16
9535.03390750698  1.226631E-16
9537.83252073989  8.580699E-17
9540.63113397279  8.832308E-17
9543.4297472057  8.779332E-17
9546.2283604386  1.242728E-16
9549.02697367151  1.609216E-16
9551.82558690441  1.156614E-16
9554.62420013732  1.215784E-16
9557.42281337022  1.340348E-16
9560.22142660313  1.420879E-16
9563.02003983604  1.853651E-16
9565.81865306894  2.334115E-16
9568.61726630184  1.773408E-16
9571.41587953475  1.409459E-16
9574.21449276766  1.222420E-16
9577.01310600056  1.274495E-16
9579.81171923347  1.535865E-16
9582.61033246637  9.625716E-17
9585.40894569927  8.468779E-17
9588.20755893218  1.028184E-16
9591.00617216509  7.240344E-17
9593.80478539799  1.372072E-16
9596.6033986309  1.265235E-16
9599.4020118638  8.563669E-17
9602.20062509671  1.099900E-16
9604.99923832961  1.195512E-16
9607.79785156252  1.699307E-16
