3889.6630859375  36.65116
3890.28104729443  38.88274
3890.89900865135  41.19817
3891.51697000828  43.61691
3892.1349313652  48.93544
3892.75289272212  52.88805
3893.37085407905  55.56136
3893.98881543597  57.50594
3894.6067767929  56.8549
3895.22473814982  57.46911
3895.84269950675  60.72665
3896.46066086367  67.1144
3897.07862222059  72.71234
3897.69658357752  74.97617
3898.31454493444  72.31516
3898.93250629137  68.45194
3899.55046764829  67.0307
3900.16842900522  65.89458
3900.78639036214  63.65651
3901.40435171906  64.27786
3902.02231307599  65.66806
3902.64027443291  65.45056
3903.25823578984  67.21657
3903.87619714676  70.74496
3904.49415850368  70.34775
3905.11211986061  65.51887
3905.73008121753  63.2548
3906.34804257446  68.32014
3906.96600393138  73.7726
3907.58396528831  75.21531
3908.20192664523  73.41093
3908.81988800215  68.81393
3909.43784935908  63.78555
3910.055810716  62.86077
3910.67377207293  62.50185
3911.29173342985  60.46525
3911.90969478677  64.0261
3912.5276561437  70.27802
3913.14561750062  70.25089
3913.76357885755  64.24726
3914.38154021447  61.30057
3914.9995015714  64.89948
3915.61746292832  68.62116
3916.23542428524  70.10941
3916.85338564217  71.29086
3917.47134699909  70.0424
3918.08930835602  69.29301
3918.70726971294  69.56065
3919.32523106986  65.49767
3919.94319242679  62.60055
3920.56115378371  62.95478
3921.17911514064  64.77229
3921.79707649756  69.72567
3922.41503785448  73.56394
3923.03299921141  73.56322
3923.65096056833  72.66115
3924.26892192526  73.0392
3924.88688328218  75.98859
3925.50484463911  79.51553
3926.12280599603  77.55516
3926.74076735295  74.26227
3927.35872870988  77.98805
3927.9766900668  81.0386
3928.59465142373  76.59319
3929.21261278065  71.16369
3929.83057413758  69.19913
3930.4485354945  66.74752
3931.06649685142  66.91654
3931.68445820835  70.61862
3932.30241956527  70.05943
3932.9203809222  68.18875
3933.53834227912  71.60027
3934.15630363604  72.99001
3934.77426499297  71.78836
3935.39222634989  75.00233
3936.01018770682  78.02257
3936.62814906374  74.03433
3937.24611042066  70.7057
3937.86407177759  73.59653
3938.48203313451  74.89986
3939.09999449144  73.47337
3939.71795584836  75.75597
3940.33591720529  81.03059
3940.95387856221  84.49692
3941.57183991913  84.94621
3942.18980127606  88.79401
3942.80776263298  94.6617
3943.42572398991  97.8073
3944.04368534683  99.80391
3944.66164670375  100.9802
3945.27960806068  100.5987
3945.8975694176  97.69058
3946.51553077453  96.81644
3947.13349213145  103.7593
3947.75145348838  111.9136
3948.3694148453  109.538
3948.98737620222  103.4806
3949.60533755915  103.7399
3950.22329891607  104.2952
3950.841260273  100.5188
3951.45922162992  99.88622
3952.07718298685  104.6649
3952.69514434377  111.4345
3953.31310570069  117.1147
3953.93106705762  119.2197
3954.54902841454  117.6129
3955.16698977147  114.8025
3955.78495112839  113.6447
3956.40291248531  120.5192
3957.02087384224  128.5661
3957.63883519916  129.2484
3958.25679655609  129.1888
3958.87475791301  127.5983
3959.49271926994  126.5731
3960.11068062686  132.1471
3960.72864198378  137.7365
3961.34660334071  135.7531
3961.96456469763  131.0938
3962.58252605456  130.1699
3963.20048741148  128.9788
3963.8184487684  129.1311
3964.43641012533  132.3362
3965.05437148225  132.8756
3965.67233283918  128.8896
3966.2902941961  124.8964
3966.90825555302  118.8256
3967.52621690995  117.0775
3968.14417826687  119.1715
3968.7621396238  113.1539
3969.38010098072  103.5855
3969.99806233765  97.45993
3970.61602369457  97.01866
3971.23398505149  105.7166
3971.85194640842  111.8935
3972.46990776534  110.8325
3973.08786912227  109.3315
3973.70583047919  110.765
3974.32379183612  112.5206
3974.94175319304  116.6352
3975.55971454996  122.6762
3976.17767590689  128.4037
3976.79563726381  130.5371
3977.41359862074  130.0192
3978.03155997766  133.1364
3978.64952133458  136.9711
3979.26748269151  132.9838
3979.88544404843  128.3992
3980.50340540536  129.5701
3981.12136676228  130.689
3981.73932811921  129.9258
3982.35728947613  125.8468
3982.97525083305  122.2591
3983.59321218998  119.9035
3984.2111735469  115.2055
3984.82913490383  109.636
3985.44709626075  108.7206
3986.06505761767  109.1838
3986.6830189746  109.5979
3987.30098033152  111.5207
3987.91894168845  107.6654
3988.53690304537  102.3592
3989.1548644023  100.0965
3989.77282575922  102.0625
3990.39078711614  107.0618
3991.00874847307  107.4909
3991.62670982999  102.5174
3992.24467118692  97.73065
3992.86263254384  92.3853
3993.48059390076  87.94846
3994.09855525769  88.87373
3994.71651661461  89.79903
3995.33447797154  90.79686
3995.95243932846  95.03615
3996.57040068539  96.85512
3997.18836204231  95.95886
3997.80632339923  93.76885
3998.42428475616  92.69411
3999.04224611308  89.69792
3999.66020747001  84.30532
4000.27816882693  83.76924
4000.89613018385  85.04417
4001.51409154078  87.49873
4002.1320528977  91.40373
4002.75001425463  93.2179
4003.36797561155  89.21877
4003.98593696848  83.73035
4004.6038983254  78.76185
4005.22185968232  75.77422
4005.83982103925  79.60727
4006.45778239617  85.71555
4007.0757437531  90.88474
4007.69370511002  93.68162
4008.31166646695  91.36224
4008.92962782387  89.43774
4009.54758918079  91.32229
4010.16555053772  93.45414
4010.78351189464  93.90705
4011.40147325157  91.33369
4012.01943460849  88.916
4012.63739596542  86.85261
4013.25535732234  86.76875
4013.87331867926  89.19537
4014.49128003619  87.7598
4015.10924139311  82.89237
4015.72720275003  79.89503
4016.34516410696  84.60512
4016.96312546388  91.69598
4017.58108682081  94.7835
4018.19904817773  94.48741
4018.81700953466  90.69783
4019.43497089158  86.62895
4020.0529322485  84.59405
4020.67089360543  84.64738
4021.28885496235  87.57434
4021.90681631928  85.97042
4022.5247776762  82.12224
4023.14273903312  82.88674
4023.76070039005  83.21672
4024.37866174697  82.48427
4024.9966231039  81.8459
4025.61458446082  81.42526
4026.23254581775  80.04134
4026.85050717467  79.69075
4027.46846853159  81.97459
4028.08642988852  81.55635
4028.70439124544  82.20418
4029.32235260237  85.83606
4029.94031395929  86.10765
4030.55827531621  81.15182
4031.17623667314  78.87963
4031.79419803006  81.99007
4032.41215938699  85.681
4033.03012074391  89.12361
4033.64808210084  96.64159
4034.26604345776  98.41586
4034.88400481468  91.15438
4035.50196617161  88.89865
4036.11992752853  89.74583
4036.73788888546  88.8436
4037.35585024238  88.53752
4037.97381159931  86.12981
4038.59177295623  84.88636
4039.20973431315  87.03382
4039.82769567008  85.81709
4040.445657027  85.91432
4041.06361838393  91.66386
4041.68157974085  95.4751
4042.29954109777  94.61872
4042.9175024547  96.54688
4043.53546381162  97.99452
4044.15342516855  88.21387
4044.77138652547  79.90246
4045.3893478824  87.5573
4046.00730923932  98.0017
4046.62527059624  96.22379
4047.24323195317  90.24324
4047.86119331009  90.75831
4048.47915466702  91.85033
4049.09711602394  92.7827
4049.71507738086  96.38875
4050.33303873779  96.44464
4050.95100009471  93.81116
4051.56896145164  93.49651
4052.18692280856  89.4693
4052.80488416549  85.43448
4053.42284552241  84.49475
4054.04080687933  83.98193
4054.65876823626  83.34586
4055.27672959318  86.08713
4055.89469095011  87.43349
4056.51265230703  89.42772
4057.13061366395  94.20754
4057.74857502088  94.77981
4058.3665363778  87.98903
4058.98449773473  81.2005
4059.60245909165  81.22224
4060.22042044858  90.04009
4060.8383818055  97.29247
4061.45634316242  94.80786
4062.07430451935  93.36543
4062.69226587627  93.66498
4063.3102272332  87.31467
4063.92818859012  79.89354
4064.54614994704  79.37014
4065.16411130397  81.53507
4065.78207266089  82.56342
4066.40003401782  88.31255
4067.01799537474  96.81015
4067.63595673167  97.51743
4068.25391808859  93.35884
4068.87187944551  98.40577
4069.48984080244  106.6927
4070.10780215936  105.014
4070.72576351629  96.40433
4071.34372487321  92.62289
4071.96168623014  96.59442
4072.57964758706  103.314
4073.19760894398  109.5634
4073.81557030091  109.16
4074.43353165783  103.7334
4075.05149301476  98.94447
4075.66945437168  95.77403
4076.2874157286  99.11427
4076.90537708553  109.727
4077.52333844245  117.8261
4078.14129979938  119.797
4078.7592611563  118.7548
4079.37722251323  123.401
4079.99518387015  134.185
4080.61314522707  142.516
4081.231106584  139.2256
4081.84906794092  130.8252
4082.46702929785  128.7128
4083.08499065477  136.8948
4083.70295201169  148.911
4084.32091336862  156.2891
4084.93887472554  157.5359
4085.55683608247  152.4429
4086.17479743939  149.7421
4086.79275879632  157.8463
4087.41072015324  167.4
4088.02868151016  173.0022
4088.64664286709  179.576
4089.26460422401  181.4823
4089.88256558093  173.2635
4090.50052693786  165.7237
4091.11848829478  168.6905
4091.73644965171  177.9692
4092.35441100863  187.2798
4092.97237236556  192.6652
4093.59033372248  188.5236
4094.2082950794  184.1966
4094.82625643633  187.925
4095.44421779325  192.4815
4096.06217915018  186.7057
4096.6801405071  177.3921
4097.29810186403  176.4225
4097.91606322095  180.6126
4098.53402457787  176.6559
4099.1519859348  163.4489
4099.76994729172  152.3926
4100.38790864865  148.9936
4101.00587000557  146.6903
4101.6238313625  142.3367
4102.24179271942  141.1153
4102.85975407634  144.4172
4103.47771543327  147.4196
4104.09567679019  151.2492
4104.71363814712  156.0499
4105.33159950404  157.699
4105.94956086096  157.5035
4106.56752221789  160.2441
4107.18548357481  164.0893
4107.80344493174  167.9592
4108.42140628866  175.0654
4109.03936764558  181.2059
4109.65732900251  179.7006
4110.27529035943  172.9064
4110.89325171636  174.3556
4111.51121307328  179.7692
4112.12917443021  177.5969
4112.74713578713  174.5739
4113.36509714405  177.9131
4113.98305850098  181.0652
4114.6010198579  176.6591
4115.21898121483  167.1659
4115.83694257175  163.1118
4116.45490392868  168.571
4117.0728652856  174.6035
4117.69082664252  170.6747
4118.30878799945  160.6312
4118.92674935637  156.1815
4119.5447107133  154.4994
4120.16267207022  143.3904
4120.78063342714  131.2664
4121.39859478407  133.6012
4122.01655614099  142.1845
4122.63451749792  140.7947
4123.25247885484  130.9011
4123.87044021177  127.7431
4124.48840156869  134.1108
4125.10636292561  138.6621
4125.72432428254  132.2797
4126.34228563946  121.1741
4126.96024699639  117.5919
4127.57820835331  119.3412
4128.19616971023  120.4334
4128.81413106716  119.0459
4129.43209242408  115.6808
4130.05005378101  115.0607
4130.66801513793  115.848
4131.28597649486  116.7589
4131.90393785178  115.7645
4132.5218992087  113.4681
4133.13986056563  113.7364
4133.75782192255  115.0085
4134.37578327948  114.5562
4134.9937446364  109.0224
4135.61170599332  103.1534
4136.22966735025  101.8922
4136.84762870717  102.8458
4137.4655900641  102.7877
4138.08355142102  101.3675
4138.70151277795  98.69366
4139.31947413487  93.41183
4139.93743549179  91.05762
4140.55539684872  97.717
4141.17335820564  103.2481
4141.79131956257  102.4996
4142.40928091949  101.9111
4143.02724227641  101.3876
4143.64520363334  98.3848
4144.26316499026  96.16447
4144.88112634719  96.63106
4145.49908770411  96.9129
4146.11704906104  98.36441
4146.73501041796  100.5106
4147.35297177488  100.9313
4147.97093313181  97.84335
4148.58889448873  92.28244
4149.20685584566  88.54622
4149.82481720258  85.44519
4150.4427785595  84.65727
4151.06073991643  89.56967
4151.67870127335  94.89746
4152.29666263028  96.50318
4152.9146239872  99.27989
4153.53258534412  100.2335
4154.15054670105  97.73047
4154.76850805797  93.78928
4155.3864694149  89.07878
4156.00443077182  85.90884
4156.62239212875  85.85178
4157.24035348567  87.82123
4157.85831484259  90.5058
4158.47627619952  94.13449
4159.09423755644  97.26875
4159.71219891337  98.1476
4160.33016027029  96.82164
4160.94812162722  93.49628
4161.56608298414  91.25999
4162.18404434106  87.81581
4162.80200569799  83.60161
4163.41996705491  85.64498
4164.03792841184  92.78715
4164.65588976876  96.76713
4165.27385112568  95.33212
4165.89181248261  89.61281
4166.50977383953  89.42514
4167.12773519646  92.36027
4167.74569655338  91.18949
4168.36365791031  88.88557
4168.98161926723  88.20952
4169.59958062415  94.47285
4170.21754198108  103.1554
4170.835503338  105.8325
4171.45346469493  104.143
4172.07142605185  98.32562
4172.68938740877  89.91248
4173.3073487657  86.61893
4173.92531012262  88.71031
4174.54327147955  87.66866
4175.16123283647  81.01962
4175.7791941934  79.37805
4176.39715555032  85.95557
4177.01511690724  88.43561
4177.63307826417  86.63109
4178.25103962109  87.12866
4178.86900097802  86.20205
4179.48696233494  83.907
4180.10492369186  87.2148
4180.72288504879  93.06068
4181.34084640571  92.73257
4181.95880776264  91.46547
4182.57676911956  95.61989
4183.19473047649  98.98366
4183.81269183341  98.43652
4184.43065319033  95.37833
4185.04861454726  94.04868
4185.66657590418  97.59167
4186.28453726111  98.51894
4186.90249861803  93.92316
4187.52045997495  92.22018
4188.13842133188  92.81796
4188.7563826888  93.72081
4189.37434404573  93.1945
4189.99230540265  91.93868
4190.61026675958  90.06821
4191.2282281165  83.55903
4191.84618947342  79.61621
4192.46415083035  82.8228
4193.08211218727  87.60237
4193.7000735442  91.7641
4194.31803490112  97.94243
4194.93599625804  99.75781
4195.55395761497  96.78825
4196.17191897189  96.66464
4196.78988032882  94.64279
4197.40784168574  85.80602
4198.02580304267  84.82901
4198.64376439959  90.67112
4199.26172575651  90.53491
4199.87968711344  90.31125
4200.49764847036  89.50037
4201.11560982729  84.38445
4201.73357118421  82.73154
4202.35153254114  85.93021
4202.96949389806  90.52972
4203.58745525498  92.22901
4204.20541661191  87.72213
4204.82337796883  85.62358
4205.44133932576  92.54003
4206.05930068268  98.40557
4206.6772620396  97.0489
4207.29522339653  92.71326
4207.91318475345  87.01723
4208.53114611038  86.14072
4209.1491074673  87.74074
4209.76706882423  84.01093
4210.38503018115  86.6187
4211.00299153807  95.55793
4211.620952895  96.9034
4212.23891425192  92.40461
4212.85687560885  90.88419
4213.47483696577  93.07486
4214.09279832269  94.18609
4214.71075967962  94.25895
4215.32872103654  93.84608
4215.94668239347  90.78941
4216.56464375039  89.05228
4217.18260510732  94.80396
4217.80056646424  97.99771
4218.41852782116  95.08344
4219.03648917809  93.13829
4219.65445053501  91.54559
4220.27241189194  91.57957
4220.89037324886  93.20988
4221.50833460578  96.18814
4222.12629596271  97.24033
4222.74425731963  95.5176
4223.36221867656  95.42253
4223.98018003348  96.6507
4224.59814139041  96.37582
4225.21610274733  98.94011
4225.83406410425  101.4709
4226.45202546118  95.91301
4227.0699868181  89.85883
4227.68794817503  91.54834
4228.30590953195  96.38921
4228.92387088887  100.7357
4229.5418322458  101.1498
4230.15979360272  96.26083
4230.77775495965  92.19498
4231.39571631657  90.24193
4232.01367767349  87.57597
4232.63163903042  84.70812
4233.24960038734  86.65141
4233.86756174427  92.28056
4234.48552310119  94.34923
4235.10348445812  92.02036
4235.72144581504  88.19499
4236.33940717196  88.36114
4236.95736852889  92.95107
4237.57532988581  95.56445
4238.19329124274  94.89218
4238.81125259966  94.34956
4239.42921395659  94.30528
4240.04717531351  90.87084
4240.66513667043  88.54497
4241.28309802736  90.36292
4241.90105938428  94.38799
4242.51902074121  97.14471
4243.13698209813  92.29765
4243.75494345505  87.90478
4244.37290481198  90.01607
4244.9908661689  89.81059
4245.60882752583  87.27235
4246.22678888275  89.19121
4246.84475023968  92.24663
4247.4627115966  90.94005
4248.08067295352  86.19986
4248.69863431045  84.99857
4249.31659566737  87.59262
4249.9345570243  87.19789
4250.55251838122  82.82867
4251.17047973814  81.64713
4251.78844109507  85.01585
4252.40640245199  88.30363
4253.02436380892  89.00198
4253.64232516584  91.14436
4254.26028652277  91.84344
4254.87824787969  85.98634
4255.49620923661  80.31281
4256.11417059354  79.04167
4256.73213195046  86.46811
4257.35009330739  94.7289
4257.96805466431  90.96176
4258.58601602123  86.14166
4259.20397737816  89.09545
4259.82193873508  90.99681
4260.43990009201  89.18892
4261.05786144893  88.31926
4261.67582280586  87.97782
4262.29378416278  91.13076
4262.9117455197  98.52405
4263.52970687663  103.2202
4264.14766823355  102.0024
4264.76562959048  98.23508
4265.3835909474  94.34053
4266.00155230432  91.01288
4266.61951366125  91.53415
4267.23747501817  91.98674
4267.8554363751  90.75647
4268.47339773202  91.76303
4269.09135908895  90.20711
4269.70932044587  89.27945
4270.32728180279  92.11859
4270.94524315972  94.35199
4271.56320451664  93.73184
4272.18116587357  91.20328
4272.79912723049  86.29681
4273.41708858742  82.92532
4274.03504994434  81.92783
4274.65301130126  82.13265
4275.27097265819  84.86308
4275.88893401511  86.65982
4276.50689537203  84.24356
4277.12485672896  82.00365
4277.74281808588  85.14459
4278.36077944281  91.40302
4278.97874079973  93.76576
4279.59670215666  90.87823
4280.21466351358  89.6322
4280.83262487051  89.36726
4281.45058622743  90.08781
4282.06854758435  95.54056
4282.68650894128  100.8297
4283.3044702982  102.5362
4283.92243165513  105.3096
4284.54039301205  103.9932
4285.15835436897  98.45348
4285.7763157259  97.51827
4286.39427708282  98.2262
4287.01223843975  100.1913
4287.63019979667  102.6854
4288.2481611536  100.5969
4288.86612251052  97.83701
4289.48408386744  100.9536
4290.10204522437  107.9815
4290.72000658129  109.9657
4291.33796793822  105.8396
4291.95592929514  100.8414
4292.57389065206  97.16668
4293.19185200899  94.23372
4293.80981336591  91.78323
4294.42777472284  92.63921
4295.04573607976  93.74474
4295.66369743668  93.50511
4296.28165879361  95.37511
4296.89962015053  97.39114
4297.51758150746  98.02506
4298.13554286438  95.75333
4298.75350422131  92.57117
4299.37146557823  94.46698
4299.98942693515  98.03146
4300.60738829208  99.71449
4301.225349649  101.2412
4301.84331100593  100.8298
4302.46127236285  97.20178
4303.07923371978  93.3926
4303.6971950767  93.02754
4304.31515643362  94.95779
4304.93311779055  96.51717
4305.55107914747  98.72976
4306.1690405044  104.4577
4306.78700186132  112.274
4307.40496321825  116.7397
4308.02292457517  116.3497
4308.64088593209  117.5745
4309.25884728902  118.411
4309.87680864594  113.6397
4310.49477000286  109.6182
4311.11273135979  110.0644
4311.73069271671  110.3388
4312.34865407364  110.8444
4312.96661543056  113.6656
4313.58457678749  116.2023
4314.20253814441  122.1447
4314.82049950133  129.7681
4315.43846085826  131.0984
4316.05642221518  128.8981
4316.67438357211  127.6929
4317.29234492903  133.1705
4317.91030628595  143.9747
4318.52826764288  149.7616
4319.1462289998  150.9727
4319.76419035673  152.5227
4320.38215171365  151.8449
4321.00011307058  150.4146
4321.6180744275  155.458
4322.23603578442  163.3952
4322.85399714135  167.3392
4323.47195849827  171.1742
4324.0899198552  178.0257
4324.70788121212  183.0424
4325.32584256905  184.2013
4325.94380392597  185.6229
4326.56176528289  190.8236
4327.17972663982  197.4189
4327.79768799674  202.413
4328.41564935367  205.3604
4329.03361071059  207.9196
4329.65157206751  212.4377
4330.26953342444  211.6689
4330.88749478136  208.0127
4331.50545613829  211.6796
4332.12341749521  216.6473
4332.74137885214  213.2175
4333.35934020906  203.2783
4333.97730156598  197.7632
4334.59526292291  197.6873
4335.21322427983  195.234
4335.83118563676  189.9476
4336.44914699368  186.0926
4337.0671083506  182.0016
4337.68506970753  168.1504
4338.30303106445  154.568
4338.92099242138  155.5028
4339.5389537783  159.0135
4340.15691513523  157.1178
4340.77487649215  154.8847
4341.39283784907  150.1982
4342.010799206  147.3607
4342.62876056292  152.4869
4343.24672191985  158.7872
4343.86468327677  166.4337
4344.48264463369  177.0095
4345.10060599062  184.2074
4345.71856734754  187.6484
4346.33652870447  187.511
4346.95449006139  185.3338
4347.57245141832  187.0331
4348.19041277524  195.8592
4348.80837413216  206.7828
4349.42633548909  214.1506
4350.04429684601  217.2072
4350.66225820294  213.1402
4351.28021955986  204.8649
4351.89818091678  198.7602
4352.51614227371  195.3941
4353.13410363063  193.7654
4353.75206498756  195.3851
4354.37002634448  198.7855
4354.9879877014  195.7157
4355.60594905833  181.6643
4356.22391041525  166.4876
4356.84187177218  161.5278
4357.4598331291  162.0497
4358.07779448603  158.5976
4358.69575584295  155.3973
4359.31371719988  155.8103
4359.9316785568  156.199
4360.54963991372  153.0815
4361.16760127065  149.7216
4361.78556262757  147.513
4362.4035239845  147.2913
4363.02148534142  142.5518
4363.63944669834  133.8277
4364.25740805527  130.7868
4364.87536941219  130.2733
4365.49333076912  127.4617
4366.11129212604  125.8728
4366.72925348297  126.4698
4367.34721483989  124.3653
4367.96517619681  120.5549
4368.58313755374  119.3163
4369.20109891066  119.5292
4369.81906026759  117.4994
4370.43702162451  112.7984
4371.05498298143  108.1566
4371.67294433836  104.5454
4372.29090569528  104.8827
4372.90886705221  112.7465
4373.52682840913  116.3679
4374.14478976605  111.1689
4374.76275112298  107.209
4375.3807124799  106.4064
4375.99867383683  106.8432
4376.61663519375  110.8014
4377.23459655068  112.5489
4377.8525579076  108.128
4378.47051926452  101.532
4379.08848062145  104.917
4379.70644197837  116.9022
4380.3244033353  116.8557
4380.94236469222  107.4113
4381.56032604915  101.936
4382.17828740607  95.73042
4382.79624876299  88.93509
4383.41421011992  90.07422
4384.03217147684  95.88869
4384.65013283377  97.71222
4385.26809419069  97.85219
4385.88605554761  98.83859
4386.50401690454  97.10767
4387.12197826146  97.09151
4387.73993961839  100.9652
4388.35790097531  104.421
4388.97586233223  104.4787
4389.59382368916  99.80446
4390.21178504608  98.42569
4390.82974640301  104.788
4391.44770775993  106.1688
4392.06566911686  99.5498
4392.68363047378  97.62997
4393.3015918307  101.239
4393.91955318763  101.4352
4394.53751454455  95.0907
4395.15547590148  88.56932
4395.7734372584  91.0562
4396.39139861533  94.45075
4397.00935997225  93.14679
4397.62732132917  94.76389
4398.2452826861  94.5228
4398.86324404302  93.40425
4399.48120539995  96.90337
4400.09916675687  99.22203
4400.71712811379  98.01598
4401.33508947072  95.26306
4401.95305082764  92.2141
4402.57101218457  88.67264
4403.18897354149  83.18533
4403.80693489841  83.15401
4404.42489625534  90.36036
4405.04285761226  95.80359
4405.66081896919  95.85815
4406.27878032611  92.83478
4406.89674168304  89.96162
4407.51470303996  90.27132
4408.13266439688  92.26704
4408.75062575381  87.80063
4409.36858711073  82.80403
4409.98654846766  83.97093
4410.60450982458  86.98685
4411.22247118151  92.24971
4411.84043253843  93.00113
4412.45839389535  85.75868
4413.07635525228  80.08331
4413.6943166092  81.90036
4414.31227796613  88.57527
4414.93023932305  94.86949
4415.54820067997  93.80716
4416.1661620369  87.05438
4416.78412339382  87.02916
4417.40208475075  91.31757
4418.02004610767  90.27686
4418.6380074646  87.49757
4419.25596882152  88.5902
4419.87393017844  93.21594
4420.49189153537  97.20805
4421.10985289229  92.10426
4421.72781424922  85.03825
4422.34577560614  89.16223
4422.96373696306  96.75728
4423.58169831999  97.65312
4424.19965967691  94.74394
4424.81762103384  91.8259
4425.43558239076  90.9117
4426.05354374769  92.06223
4426.67150510461  92.70555
4427.28946646153  95.85513
4427.90742781846  97.8298
4428.52538917538  93.0668
4429.14335053231  89.7751
4429.76131188923  89.12242
4430.37927324616  84.74264
4430.99723460308  80.24371
4431.61519596  80.47438
4432.23315731693  85.22768
4432.85111867385  90.98086
4433.46908003077  92.00249
4434.0870413877  92.02677
4434.70500274462  95.38994
4435.32296410155  95.7975
4435.94092545847  90.09196
4436.5588868154  86.03645
4437.17684817232  87.41451
4437.79480952924  89.39331
4438.41277088617  90.91207
4439.03073224309  90.26315
4439.64869360002  88.44364
4440.26665495694  89.5446
4440.88461631386  92.26527
4441.50257767079  91.81108
4442.12053902771  91.19473
4442.73850038464  92.70398
4443.35646174156  92.83089
4443.97442309849  94.63011
4444.59238445541  101.5341
4445.21034581233  108.9176
4445.82830716926  107.6665
4446.44626852618  100.5516
4447.06422988311  100.1515
4447.68219124003  105.0234
4448.30015259696  104.3371
4448.91811395388  100.8715
4449.5360753108  103.8798
4450.15403666773  113.9067
4450.77199802465  120.6752
4451.38995938158  117.6404
4452.0079207385  107.6054
4452.62588209542  103.5409
4453.24384345235  112.4245
4453.86180480927  118.465
4454.4797661662  117.3165
4455.09772752312  117.0154
4455.71568888005  114.5907
4456.33365023697  111.1072
4456.95161159389  112.7993
4457.56957295082  120.0124
4458.18753430774  127.0773
4458.80549566467  124.4136
4459.42345702159  120.223
4460.04141837851  121.9047
4460.65937973544  122.8963
4461.27734109236  125.3441
4461.89530244929  132.5455
4462.51326380621  137.1678
4463.13122516314  132.7193
4463.74918652006  124.5399
4464.36714787698  118.353
4464.98510923391  113.1567
4465.60307059083  109.9915
4466.22103194776  110.2203
4466.83899330468  109.2105
4467.4569546616  105.9373
4468.07491601853  107.1886
4468.69287737545  110.4985
4469.31083873238  105.8941
4469.9288000893  99.54143
4470.54676144623  101.5183
4471.16472280315  104.5511
4471.78268416007  101.2794
4472.400645517  98.81677
4473.01860687392  99.80847
4473.63656823085  99.75388
4474.25452958777  99.67149
4474.8724909447  100.4269
4475.49045230162  102.5095
4476.10841365854  107.3655
4476.72637501547  110.5723
4477.34433637239  113.1794
4477.96229772932  116.1296
4478.58025908624  113.7181
4479.19822044316  110.4522
4479.81618180009  110.6245
4480.43414315701  114.707
4481.05210451394  119.3319
4481.67006587086  120.2181
4482.28802722779  123.0611
4482.90598858471  126.5996
4483.52394994163  123.664
4484.14191129856  120.9284
4484.75987265548  124.2775
4485.37783401241  128.4331
4485.99579536933  127.4801
4486.61375672625  124.5233
4487.23171808318  125.0434
4487.8496794401  125.1625
4488.46764079703  121.5644
4489.08560215395  119.4003
4489.70356351088  120.1551
4490.3215248678  121.8212
4490.93948622472  129.5653
4491.55744758165  138.0456
4492.17540893857  135.3681
4492.7933702955  126.8741
4493.41133165242  122.9577
4494.02929300934  123.1642
4494.64725436627  121.6502
4495.26521572319  115.513
4495.88317708012  110.5565
4496.50113843704  109.1498
4497.11909979397  107.5179
4497.73706115089  111.0128
4498.35502250781  118.3539
4498.97298386474  121.1046
4499.59094522166  119.5508
4500.20890657859  115.4194
4500.82686793551  109.9892
4501.44482929243  105.4525
4502.06279064936  102.6066
4502.68075200628  103.4064
4503.29871336321  108.5463
4503.91667472013  111.3579
4504.53463607706  110.6251
4505.15259743398  112.7696
4505.7705587909  114.6774
4506.38852014783  110.4437
4507.00648150475  106.6161
4507.62444286168  103.7895
4508.2424042186  97.22221
4508.86036557552  98.08841
4509.47832693245  108.8261
4510.09628828937  113.2244
4510.7142496463  110.1816
4511.33221100322  107.3396
4511.95017236014  101.1781
4512.56813371707  97.33757
4513.18609507399  100.8768
4513.80405643092  106.323
4514.42201778784  109.5102
4515.03997914477  107.5496
4515.65794050169  103.6697
4516.27590185862  102.827
4516.89386321554  105.9808
4517.51182457246  107.6914
4518.12978592939  102.3595
4518.74774728631  96.58461
4519.36570864323  98.90494
4519.98367000016  100.567
4520.60163135708  97.25417
4521.21959271401  99.01872
4521.83755407093  103.8696
4522.45551542786  104.3782
4523.07347678478  102.2421
4523.6914381417  104.6533
4524.30939949863  107.2168
4524.92736085555  101.3069
4525.54532221248  95.51146
4526.1632835694  95.84266
4526.78124492632  93.69913
4527.39920628325  87.78851
4528.01716764017  90.39201
4528.6351289971  98.55445
4529.25309035402  98.81137
4529.87105171095  96.16294
4530.48901306787  100.3201
4531.10697442479  108.0309
4531.72493578172  111.9822
4532.34289713864  111.6817
4532.96085849557  110.1182
4533.57881985249  105.5837
4534.19678120942  101.8407
4534.81474256634  104.6007
4535.43270392326  107.5894
4536.05066528019  107.424
4536.66862663711  109.1754
4537.28658799404  112.8172
4537.90454935096  113.1542
4538.52251070788  106.2962
4539.14047206481  100.7736
4539.75843342173  106.7334
4540.37639477866  114.74
4540.99435613558  113.2505
4541.61231749251  109.4377
4542.23027884943  111.523
4542.84824020635  114.2627
4543.46620156328  113.7389
4544.0841629202  110.9874
4544.70212427713  109.0761
4545.32008563405  110.2082
4545.93804699097  109.3869
4546.5560083479  106.3861
4547.17396970482  105.0922
4547.79193106175  103.7549
4548.40989241867  102.6508
4549.0278537756  105.6977
4549.64581513252  110.8147
4550.26377648944  110.5065
4550.88173784637  104.0309
4551.49969920329  98.41756
4552.11766056022  97.07481
4552.73562191714  101.2522
4553.35358327406  106.6682
4553.97154463099  103.279
4554.58950598791  95.02441
4555.20746734484  92.41769
4555.82542870176  94.61887
4556.44339005869  94.40691
4557.06135141561  95.13063
4557.67931277253  99.94391
4558.29727412946  102.7843
4558.91523548638  102.6505
4559.53319684331  102.1383
4560.15115820023  101.3257
4560.76911955715  101.7226
4561.38708091408  103.3873
4562.005042271  105.4089
4562.62300362793  108.9944
4563.24096498485  109.0316
4563.85892634178  105.9035
4564.4768876987  108.3295
4565.09484905562  114.2736
4565.71281041255  112.2183
4566.33077176947  102.9194
4566.9487331264  100.4935
4567.56669448332  106.4941
4568.18465584025  112.528
4568.80261719717  117.229
4569.42057855409  121.4493
4570.03853991102  121.407
4570.65650126794  117.7656
4571.27446262487  114.3037
4571.89242398179  113.8295
4572.51038533871  114.25
4573.12834669564  110.951
4573.74630805256  108.7525
4574.36426940949  106.4443
4574.98223076641  102.7111
4575.60019212334  100.9914
4576.21815348026  100.3761
4576.83611483718  103.6283
4577.45407619411  107.5792
4578.07203755103  106.8558
4578.68999890796  102.9888
4579.30796026488  98.28996
4579.9259216218  100.1108
4580.54388297873  109.1831
4581.16184433565  109.7617
4581.77980569258  104.5791
4582.3977670495  106.996
4583.01572840642  109.5008
4583.63368976335  109.4856
4584.25165112027  111.0544
4584.8696124772  110.4352
4585.48757383412  107.8059
4586.10553519105  103.4337
4586.72349654797  103.7389
4587.34145790489  108.4032
4587.95941926182  110.7944
4588.57738061874  114.7356
4589.19534197567  117.1264
4589.81330333259  110.265
4590.43126468951  101.2435
4591.04922604644  98.02744
4591.66718740336  100.1541
4592.28514876029  108.4742
4592.90311011721  115.6481
4593.52107147414  118.3627
4594.13903283106  120.2475
4594.75699418798  118.7087
4595.37495554491  113.7163
4595.99291690183  110.607
4596.61087825876  112.0147
4597.22883961568  109.4807
4597.84680097261  102.9213
4598.46476232953  101.1028
4599.08272368645  100.5017
4599.70068504338  98.04955
4600.3186464003  98.24218
4600.93660775723  99.98463
4601.55456911415  102.8343
4602.17253047107  108.2441
4602.790491828  109.8036
4603.40845318492  106.2725
4604.02641454185  104.3884
4604.64437589877  101.5136
4605.2623372557  101.4398
4605.88029861262  107.1661
4606.49825996954  110.1728
4607.11622132647  110.4605
4607.73418268339  112.7604
4608.35214404032  112.8571
4608.97010539724  113.886
4609.58806675416  118.2926
4610.20602811109  115.809
4610.82398946801  109.4833
4611.44195082494  104.9658
4612.05991218186  103.6201
4612.67787353879  106.4613
4613.29583489571  105.84
4613.91379625263  106.0055
4614.53175760956  113.0685
4615.14971896648  119.6004
4615.76768032341  117.7751
4616.38564168033  111.817
4617.00360303725  110.3663
4617.62156439418  111.1346
4618.2395257511  111.1538
4618.85748710803  111.8059
4619.47544846495  111.3168
4620.09340982188  113.2581
4620.7113711788  114.3381
4621.32933253572  108.0042
4621.94729389265  105.2771
4622.56525524957  109.9017
4623.1832166065  109.4346
4623.80117796342  107.5536
4624.41913932034  103.9965
4625.03710067727  97.62802
4625.65506203419  99.56052
4626.27302339112  104.1674
4626.89098474804  105.8559
4627.50894610497  104.0338
4628.12690746189  99.27061
4628.74486881881  103.6862
4629.36283017574  114.0576
4629.98079153266  112.9008
4630.59875288959  104.1923
4631.21671424651  102.9175
4631.83467560343  109.7968
4632.45263696036  113.379
4633.07059831728  109.8207
4633.68855967421  107.71
4634.30652103113  109.4086
4634.92448238805  114.8708
4635.54244374498  122.0241
4636.1604051019  123.3122
4636.77836645883  119.9007
4637.39632781575  115.9339
4638.01428917268  109.8642
4638.6322505296  105.8288
4639.25021188653  104.4547
4639.86817324345  104.9812
4640.48613460037  106.6061
4641.1040959573  109.4313
4641.72205731422  114.0816
4642.34001867114  112.1564
4642.95798002807  105.2893
4643.57594138499  105.0831
4644.19390274192  107.2571
4644.81186409884  105.9628
4645.42982545577  109.09
4646.04778681269  111.5897
4646.66574816962  108.2866
4647.28370952654  107.7617
4647.90167088346  115.4029
4648.51963224039  121.4226
4649.13759359731  116.6127
4649.75555495423  110.3328
4650.37351631116  108.5819
4650.99147766808  110.2483
4651.60943902501  112.7654
4652.22740038193  115.0929
4652.84536173886  120.491
4653.46332309578  123.7165
4654.0812844527  123.1666
4654.69924580963  124.2132
4655.31720716655  124.1008
4655.93516852348  116.1729
4656.5531298804  107.7101
4657.17109123733  108.3608
4657.78905259425  112.6317
4658.40701395117  114.2391
4659.0249753081  113.4089
4659.64293666502  111.7906
4660.26089802195  116.8793
4660.87885937887  126.2492
4661.4968207358  129.9047
4662.11478209272  127.4728
4662.73274344964  121.6782
4663.35070480657  116.7125
4663.96866616349  118.6083
4664.58662752042  122.8316
4665.20458887734  120.6137
4665.82255023426  114.7067
4666.44051159119  114.7926
4667.05847294811  119.2938
4667.67643430504  121.2869
4668.29439566196  119.3043
4668.91235701888  117.5099
4669.53031837581  118.8612
4670.14827973273  118.8843
4670.76624108966  114.7562
4671.38420244658  111.6969
4672.00216380351  114.3329
4672.62012516043  118.5362
4673.23808651735  122.515
4673.85604787428  121.944
4674.4740092312  119.2247
4675.09197058813  121.5717
4675.70993194505  122.7512
4676.32789330198  118.9204
4676.9458546589  113.4173
4677.56381601582  116.085
4678.18177737275  122.5911
4678.79973872967  118.9288
4679.4177000866  112.7943
4680.03566144352  111.3598
4680.65362280044  113.6721
4681.27158415737  116.7539
4681.88954551429  116.8755
4682.50750687122  118.7077
4683.12546822814  117.561
4683.74342958507  111.6778
4684.36139094199  111.3467
4684.97935229891  120.801
4685.59731365584  132.593
4686.21527501276  135.7174
4686.83323636969  128.3987
4687.45119772661  120.5512
4688.06915908353  116.396
4688.68712044046  115.143
4689.30508179738  115.1733
4689.92304315431  115.498
4690.54100451123  116.5873
4691.15896586816  114.9626
4691.77692722508  118.8889
4692.394888582  126.9467
4693.01284993893  127.1186
4693.63081129585  121.5215
4694.24877265278  114.551
4694.8667340097  114.2506
4695.48469536662  122.6593
4696.10265672355  126.9855
4696.72061808047  122.5974
4697.3385794374  119.0797
4697.95654079432  119.4663
4698.57450215124  117.8258
4699.19246350817  117.0523
4699.81042486509  117.199
4700.42838622202  114.8117
4701.04634757894  114.4749
4701.66430893587  116.738
4702.28227029279  120.7612
4702.90023164971  124.5037
4703.51819300664  121.6825
4704.13615436356  115.4459
4704.75411572049  113.3439
4705.37207707741  116.16
4705.99003843433  120.5584
4706.60799979126  122.8616
4707.22596114818  121.4718
4707.84392250511  118.1366
4708.46188386203  117.5853
4709.07984521896  119.7696
4709.69780657588  121.3268
4710.3157679328  119.951
4710.93372928973  120.2539
4711.55169064665  122.4285
4712.16965200358  123.2475
4712.7876133605  126.9799
4713.40557471742  131.1438
4714.02353607435  126.9435
4714.64149743127  118.9315
4715.2594587882  114.0954
4715.87742014512  111.3568
4716.49538150205  110.1231
4717.11334285897  109.8721
4717.73130421589  110.9924
4718.34926557282  113.035
4718.96722692974  112.1276
4719.58518828667  109.366
4720.20314964359  107.7349
4720.82111100052  107.2926
4721.43907235744  110.4123
4722.05703371436  118.4269
4722.67499507129  123.7451
4723.29295642821  121.5331
4723.91091778514  115.0358
4724.52887914206  104.3155
4725.14684049899  99.25372
4725.76480185591  103.8029
4726.38276321283  107.2982
4727.00072456976  106.6645
4727.61868592668  103.7152
4728.23664728361  104.8998
4728.85460864053  108.9067
4729.47256999745  111.9747
4730.09053135438  112.7298
4730.7084927113  110.8408
4731.32645406823  107.9982
4731.94441542515  104.6486
4732.56237678207  102.7953
4733.180338139  102.6038
4733.79829949592  104.7387
4734.41626085285  104.7515
4735.03422220977  105.2253
4735.6521835667  107.3668
4736.27014492362  106.6359
4736.88810628054  102.0522
4737.50606763747  94.54517
4738.12402899439  91.9337
4738.74199035132  98.34852
4739.35995170824  109.8903
4739.97791306516  117.7278
4740.59587442209  113.092
4741.21383577901  104.1324
4741.83179713594  101.0071
4742.44975849286  103.1571
4743.06771984979  108.2805
4743.68568120671  110.2689
4744.30364256363  105.6357
4744.92160392056  101.0375
4745.53956527748  99.91687
4746.15752663441  99.64325
4746.77548799133  101.1842
4747.39344934825  103.1991
4748.01141070518  103.8726
4748.6293720621  102.2981
4749.24733341903  99.15192
4749.86529477595  99.88188
4750.48325613288  102.5878
4751.1012174898  101.7113
4751.71917884672  101.3709
4752.33714020365  105.1049
4752.95510156057  106.4919
4753.5730629175  102.8326
4754.19102427442  100.2812
4754.80898563134  95.78232
4755.42694698827  89.8207
4756.04490834519  93.66203
4756.66286970212  103.1429
4757.28083105904  104.9545
4757.89879241597  104.7816
4758.51675377289  106.0162
4759.13471512981  108.9772
4759.75267648674  110.038
4760.37063784366  104.5539
4760.98859920059  101.1312
4761.60656055751  98.13254
4762.22452191444  94.19479
4762.84248327136  94.14028
4763.46044462828  98.44806
4764.07840598521  102.5714
4764.69636734213  100.6844
4765.31432869906  95.46986
4765.93229005598  98.27258
4766.5502514129  108.8556
4767.16821276983  112.8376
4767.78617412675  104.4439
4768.40413548368  99.06511
4769.0220968406  98.46866
4769.64005819753  96.79114
4770.25801955445  96.32875
4770.87598091137  96.38504
4771.4939422683  98.67532
4772.11190362522  102.8173
4772.72986498215  103.0444
4773.34782633907  98.62439
4773.96578769599  96.55411
4774.58374905292  98.88322
4775.20171040984  101.4516
4775.81967176677  102.8409
4776.43763312369  103.7489
4777.05559448062  104.6857
4777.67355583754  104.9433
4778.29151719446  101.9442
4778.90947855139  99.14392
4779.52743990831  99.65611
4780.14540126524  102.393
4780.76336262216  106.9356
4781.38132397908  109.5515
4781.99928533601  103.6279
4782.61724669293  99.3315
4783.23520804986  104.2297
4783.85316940678  104.8256
4784.47113076371  97.09309
4785.08909212063  96.55154
4785.70705347755  106.4906
4786.32501483448  116.1805
4786.9429761914  118.4994
4787.56093754833  113.2568
4788.17889890525  102.8652
4788.79686026217  95.37071
4789.4148216191  95.16688
4790.03278297602  98.08383
4790.65074433295  103.2769
4791.26870568987  109.7188
4791.88666704679  109.6526
4792.50462840372  104.3546
4793.12258976064  100.2125
4793.74055111757  98.74632
4794.35851247449  99.77536
4794.97647383142  100.7296
4795.59443518834  99.92014
4796.21239654527  96.69902
4796.83035790219  91.17429
4797.44831925911  92.41772
4798.06628061604  104.3656
4798.68424197296  107.7253
4799.30220332989  94.4906
4799.92016468681  89.63828
4800.53812604373  101.561
4801.15608740066  108.2382
4801.77404875758  107.8326
4802.39201011451  105.1869
4803.00997147143  101.2972
4803.62793282835  103.7665
4804.24589418528  107.9922
4804.8638555422  109.8443
4805.48181689913  109.0207
4806.09977825605  104.9274
4806.71773961298  96.26019
4807.3357009699  91.88585
4807.95366232682  96.66866
4808.57162368375  104.7828
4809.18958504067  111.9399
4809.8075463976  116.7433
4810.42550775452  117.9159
4811.04346911144  113.5424
4811.66143046837  106.9886
4812.27939182529  105.2014
4812.89735318222  109.2378
4813.51531453914  110.2436
4814.13327589607  107.8866
4814.75123725299  106.3853
4815.36919860991  108.7333
4815.98715996684  114.9302
4816.60512132376  114.8326
4817.22308268069  109.9977
4817.84104403761  112.2024
4818.45900539453  113.9713
4819.07696675146  110.6587
4819.69492810838  108.1651
4820.31288946531  102.0323
4820.93085082223  102.9022
4821.54881217916  113.1327
4822.16677353608  118.3116
4822.784734893  118.8119
4823.40269624993  114.2393
4824.02065760685  108.8094
4824.63861896378  110.0971
4825.2565803207  119.4599
4825.87454167762  124.6939
4826.49250303455  125.6613
4827.11046439147  129.7938
4827.7284257484  133.9619
4828.34638710532  134.611
4828.96434846225  134.721
4829.58230981917  134.1351
4830.20027117609  134.7796
4830.81823253302  140.489
4831.43619388994  147.8899
4832.05415524687  154.0621
4832.67211660379  154.7175
4833.29007796071  149.5071
4833.90803931764  150.8719
4834.52600067456  157.3862
4835.14396203149  158.3263
4835.76192338841  158.355
4836.37988474534  159.1957
4836.99784610226  163.3847
4837.61580745918  174.6222
4838.23376881611  178.4291
4838.85173017303  175.3774
4839.46969152996  176.6833
4840.08765288688  179.4434
4840.7056142438  180.7484
4841.32357560073  183.6783
4841.94153695765  189.6093
4842.55949831458  196.2802
4843.1774596715  201.4146
4843.79542102842  208.2634
4844.41338238535  215.4944
4845.03134374227  219.3505
4845.6493050992  221.2614
4846.26726645612  221.6292
4846.88522781305  225.6785
4847.50318916997  235.0826
4848.1211505269  246.6892
4848.73911188382  254.9563
4849.35707324074  262.6845
4849.97503459767  267.3762
4850.59299595459  268.5238
4851.21095731152  270.9944
4851.82891866844  279.842
4852.44688002536  288.3157
4853.06484138229  292.5756
4853.68280273921  294.0996
4854.30076409614  292.8233
4854.91872545306  287.0789
4855.53668680999  278.8004
4856.15464816691  273.2291
4856.77260952383  268.4602
4857.39057088076  259.4428
4858.00853223768  248.774
4858.62649359461  242.7909
4859.24445495153  239.9027
4859.86241630845  237.5657
4860.48037766538  232.1052
4861.0983390223  219.2394
4861.71630037923  204.1529
4862.33426173615  197.061
4862.95222309308  197.9247
4863.57018445  204.5544
4864.18814580692  215.3709
4864.80610716385  221.2092
4865.42406852077  217.6082
4866.0420298777  216.2647
4866.65999123462  223.8215
4867.27795259154  233.9046
4867.89591394847  241.2934
4868.51387530539  246.1563
4869.13183666232  252.5943
4869.74979801924  263.3733
4870.36775937616  269.1511
4870.98572073309  266.522
4871.60368209001  264.8792
4872.22164344694  262.2315
4872.83960480386  260.0522
4873.45756616079  260.2572
4874.07552751771  260.9468
4874.69348887463  252.6252
4875.31145023156  240.0541
4875.92941158848  229.4678
4876.54737294541  218.0739
4877.16533430233  212.2497
4877.78329565925  215.1824
4878.40125701618  213.078
4879.0192183731  204.7936
4879.63717973003  196.257
4880.25514108695  188.0897
4880.87310244388  184.2949
4881.4910638008  186.5502
4882.10902515772  187.7733
4882.72698651465  186.1634
4883.34494787157  185.0218
4883.9629092285  178.0529
4884.58087058542  169.2582
4885.19883194235  162.7545
4885.81679329927  161.2621
4886.43475465619  160.0548
4887.05271601312  156.8397
4887.67067737004  159.7561
4888.28863872697  167.5557
4888.90660008389  165.227
4889.52456144081  159.9772
4890.14252279774  159.8334
4890.76048415466  150.3152
4891.37844551159  140.2326
4891.99640686851  139.6038
4892.61436822544  136.8485
4893.23232958236  132.7701
4893.85029093928  136.1599
4894.46825229621  142.8573
4895.08621365313  147.5992
4895.70417501006  145.7706
4896.32213636698  142.3967
4896.9400977239  140.3323
4897.55805908083  133.6943
4898.17602043775  127.4678
4898.79398179468  128.8965
4899.4119431516  133.0268
4900.02990450853  140.9143
4900.64786586545  147.1915
4901.26582722237  142.5975
4901.8837885793  133.0741
4902.50174993622  130.1024
4903.11971129315  134.2851
4903.73767265007  131.8759
4904.35563400699  124.9322
4904.97359536392  119.2647
4905.59155672084  115.9291
4906.20951807777  121.4013
4906.82747943469  126.1013
4907.44544079161  127.5354
4908.06340214854  131.5539
4908.68136350546  130.3691
4909.29932486239  125.3949
4909.91728621931  121.1653
4910.53524757624  121.9844
4911.15320893316  126.9989
4911.77117029008  125.3684
4912.38913164701  117.7423
4913.00709300393  115.9068
4913.62505436086  118.2854
4914.24301571778  119.5202
4914.86097707471  117.9129
4915.47893843163  116.0564
4916.09689978855  116.6188
4916.71486114548  118.1055
4917.3328225024  117.6255
4917.95078385933  113.6427
4918.56874521625  112.2465
4919.18670657318  111.6152
4919.8046679301  111.5723
4920.42262928702  113.0829
4921.04059064395  113.1905
4921.65855200087  114.8414
4922.2765133578  115.5277
4922.89447471472  115.9693
4923.51243607164  115.9179
4924.13039742857  110.526
4924.74835878549  107.9296
4925.36632014242  107.9602
4925.98428149934  104.9682
4926.60224285626  103.5762
4927.22020421319  106.9746
4927.83816557011  106.9052
4928.45612692704  103.9585
4929.07408828396  104.295
4929.69204964089  105.8077
4930.31001099781  105.6584
4930.92797235473  105.7283
4931.54593371166  107.4791
4932.16389506858  108.0359
4932.78185642551  108.5839
4933.39981778243  113.4493
4934.01777913936  121.2148
4934.63574049628  124.9724
4935.2537018532  124.8467
4935.87166321013  123.7231
4936.48962456705  124.515
4937.10758592398  123.7351
4937.7255472809  120.5707
4938.34350863782  117.5319
4938.96146999475  118.9409
4939.57943135167  122.6162
4940.1973927086  120.1059
4940.81535406552  117.6007
4941.43331542244  121.0332
4942.05127677937  121.7102
4942.66923813629  116.722
4943.28719949322  111.6121
4943.90516085014  110.2096
4944.52312220707  109.1357
4945.14108356399  110.4989
4945.75904492091  113.9907
4946.37700627784  116.6526
4946.99496763476  112.9629
4947.61292899169  105.8598
4948.23089034861  102.5103
4948.84885170553  107.0831
4949.46681306246  113.1691
4950.08477441938  110.4487
4950.70273577631  101.9629
4951.32069713323  99.52065
4951.93865849016  103.8613
4952.55661984708  106.8898
4953.174581204  108.8749
4953.79254256093  109.6344
4954.41050391785  109.0161
4955.02846527478  113.2785
4955.6464266317  117.6026
4956.26438798862  114.4498
4956.88234934555  108.752
4957.50031070247  103.4657
4958.1182720594  98.35824
4958.73623341632  97.48656
4959.35419477325  97.88051
4959.97215613017  94.90361
4960.59011748709  92.86309
4961.20807884402  94.09232
4961.82604020094  100.7326
4962.44400155787  108.1005
4963.06196291479  105.4204
4963.67992427171  97.86533
4964.29788562864  96.70818
4964.91584698556  100.0594
4965.53380834249  103.4214
4966.15176969941  105.2808
4966.76973105634  102.449
4967.38769241326  96.66227
4968.00565377018  97.16203
4968.62361512711  101.1766
4969.24157648403  104.8078
4969.85953784096  112.2902
4970.47749919788  115.5866
4971.09546055481  110.3812
4971.71342191173  106.6184
4972.33138326865  101.5146
4972.94934462558  101.8758
4973.5673059825  110.1427
4974.18526733943  114.7622
4974.80322869635  114.3367
4975.42119005327  109.5988
4976.0391514102  107.3323
4976.65711276712  107.3937
4977.27507412405  108.7368
4977.89303548097  108.1622
4978.5109968379  101.5018
4979.12895819482  94.03041
4979.74691955174  92.83159
4980.36488090867  97.78695
4980.98284226559  104.7981
4981.60080362252  107.9111
4982.21876497944  106.8257
4982.83672633636  104.1813
4983.45468769329  104.4949
4984.07264905021  109.4251
4984.69061040714  111.5766
4985.30857176406  105.8626
4985.92653312099  101.9478
4986.54449447791  108.021
4987.16245583483  113.067
4987.78041719176  114.4138
4988.39837854868  114.5398
4989.01633990561  112.1222
4989.63430126253  112.3896
4990.25226261945  116.1326
4990.87022397638  115.071
4991.4881853333  110.6389
4992.10614669023  110.0265
4992.72410804715  111.1214
4993.34206940407  115.5068
4993.960030761  123.6213
4994.57799211792  127.9268
4995.19595347485  119.8078
4995.81391483177  109.0812
4996.4318761887  104.609
4997.04983754562  103.3736
4997.66779890254  108.0176
4998.28576025947  109.7117
4998.90372161639  108.2154
4999.52168297332  112.7882
5000.13964433024  123.1949
5000.75760568717  130.9975
5001.37556704409  128.8838
5001.99352840101  122.6427
5002.61148975794  123.5702
5003.22945111486  125.1525
5003.84741247179  121.5914
5004.46537382871  116.6732
5005.08333518564  118.4372
5005.70129654256  124.9611
5006.31925789948  126.0638
5006.93721925641  127.0084
5007.55518061333  131.6436
5008.17314197026  136.2068
5008.79110332718  137.2813
5009.4090646841  133.3665
5010.02702604103  128.5284
5010.64498739795  126.0431
5011.26294875488  121.737
5011.8809101118  118.5775
5012.49887146872  116.6737
5013.11683282565  113.6405
5013.73479418257  113.8429
5014.3527555395  116.9798
5014.97071689642  120.6136
5015.58867825335  118.4929
5016.20663961027  112.607
5016.82460096719  111.6471
5017.44256232412  113.1639
5018.06052368104  111.4481
5018.67848503797  110.3716
5019.29644639489  112.215
5019.91440775181  116.2317
5020.53236910874  118.8809
5021.15033046566  119.2995
5021.76829182259  117.0742
5022.38625317951  120.6
5023.00421453644  124.9785
5023.62217589336  123.442
5024.24013725029  121.285
5024.85809860721  121.75
5025.47605996413  123.1882
5026.09402132106  125.3281
5026.71198267798  130.9746
5027.32994403491  140.5116
5027.94790539183  143.8751
5028.56586674875  141.7649
5029.18382810568  140.9774
5029.8017894626  138.7186
5030.41975081953  130.1281
5031.03771217645  123.1232
5031.65567353338  123.4788
5032.2736348903  127.8195
5032.89159624722  131.1153
5033.50955760415  129.2279
5034.12751896107  129.1799
5034.745480318  128.4473
5035.36344167492  126.6959
5035.98140303184  128.0625
5036.59936438877  128.9957
5037.21732574569  128.4354
5037.83528710262  128.9519
5038.45324845954  131.2891
5039.07120981646  130.0213
5039.68917117339  132.1095
5040.30713253031  131.984
5040.92509388724  125.4603
5041.54305524416  120.1482
5042.16101660109  118.1688
5042.77897795801  114.1692
5043.39693931493  110.9814
5044.01490067186  110.8109
5044.63286202878  112.2722
5045.25082338571  115.6904
5045.86878474263  120.8747
5046.48674609955  119.863
5047.10470745648  115.8811
5047.7226688134  112.2257
5048.34063017033  110.6491
5048.95859152725  113.0896
5049.57655288417  110.5654
5050.1945142411  108.0675
5050.81247559802  115.3305
5051.43043695495  123.6898
5052.04839831187  122.7638
5052.6663596688  114.3854
5053.28432102572  112.6579
5053.90228238264  114.6501
5054.52024373957  112.7265
5055.13820509649  110.3093
5055.75616645342  110.4811
5056.37412781034  110.0654
5056.99208916727  109.1768
5057.61005052419  110.1837
5058.22801188111  110.8936
5058.84597323804  111.9017
5059.46393459496  108.3305
5060.08189595189  107.3959
5060.69985730881  109.128
5061.31781866573  110.2691
5061.93578002266  113.186
5062.55374137958  111.9317
5063.17170273651  111.2631
5063.78966409343  115.8531
5064.40762545036  124.3773
5065.02558680728  126.4656
5065.6435481642  121.1413
5066.26150952113  116.4076
5066.87947087805  112.0226
5067.49743223498  105.3601
5068.1153935919  104.6338
5068.73335494883  113.2852
5069.35131630575  118.7946
5069.96927766267  118.6564
5070.5872390196  117.1353
5071.20520037652  117.9712
5071.82316173344  121.0676
5072.44112309037  120.3772
5073.05908444729  114.247
5073.67704580422  112.1594
5074.29500716114  117.026
5074.91296851807  119.5383
5075.53092987499  114.8122
5076.14889123192  111.9153
5076.76685258884  112.3241
5077.38481394576  115.8651
5078.00277530269  114.078
5078.62073665961  110.6397
5079.23869801654  109.6192
5079.85665937346  104.0707
5080.47462073038  99.34616
5081.09258208731  99.92892
5081.71054344423  101.8646
5082.32850480116  102.7106
5082.94646615808  101.3786
5083.56442751501  103.3493
5084.18238887193  106.8621
5084.80035022885  108.5019
5085.41831158578  112.9506
5086.0362729427  118.4085
5086.65423429963  121.2058
5087.27219565655  122.4854
5087.89015701347  120.1837
5088.5081183704  112.2366
5089.12607972732  108.6293
5089.74404108425  112.848
5090.36200244117  115.573
5090.97996379809  113.7991
5091.59792515502  111.8745
5092.21588651194  109.8938
5092.83384786887  110.5684
5093.45180922579  113.4514
5094.06977058272  114.2279
5094.68773193964  114.7273
5095.30569329656  120.5938
5095.92365465349  119.7573
5096.54161601041  115.2007
5097.15957736734  113.5871
5097.77753872426  116.9894
5098.39550008118  119.832
5099.01346143811  114.7856
5099.63142279503  113.3897
5100.24938415196  117.1597
5100.86734550888  117.013
5101.48530686581  118.6319
5102.10326822273  120.3991
5102.72122957965  117.2074
5103.33919093658  114.2855
5103.9571522935  115.6177
5104.57511365043  117.58
5105.19307500735  114.224
5105.81103636427  109.0837
5106.4289977212  112.0684
5107.04695907812  118.3309
5107.66492043505  118.5351
5108.28288179197  120.4462
5108.9008431489  117.7064
5109.51880450582  112.5565
5110.13676586274  111.6974
5110.75472721967  112.2288
5111.37268857659  111.6029
5111.99064993352  112.8053
5112.60861129044  116.7106
5113.22657264737  124.2186
5113.84453400429  127.6462
5114.46249536121  122.8099
5115.08045671814  119.9669
5115.69841807506  117.3631
5116.31637943199  116.1412
5116.93434078891  115.6191
5117.55230214583  110.7598
5118.17026350276  105.192
5118.78822485968  108.1946
5119.40618621661  113.2721
5120.02414757353  109.2903
5120.64210893046  108.5008
5121.26007028738  110.0043
5121.8780316443  111.0585
5122.49599300123  108.4638
5123.11395435815  103.2237
5123.73191571508  108.0447
5124.349877072  118.952
5124.96783842892  120.7695
5125.58579978585  119.6446
5126.20376114277  121.3289
5126.8217224997  123.4041
5127.43968385662  122.448
5128.05764521355  122.761
5128.67560657047  120.635
5129.29356792739  116.1672
5129.91152928432  111.9825
5130.52949064124  111.1962
5131.14745199817  114.1416
5131.76541335509  113.9838
5132.38337471201  119.3897
5133.00133606894  124.5685
5133.61929742586  122.14
5134.23725878279  116.6227
5134.85522013971  112.0392
5135.47318149663  108.351
5136.09114285356  107.5085
5136.70910421048  109.545
5137.32706556741  110.2725
5137.94502692433  110.8783
5138.56298828126  115.0141
