3889.5549316406  61.43552
3890.17318211922  58.62189
3890.79143259783  55.01509
3891.40968307644  55.33306
3892.02793355505  58.9989
3892.64618403367  62.42138
3893.26443451228  64.91189
3893.88268499089  66.75246
3894.5009354695  67.30733
3895.11918594811  70.1521
3895.73743642673  71.83486
3896.35568690534  67.87772
3896.97393738395  69.25519
3897.59218786256  74.26122
3898.21043834118  74.36926
3898.82868881979  71.90984
3899.4469392984  70.48358
3900.06518977701  73.35965
3900.68344025563  82.80301
3901.30169073424  88.2064
3901.91994121285  84.85695
3902.53819169146  82.80994
3903.15644217007  84.64677
3903.77469264869  83.07918
3904.3929431273  81.92126
3905.01119360591  80.88394
3905.62944408452  80.3344
3906.24769456314  82.85472
3906.86594504175  81.64547
3907.48419552036  78.05075
3908.10244599897  75.09491
3908.72069647759  73.25058
3909.3389469562  73.43951
3909.95719743481  71.51373
3910.57544791342  68.39037
3911.19369839204  70.41689
3911.81194887065  72.58978
3912.43019934926  71.78543
3913.04844982787  72.76442
3913.66670030648  73.82184
3914.2849507851  71.33054
3914.90320126371  69.63269
3915.52145174232  71.38654
3916.13970222093  71.44241
3916.75795269955  69.63489
3917.37620317816  69.39287
3917.99445365677  74.13652
3918.61270413538  80.29941
3919.230954614  85.45571
3919.84920509261  88.97795
3920.46745557122  87.67274
3921.08570604983  83.58025
3921.70395652844  82.38898
3922.32220700706  85.89231
3922.94045748567  85.89873
3923.55870796428  79.16905
3924.17695844289  76.59714
3924.79520892151  84.13716
3925.41345940012  92.61096
3926.03170987873  95.26848
3926.64996035734  96.51965
3927.26821083595  96.71332
3927.88646131457  92.03198
3928.50471179318  88.35377
3929.12296227179  86.60357
3929.7412127504  81.81656
3930.35946322902  78.57796
3930.97771370763  80.15414
3931.59596418624  86.13744
3932.21421466485  92.14591
3932.83246514347  93.06444
3933.45071562208  87.46097
3934.06896610069  78.9788
3934.6872165793  73.60052
3935.30546705791  77.43646
3935.92371753653  84.13911
3936.54196801514  87.31002
3937.16021849375  87.00916
3937.77846897236  88.58561
3938.39671945098  95.35014
3939.01496992959  95.46443
3939.6332204082  88.13399
3940.25147088681  86.26727
3940.86972136543  92.91573
3941.48797184404  99.01038
3942.10622232265  102.5918
3942.72447280126  108.6421
3943.34272327987  110.8352
3943.96097375849  106.9817
3944.5792242371  102.8816
3945.19747471571  105.9929
3945.81572519432  113.2782
3946.43397567294  112.1805
3947.05222615155  103.4123
3947.67047663016  101.9905
3948.28872710877  111.0767
3948.90697758739  114.438
3949.525228066  111.1555
3950.14347854461  113.2886
3950.76172902322  119.8351
3951.37997950183  122.6133
3951.99822998045  122.9165
3952.61648045906  125.8818
3953.23473093767  128.0763
3953.85298141628  130.7405
3954.4712318949  135.902
3955.08948237351  138.8217
3955.70773285212  136.9147
3956.32598333073  132.7039
3956.94423380935  134.3938
3957.56248428796  139.8746
3958.18073476657  142.0577
3958.79898524518  141.1218
3959.4172357238  143.7365
3960.03548620241  149.8335
3960.65373668102  150.5821
3961.27198715963  147.2501
3961.89023763824  146.868
3962.50848811686  146.3279
3963.12673859547  145.9621
3963.74498907408  145.4073
3964.36323955269  142.2728
3964.98149003131  140.3679
3965.59974050992  140.2529
3966.21799098853  140.3012
3966.83624146714  136.5401
3967.45449194576  126.0586
3968.07274242437  122.719
3968.69099290298  126.9823
3969.30924338159  124.4154
3969.9274938602  115.4869
3970.54574433882  108.52
3971.16399481743  111.2433
3971.78224529604  116.9285
3972.40049577465  118.9748
3973.01874625327  119.7074
3973.63699673188  122.2864
3974.25524721049  129.5459
3974.8734976891  134.4779
3975.49174816772  133.5012
3976.10999864633  133.8672
3976.72824912494  137.0424
3977.34649960355  138.1516
3977.96475008216  135.4284
3978.58300056078  133.0991
3979.20125103939  139.0173
3979.819501518  146.9804
3980.43775199661  144.6141
3981.05600247523  135.8307
3981.67425295384  134.1913
3982.29250343245  138.5823
3982.91075391106  142.7552
3983.52900438968  144.2571
3984.14725486829  140.0599
3984.7655053469  130.2854
3985.38375582551  125.9633
3986.00200630412  127.2697
3986.62025678274  123.0814
3987.23850726135  119.999
3987.85675773996  126.4245
3988.47500821857  129.1528
3989.09325869719  126.7037
3989.7115091758  123.4444
3990.32975965441  118.3843
3990.94801013302  113.6418
3991.56626061164  111.5042
3992.18451109025  108.7148
3992.80276156886  106.5184
3993.42101204747  104.9205
3994.03926252608  105.2294
3994.6575130047  106.1698
3995.27576348331  105.7547
3995.89401396192  104.8859
3996.51226444053  103.4749
3997.13051491915  103.6082
3997.74876539776  104.5313
3998.36701587637  105.7805
3998.98526635498  107.5344
3999.6035168336  106.7629
4000.22176731221  102.247
4000.84001779082  100.1512
4001.45826826943  103.2747
4002.07651874804  101.9308
4002.69476922666  96.42142
4003.31301970527  93.83118
4003.93127018388  95.06947
4004.54952066249  97.43645
4005.16777114111  100.2408
4005.78602161972  100.7547
4006.40427209833  100.6637
4007.02252257694  101.3938
4007.64077305556  102.8797
4008.25902353417  106.9152
4008.87727401278  111.3555
4009.49552449139  112.8356
4010.11377497  106.5179
4010.73202544862  98.3595
4011.35027592723  96.35509
4011.96852640584  101.9073
4012.58677688445  104.0043
4013.20502736307  99.1704
4013.82327784168  98.79745
4014.44152832029  103.2999
4015.0597787989  102.9006
4015.67802927752  101.6148
4016.29627975613  104.0826
4016.91453023474  101.8552
4017.53278071335  98.60808
4018.15103119196  100.4754
4018.76928167058  101.2304
4019.38753214919  100.1544
4020.0057826278  98.65517
4020.62403310641  94.33778
4021.24228358503  93.29288
4021.86053406364  99.64643
4022.47878454225  105.7703
4023.09703502086  102.6854
4023.71528549948  96.6516
4024.33353597809  99.15826
4024.9517864567  103.6553
4025.57003693531  100.2884
4026.18828741393  94.34894
4026.80653789254  92.83725
4027.42478837115  96.73157
4028.04303884976  96.91438
4028.66128932837  94.28754
4029.27953980699  92.19784
4029.8977902856  95.82687
4030.51604076421  99.62749
4031.13429124282  99.52835
4031.75254172144  99.34315
4032.37079220005  99.61708
4032.98904267866  100.3814
4033.60729315727  99.82768
4034.22554363589  101.5045
4034.8437941145  106.0342
4035.46204459311  103.8983
4036.08029507172  103.1073
4036.69854555033  106.7735
4037.31679602895  107.1587
4037.93504650756  107.9832
4038.55329698617  114.354
4039.17154746478  116.2885
4039.7897979434  111.6253
4040.40804842201  108.769
4041.02629890062  108.6703
4041.64454937923  105.9344
4042.26279985785  102.7771
4042.88105033646  104.2135
4043.49930081507  109.1775
4044.11755129368  111.7375
4044.73580177229  110.7674
4045.35405225091  105.2717
4045.97230272952  99.28378
4046.59055320813  100.5987
4047.20880368674  108.6555
4047.82705416536  115.0706
4048.44530464397  114.2975
4049.06355512258  112.5583
4049.68180560119  113.5673
4050.3000560798  111.6406
4050.91830655842  108.9708
4051.53655703703  108.6786
4052.15480751564  108.7585
4052.77305799425  107.5987
4053.39130847287  106.6694
4054.00955895148  105.4787
4054.62780943009  105.2943
4055.2460599087  105.5531
4055.86431038732  100.8526
4056.48256086593  95.71014
4057.10081134454  92.98358
4057.71906182315  95.56578
4058.33731230177  100.4159
4058.95556278038  102.9913
4059.57381325899  105.1306
4060.1920637376  106.5902
4060.81031421621  107.3338
4061.42856469483  106.4359
4062.04681517344  103.7894
4062.66506565205  102.8619
4063.28331613066  103.2342
4063.90156660928  105.1239
4064.51981708789  105.3285
4065.1380675665  107.4727
4065.75631804511  109.0457
4066.37456852373  109.6639
4066.99281900234  110.7413
4067.61106948095  110.8437
4068.22931995956  106.9288
4068.84757043818  109.0518
4069.46582091679  118.4022
4070.0840713954  119.638
4070.70232187401  117.7695
4071.32057235262  115.7636
4071.93882283124  110.9762
4072.55707330985  110.2059
4073.17532378846  117.0885
4073.79357426707  126.4719
4074.41182474569  133.0984
4075.0300752243  135.8207
4075.64832570291  133.7273
4076.26657618152  130.5666
4076.88482666014  125.6811
4077.50307713875  121.8745
4078.12132761736  123.9222
4078.73957809597  125.7052
4079.35782857458  126.0508
4079.97607905319  132.9413
4080.59432953181  139.4429
4081.21258001042  142.6552
4081.83083048903  147.2556
4082.44908096765  151.528
4083.06733144626  154.4863
4083.68558192487  152.6841
4084.30383240348  154.8423
4084.9220828821  158.7228
4085.54033336071  156.0061
4086.15858383932  160.7922
4086.77683431793  176.4882
4087.39508479654  188.0143
4088.01333527516  188.8212
4088.63158575377  186.3616
4089.24983623238  193.2771
4089.86808671099  201.6257
4090.48633718961  202.11
4091.10458766822  202.1304
4091.72283814683  200.489
4092.34108862544  200.4838
4092.95933910405  201.6337
4093.57758958267  204.2284
4094.19584006128  214.0016
4094.81409053989  212.9171
4095.4323410185  203.8298
4096.05059149712  195.4929
4096.66884197573  190.1201
4097.28709245434  188.8522
4097.90534293295  187.9617
4098.52359341157  184.5561
4099.14184389018  177.5246
4099.76009436879  170.2326
4100.3783448474  167.9506
4100.99659532601  165.3443
4101.61484580463  159.2231
4102.23309628324  155.6532
4102.85134676185  156.3221
4103.46959724046  159.7454
4104.08784771908  161.593
4104.70609819769  164.0481
4105.3243486763  172.6205
4105.94259915491  178.825
4106.56084963353  177.7618
4107.17910011214  177.3613
4107.79735059075  180.7007
4108.41560106936  186.5147
4109.03385154797  187.733
4109.65210202659  188.0029
4110.2703525052  193.7441
4110.88860298381  196.5329
4111.50685346242  193.7111
4112.12510394104  190.5369
4112.74335441965  194.7664
4113.36160489826  200.902
4113.97985537687  199.2248
4114.59810585549  195.946
4115.2163563341  193.5403
4115.83460681271  185.4867
4116.45285729132  176.7003
4117.07110776993  180.091
4117.68935824855  182.7899
4118.30760872716  176.621
4118.92585920577  174.4672
4119.54410968438  172.1205
4120.162360163  166.2092
4120.78061064161  158.2717
4121.39886112022  153.7931
4122.01711159883  156.7288
4122.63536207745  159.6824
4123.25361255606  154.337
4123.87186303467  151.5414
4124.49011351328  149.6612
4125.10836399189  142.0181
4125.72661447051  137.5131
4126.34486494912  138.1389
4126.96311542773  140.5904
4127.58136590634  143.9919
4128.19961638496  140.79
4128.81786686357  130.4106
4129.43611734218  126.0205
4130.05436782079  126.5686
4130.67261829941  131.1718
4131.29086877802  135.3184
4131.90911925663  136.6154
4132.52736973524  133.8925
4133.14562021385  118.2293
4133.76387069247  106.1017
4134.38212117108  109.7323
4135.00037164969  121.8759
4135.6186221283  125.3942
4136.23687260692  119.8649
4136.85512308553  113.4592
4137.47337356414  110.2953
4138.09162404275  111.1476
4138.70987452137  110.1112
4139.32812499998  112.7717
4139.94637547859  114.3954
4140.5646259572  111.5258
4141.18287643581  112.0389
4141.80112691443  114.6517
4142.41937739304  117.583
4143.03762787165  119.6536
4143.65587835026  117.8259
4144.27412882888  116.7192
4144.89237930749  117.116
4145.5106297861  118.9304
4146.12888026471  117.5366
4146.74713074333  112.3889
4147.36538122194  107.9671
4147.98363170055  104.0482
4148.60188217916  106.8389
4149.22013265778  112.9801
4149.83838313639  115.8265
4150.456633615  114.1625
4151.07488409361  107.3986
4151.69313457222  106.1408
4152.31138505084  112.1053
4152.92963552945  114.5435
4153.54788600806  112.9325
4154.16613648667  110.9818
4154.78438696529  109.0208
4155.4026374439  105.7461
4156.02088792251  102.7764
4156.63913840112  109.4872
4157.25738887973  118.5855
4157.87563935835  116.3123
4158.49388983696  112.5756
4159.11214031557  112.0678
4159.73039079418  111.7653
4160.3486412728  110.2741
4160.96689175141  108.5955
4161.58514223002  102.5303
4162.20339270863  102.5682
4162.82164318725  110.09
4163.43989366586  117.2374
4164.05814414447  120.599
4164.67639462308  117.7353
4165.29464510169  112.4903
4165.91289558031  110.7176
4166.53114605892  109.473
4167.14939653753  106.4043
4167.76764701614  104.062
4168.38589749476  105.0278
4169.00414797337  107.8489
4169.62239845198  109.389
4170.24064893059  109.8906
4170.85889940921  109.4586
4171.47714988782  104.8782
4172.09540036643  98.95406
4172.71365084504  100.5525
4173.33190132365  104.1414
4173.95015180227  104.2144
4174.56840228088  107.3172
4175.18665275949  112.8564
4175.8049032381  114.666
4176.42315371672  115.3261
4177.04140419533  114.5712
4177.65965467394  110.5456
4178.27790515255  104.0714
4178.89615563117  103.5165
4179.51440610978  106.8347
4180.13265658839  108.9269
4180.750907067  109.7599
4181.36915754562  110.5776
4181.98740802423  109.6635
4182.60565850284  109.6425
4183.22390898145  111.3748
4183.84215946006  108.1072
4184.46040993868  103.4296
4185.07866041729  103.6404
4185.6969108959  104.8349
4186.31516137451  105.92
4186.93341185313  109.996
4187.55166233174  109.8506
4188.16991281035  108.5989
4188.78816328896  113.98
4189.40641376758  113.7494
4190.02466424619  110.9701
4190.6429147248  108.9429
4191.26116520341  105.1263
4191.87941568202  109.2365
4192.49766616064  114.4155
4193.11591663925  109.4539
4193.73416711786  107.0595
4194.35241759647  113.6482
4194.97066807509  113.4795
4195.5889185537  104.9964
4196.20716903231  100.6188
4196.82541951092  103.4747
4197.44366998953  108.0571
4198.06192046815  107.6048
4198.68017094676  106.7585
4199.29842142537  107.7457
4199.91667190399  106.9222
4200.5349223826  105.3177
4201.15317286121  103.0889
4201.77142333982  103.5619
4202.38967381843  107.7968
4203.00792429704  111.3317
4203.62617477566  112.9159
4204.24442525427  112.4851
4204.86267573288  111.1331
4205.48092621149  108.3441
4206.09917669011  101.0648
4206.71742716872  97.0686
4207.33567764733  104.9157
4207.95392812595  113.634
4208.57217860456  114.2032
4209.19042908317  111.912
4209.80867956178  105.158
4210.42693004039  104.5112
4211.04518051901  111.7584
4211.66343099762  109.9085
4212.28168147623  97.98074
4212.89993195484  91.74619
4213.51818243346  98.78169
4214.13643291207  106.0094
4214.75468339068  107.5427
4215.37293386929  109.597
4215.99118434791  108.6525
4216.60943482652  106.0164
4217.22768530513  109.1507
4217.84593578374  112.2216
4218.46418626235  111.3677
4219.08243674097  111.0186
4219.70068721958  109.0363
4220.31893769819  107.066
4220.9371881768  100.6293
4221.55543865542  93.09901
4222.17368913403  93.02414
4222.79193961264  95.828
4223.41019009125  103.01
4224.02844056987  111.8964
4224.64669104848  117.2469
4225.26494152709  116.1204
4225.8831920057  111.17
4226.50144248431  108.7787
4227.11969296292  107.1415
4227.73794344154  106.4347
4228.35619392015  109.5802
4228.97444439876  112.4572
4229.59269487738  112.9371
4230.21094535599  113.7442
4230.8291958346  115.2539
4231.44744631321  112.9971
4232.06569679183  110.9052
4232.68394727044  113.1162
4233.30219774905  116.4704
4233.92044822766  117.1191
4234.53869870627  110.309
4235.15694918488  103.4197
4235.7751996635  105.351
4236.39345014211  109.1022
4237.01170062072  113.3413
4237.62995109934  113.5212
4238.24820157795  107.8859
4238.86645205656  106.22
4239.48470253517  103.7654
4240.10295301378  99.36538
4240.7212034924  101.6059
4241.33945397101  109.3374
4241.95770444962  114.0732
4242.57595492823  110.1347
4243.19420540685  107.0311
4243.81245588546  112.5785
4244.43070636407  113.5855
4245.04895684268  109.6167
4245.6672073213  110.7649
4246.28545779991  111.9872
4246.90370827852  109.6881
4247.52195875713  107.0996
4248.14020923574  106.5933
4248.75845971436  108.3084
4249.37671019297  110.5112
4249.99496067158  112.2265
4250.61321115019  114.8122
4251.23146162881  111.6342
4251.84971210742  105.6687
4252.46796258603  101.0627
4253.08621306464  101.618
4253.70446354326  108.8171
4254.32271402187  115.3512
4254.94096450048  113.7502
4255.55921497909  109.846
4256.17746545771  106.4144
4256.79571593632  103.4551
4257.41396641493  106.719
4258.03221689354  112.4775
4258.65046737215  112.1166
4259.26871785077  109.5364
4259.88696832938  106.6203
4260.50521880799  101.9527
4261.1234692866  100.3918
4261.74171976522  106.1901
4262.35997024383  114.9851
4262.97822072244  118.5283
4263.59647120105  116.409
4264.21472167967  115.4709
4264.83297215828  116.726
4265.45122263689  117.7599
4266.0694731155  113.419
4266.68772359411  108.1249
4267.30597407273  110.6959
4267.92422455134  112.8006
4268.54247502995  106.9534
4269.16072550856  101.8687
4269.77897598718  99.80459
4270.39722646579  100.5243
4271.0154769444  103.035
4271.63372742301  104.4191
4272.25197790163  105.2639
4272.87022838024  106.5717
4273.48847885885  110.2577
4274.10672933746  110.2468
4274.72497981607  105.1891
4275.34323029469  104.1517
4275.9614807733  105.6024
4276.57973125191  105.1283
4277.19798173052  106.5521
4277.81623220914  107.9089
4278.43448268775  107.4446
4279.05273316636  107.5057
4279.67098364497  104.8192
4280.28923412358  103.2003
4280.9074846022  106.1806
4281.52573508081  110.8598
4282.14398555942  110.385
4282.76223603803  107.0124
4283.38048651665  107.9627
4283.99873699526  111.2621
4284.61698747387  111.3248
4285.23523795248  105.4582
4285.8534884311  102.3382
4286.47173890971  106.9033
4287.08998938832  111.3885
4287.70823986693  110.1032
4288.32649034555  107.334
4288.94474082416  104.4164
4289.56299130277  106.9098
4290.18124178138  110.456
4290.79949225999  113.9258
4291.41774273861  118.2653
4292.03599321722  114.6202
4292.65424369583  109.6953
4293.27249417444  114.125
4293.89074465306  117.63
4294.50899513167  113.7063
4295.12724561028  112.3684
4295.74549608889  116.4879
4296.36374656751  117.4833
4296.98199704612  112.4995
4297.60024752473  112.5543
4298.21849800334  115.6919
4298.83674848196  115.2159
4299.45499896057  116.1034
4300.07324943918  116.5169
4300.69149991779  115.4815
4301.3097503964  115.5116
4301.92800087502  117.4243
4302.54625135363  117.1667
4303.16450183224  120.4174
4303.78275231085  129.9171
4304.40100278947  134.3199
4305.01925326808  125.0519
4305.63750374669  117.5378
4306.2557542253  123.9188
4306.87400470391  129.0704
4307.49225518253  125.9115
4308.11050566114  121.3863
4308.72875613975  125.3438
4309.34700661836  130.808
4309.96525709698  126.6362
4310.58350757559  121.3661
4311.2017580542  121.6647
4311.82000853281  126.6835
4312.43825901143  133.7817
4313.05650949004  138.5369
4313.67475996865  137.2732
4314.29301044726  135.92
4314.91126092588  140.1219
4315.52951140449  145.0208
4316.1477618831  146.0087
4316.76601236171  151.3273
4317.38426284032  156.0855
4318.00251331894  157.0104
4318.62076379755  157.6821
4319.23901427616  158.7386
4319.85726475477  161.918
4320.47551523339  162.546
4321.093765712  163.2707
4321.71201619061  170.7498
4322.33026666922  174.4289
4322.94851714783  171.2965
4323.56676762645  173.4637
4324.18501810506  185.2321
4324.80326858367  196.9195
4325.42151906228  208.4762
4326.0397695409  213.0393
4326.65802001951  208.0289
4327.27627049812  208.4621
4327.89452097673  214.115
4328.51277145535  214.3889
4329.13102193396  210.7126
4329.74927241257  212.4384
4330.36752289118  216.9221
4330.9857733698  217.2513
4331.60402384841  220.1365
4332.22227432702  227.0394
4332.84052480563  224.6895
4333.45877528424  220.9692
4334.07702576286  220.3958
4334.69527624147  215.2549
4335.31352672008  203.7266
4335.93177719869  203.8102
4336.55002767731  208.9548
4337.16827815592  206.3521
4337.78652863453  196.7697
4338.40477911314  188.2495
4339.02302959175  184.0453
4339.64128007037  180.963
4340.25953054898  179.8038
4340.87778102759  173.8371
4341.4960315062  170.956
4342.11428198482  177.9982
4342.73253246343  184.2671
4343.35078294204  187.4042
4343.96903342065  192.2146
4344.58728389927  195.0948
4345.20553437788  194.8986
4345.82378485649  196.3061
4346.4420353351  199.996
4347.06028581372  205.1605
4347.67853629233  212.6707
4348.29678677094  214.532
4348.91503724955  207.8715
4349.53328772817  201.9023
4350.15153820678  205.9921
4350.76978868539  212.7676
4351.388039164  212.2277
4352.00628964261  206.9731
4352.62454012123  199.9597
4353.24279059984  205.1355
4353.86104107845  218.5324
4354.47929155706  215.796
4355.09754203567  205.8861
4355.71579251429  199.8579
4356.3340429929  193.8008
4356.95229347151  187.0086
4357.57054395013  185.8543
4358.18879442874  185.7291
4358.80704490735  181.1039
4359.42529538596  180.9871
4360.04354586457  177.0926
4360.66179634319  167.7617
4361.2800468218  166.7386
4361.89829730041  170.7007
4362.51654777902  173.6378
4363.13479825764  176.8216
4363.75304873625  174.0561
4364.37129921486  165.9255
4364.98954969347  161.6983
4365.60780017208  160.4123
4366.2260506507  152.3438
4366.84430112931  143.8371
4367.46255160792  143.4218
4368.08080208653  147.0653
4368.69905256514  146.2761
4369.31730304376  139.9887
4369.93555352237  135.8932
4370.55380400098  136.4874
4371.1720544796  134.2143
4371.79030495821  124.5284
4372.40855543682  115.3989
4373.02680591543  112.1732
4373.64505639405  120.6599
4374.26330687266  128.9711
4374.88155735127  127.1429
4375.49980782988  122.4748
4376.11805830849  118.8323
4376.73630878711  114.5398
4377.35455926572  111.7651
4377.97280974433  115.6042
4378.59106022294  119.2953
4379.20931070156  123.8282
4379.82756118017  125.3191
4380.44581165878  121.129
4381.06406213739  118.9927
4381.68231261601  115.3099
4382.30056309462  108.7102
4382.91881357323  106.1564
4383.53706405184  109.4849
4384.15531453045  115.4286
4384.77356500906  116.8725
4385.39181548768  112.723
4386.01006596629  108.6165
4386.6283164449  107.2965
4387.24656692352  109.6283
4387.86481740213  111.08
4388.48306788074  110.5925
4389.10131835935  108.579
4389.71956883796  107.0782
4390.33781931658  109.0762
4390.95606979519  114.1281
4391.5743202738  116.9672
4392.19257075241  114.4746
4392.81082123103  108.1903
4393.42907170964  102.6539
4394.04732218825  103.7579
4394.66557266686  111.4635
4395.28382314547  120.1352
4395.90207362409  125.0534
4396.5203241027  126.0429
4397.13857458131  121.7036
4397.75682505992  114.6262
4398.37507553854  115.0145
4398.99332601715  116.0644
4399.61157649576  114.4012
4400.22982697437  115.1845
4400.84807745299  109.8265
4401.4663279316  102.7187
4402.08457841021  107.9043
4402.70282888882  115.6382
4403.32107936744  119.2908
4403.93932984605  123.363
4404.55758032466  128.3592
4405.17583080327  125.7348
4405.79408128188  119.3435
4406.4123317605  119.35
4407.03058223911  117.5064
4407.64883271772  112.5404
4408.26708319633  111.3145
4408.88533367495  116.8094
4409.50358415356  124.7988
4410.12183463217  126.3667
4410.74008511078  120.0124
4411.3583355894  113.7193
4411.97658606801  109.8273
4412.59483654662  110.9996
4413.21308702523  112.5976
4413.83133750384  108.0617
4414.44958798246  108.4662
4415.06783846107  112.9741
4415.68608893968  108.8744
4416.30433941829  104.0684
4416.92258989691  107.8021
4417.54084037552  112.6211
4418.15909085413  116.2459
4418.77734133274  116.885
4419.39559181136  115.1788
4420.01384228997  113.4237
4420.63209276858  113.9633
4421.25034324719  114.6391
4421.8685937258  114.2946
4422.48684420442  115.2977
4423.10509468303  116.9246
4423.72334516164  117.3322
4424.34159564025  116.6231
4424.95984611887  117.1985
4425.57809659748  111.7283
4426.19634707609  102.5398
4426.8145975547  100.6713
4427.43284803332  107.7761
4428.05109851193  116.8942
4428.66934899054  115.9625
4429.28759946915  116.5847
4429.90584994776  119.8508
4430.52410042638  115.0633
4431.14235090499  108.9569
4431.7606013836  108.5344
4432.37885186221  109.673
4432.99710234083  107.8544
4433.61535281944  110.1415
4434.23360329805  116.7312
4434.85185377666  116.1522
4435.47010425528  114.194
4436.08835473389  115.5631
4436.7066052125  114.3698
4437.32485569111  111.6238
4437.94310616972  110.9937
4438.56135664834  115.9572
4439.17960712695  121.7851
4439.79785760556  121.9743
4440.41610808417  117.1389
4441.03435856279  112.964
4441.6526090414  113.4469
4442.27085952001  116.6802
4442.88910999862  120.8621
4443.50736047724  119.9808
4444.12561095585  117.5364
4444.74386143446  116.7699
4445.36211191307  116.106
4445.98036239168  117.9179
4446.5986128703  119.0224
4447.21686334891  117.3096
4447.83511382752  120.3314
4448.45336430613  127.1843
4449.07161478475  124.0128
4449.68986526336  121.4068
4450.30811574197  128.438
4450.92636622058  132.8832
4451.5446166992  136.1456
4452.16286717781  137.1226
4452.78111765642  136.9207
4453.39936813503  136.5714
4454.01761861364  135.334
4454.63586909226  135.9133
4455.25411957087  141.2642
4455.87237004948  138.2832
4456.49062052809  130.8074
4457.10887100671  134.3446
4457.72712148532  139.1818
4458.34537196393  138.9468
4458.96362244254  141.0419
4459.58187292116  148.1489
4460.20012339977  151.1325
4460.81837387838  146.5776
4461.43662435699  142.0846
4462.0548748356  139.4398
4462.67312531422  136.1267
4463.29137579283  133.9546
4463.90962627144  129.9994
4464.52787675005  128.9606
4465.14612722867  134.3894
4465.76437770728  136.7717
4466.38262818589  134.0697
4467.0008786645  134.2857
4467.61912914312  135.5409
4468.23737962173  135.1722
4468.85563010034  134.2122
4469.47388057895  129.9814
4470.09213105756  125.9299
4470.71038153618  124.2524
4471.32863201479  121.882
4471.9468824934  119.6873
4472.56513297201  114.5285
4473.18338345063  110.8752
4473.80163392924  117.1683
4474.41988440785  128.2543
4475.03813488646  130.5854
4475.65638536508  125.2317
4476.27463584369  121.08
4476.8928863223  122.189
4477.51113680091  124.8504
4478.12938727952  125.812
4478.74763775814  128.9104
4479.36588823675  133.7138
4479.98413871536  134.467
4480.60238919397  134.0405
4481.22063967259  132.3104
4481.8388901512  134.4953
4482.45714062981  140.2661
4483.07539110842  139.7559
4483.69364158704  136.4071
4484.31189206565  135.0417
4484.93014254426  133.751
4485.54839302287  133.7059
4486.16664350148  136.4715
4486.7848939801  140.3276
4487.40314445871  147.0692
4488.02139493732  150.5739
4488.63964541593  140.9032
4489.25789589455  131.0819
4489.87614637316  136.8772
4490.49439685177  146.5381
4491.11264733038  149.2147
4491.730897809  143.7419
4492.34914828761  136.7792
4492.96739876622  134.3885
4493.58564924483  133.7154
4494.20389972344  136.2827
4494.82215020206  137.7346
4495.44040068067  134.3666
4496.05865115928  132.8778
4496.67690163789  134.8196
4497.29515211651  133.6986
4497.91340259512  132.163
4498.53165307373  132.548
4499.14990355234  130.3047
4499.76815403095  129.1588
4500.38640450957  132.8953
4501.00465498818  137.0803
4501.62290546679  134.6691
4502.2411559454  130.719
4502.85940642402  128.4745
4503.47765690263  124.9744
4504.09590738124  125.9075
4504.71415785986  127.9927
4505.33240833847  122.9933
4505.95065881708  122.3815
4506.56890929569  126.5333
4507.1871597743  124.5056
4507.80541025291  121.2434
4508.42366073153  122.2232
4509.04191121014  119.0763
4509.66016168875  116.1126
4510.27841216736  120.6093
4510.89666264598  123.4913
4511.51491312459  119.7355
4512.1331636032  120.889
4512.75141408182  123.2283
4513.36966456043  123.3499
4513.98791503904  124.4233
4514.60616551765  125.3551
4515.22441599626  122.2721
4515.84266647488  119.5007
4516.46091695349  117.9164
4517.0791674321  113.19
4517.69741791071  108.5674
4518.31566838932  106.1563
4518.93391886794  111.5025
4519.55216934655  125.7087
4520.17041982516  126.0515
4520.78867030378  114.9378
4521.40692078239  109.3303
4522.025171261  113.899
4522.64342173961  121.8116
4523.26167221822  123.3699
4523.87992269684  120.5591
4524.49817317545  121.5043
4525.11642365406  123.7823
4525.73467413267  125.608
4526.35292461128  126.796
4526.9711750899  127.2799
4527.58942556851  128.5436
4528.20767604712  131.1777
4528.82592652574  129.8466
4529.44417700435  126.6401
4530.06242748296  128.5014
4530.68067796157  125.7027
4531.29892844018  121.4073
4531.9171789188  122.7468
4532.53542939741  123.5696
4533.15367987602  124.1484
4533.77193035463  126.5856
4534.39018083324  130.1077
4535.00843131186  131.4906
4535.62668179047  126.1236
4536.24493226908  121.2042
4536.86318274769  123.3694
4537.48143322631  128.1842
4538.09968370492  130.5285
4538.71793418353  127.8675
4539.33618466214  126.2832
4539.95443514075  127.6326
4540.57268561937  124.7377
4541.19093609798  122.2865
4541.80918657659  124.7057
4542.42743705521  123.7593
4543.04568753382  119.9525
4543.66393801243  121.5388
4544.28218849104  126.5949
4544.90043896965  128.8454
4545.51868944827  126.8338
4546.13693992688  126.7348
4546.75519040549  126.6159
4547.3734408841  125.2362
4547.99169136272  126.9842
4548.60994184133  126.0255
4549.22819231994  119.4322
4549.84644279855  116.817
4550.46469327717  123.
4551.08294375578  127.6882
4551.70119423439  128.3931
4552.319444713  126.719
4552.93769519161  121.6022
4553.55594567023  122.0426
4554.17419614884  126.3033
4554.79244662745  126.9447
4555.41069710606  126.2253
4556.02894758468  132.9308
4556.64719806329  135.7924
4557.2654485419  126.9574
4557.88369902051  117.8567
4558.50194949913  116.0387
4559.12019997774  121.038
4559.73845045635  119.4566
4560.35670093496  117.7357
4560.97495141357  120.0119
4561.59320189219  121.83
4562.2114523708  119.4856
4562.82970284941  117.1877
4563.44795332802  118.8838
4564.06620380664  122.3073
4564.68445428525  121.8533
4565.30270476386  122.0106
4565.92095524247  123.7193
4566.53920572109  125.1568
4567.1574561997  130.3096
4567.77570667831  133.2398
4568.39395715692  130.3166
4569.01220763553  131.0193
4569.63045811415  128.5338
4570.24870859276  124.7523
4570.86695907137  121.4359
4571.48520954998  118.8355
4572.1034600286  122.9209
4572.72171050721  124.768
4573.33996098582  125.8324
4573.95821146443  124.708
4574.57646194305  124.2848
4575.19471242166  128.3694
4575.81296290027  128.9612
4576.43121337888  128.6709
4577.04946385749  127.8204
4577.66771433611  129.8408
4578.28596481472  130.7437
4578.90421529333  130.0612
4579.52246577194  126.4827
4580.14071625056  122.7325
4580.75896672917  131.4812
4581.37721720778  138.4792
4581.99546768639  132.174
4582.61371816501  125.2867
4583.23196864362  125.5023
4583.85021912223  133.6586
4584.46846960084  137.7105
4585.08672007945  134.481
4585.70497055807  129.0061
4586.32322103668  130.6715
4586.94147151529  137.5876
4587.5597219939  134.0431
4588.17797247252  131.9416
4588.79622295113  130.1636
4589.41447342974  121.4529
4590.03272390835  114.1074
4590.65097438697  112.1037
4591.26922486558  110.2251
4591.88747534419  112.9073
4592.5057258228  116.3922
4593.12397630142  126.5458
4593.74222678003  131.9126
4594.36047725864  130.6208
4594.97872773725  133.1255
4595.59697821586  133.415
4596.21522869448  131.0187
4596.83347917309  130.3873
4597.4517296517  128.7966
4598.06998013031  127.0278
4598.68823060893  122.6982
4599.30648108754  112.1123
4599.92473156615  116.6807
4600.54298204476  129.6629
4601.16123252337  137.8622
4601.77948300199  133.7618
4602.3977334806  126.5275
4603.01598395921  127.3502
4603.63423443782  127.698
4604.25248491644  123.5598
4604.87073539505  124.7334
4605.48898587366  132.5848
4606.10723635227  137.7291
4606.72548683089  134.3652
4607.3437373095  128.0801
4607.96198778811  127.1352
4608.58023826672  126.803
4609.19848874533  125.1148
4609.81673922395  126.2741
4610.43498970256  126.2186
4611.05324018117  124.9082
4611.67149065978  122.7894
4612.2897411384  119.8486
4612.90799161701  117.1984
4613.52624209562  114.6061
4614.14449257423  113.8141
4614.76274305285  113.3117
4615.38099353146  115.0113
4615.99924401007  118.5814
4616.61749448868  127.2423
4617.2357449673  128.6702
4617.85399544591  122.4824
4618.47224592452  127.6664
4619.09049640313  136.6013
4619.70874688174  136.561
4620.32699736036  127.4319
4620.94524783897  122.8784
4621.56349831758  127.9342
4622.18174879619  131.8908
4622.79999927481  128.1138
4623.41824975342  124.1865
4624.03650023203  124.1384
4624.65475071064  121.3538
4625.27300118926  116.4764
4625.89125166787  115.1843
4626.50950214648  119.5331
4627.12775262509  124.4928
4627.7460031037  129.4746
4628.36425358232  134.1276
4628.98250406093  130.8364
4629.60075453954  125.2139
4630.21900501815  127.6209
4630.83725549677  128.1953
4631.45550597538  129.5597
4632.07375645399  134.5466
4632.6920069326  138.1997
4633.31025741122  137.953
4633.92850788983  132.637
4634.54675836844  129.5442
4635.16500884705  131.7057
4635.78325932567  130.9474
4636.40150980428  129.0384
4637.01976028289  135.4555
4637.6380107615  142.4622
4638.25626124011  140.4788
4638.87451171873  136.0914
4639.49276219734  137.7814
4640.11101267595  138.684
4640.72926315456  131.9958
4641.34751363318  126.5737
4641.96576411179  129.6078
4642.5840145904  128.4066
4643.20226506901  127.6099
4643.82051554762  132.3248
4644.43876602624  132.8803
4645.05701650485  128.2455
4645.67526698346  126.5596
4646.29351746207  130.6829
4646.91176794069  131.9296
4647.5300184193  128.9506
4648.14826889791  126.7268
4648.76651937652  130.7283
4649.38476985514  134.4277
4650.00302033375  132.3516
4650.62127081236  132.025
4651.23952129097  132.8636
4651.85777176958  129.808
4652.4760222482  127.4859
4653.09427272681  128.1572
4653.71252320542  130.9063
4654.33077368403  136.4518
4654.94902416265  136.3806
4655.56727464126  129.1921
4656.18552511987  132.2162
4656.80377559848  139.2494
4657.42202607709  135.6548
4658.04027655571  129.961
4658.65852703432  130.8215
4659.27677751293  134.1913
4659.89502799154  130.0225
4660.51327847016  128.3512
4661.13152894877  130.1587
4661.74977942738  129.7492
4662.36802990599  132.9669
4662.98628038461  138.5755
4663.60453086322  137.3605
4664.22278134183  135.3489
4664.84103182044  138.3932
4665.45928229906  135.0636
4666.07753277767  125.276
4666.69578325628  124.043
4667.31403373489  129.4764
4667.93228421351  134.7702
4668.55053469212  140.0532
4669.16878517073  137.0785
4669.78703564934  133.8689
4670.40528612795  138.2644
4671.02353660657  139.6744
4671.64178708518  136.9782
4672.26003756379  135.9508
4672.8782880424  134.2235
4673.49653852101  129.332
4674.11478899963  126.593
4674.73303947824  128.9505
4675.35128995685  138.0125
4675.96954043546  143.4005
4676.58779091408  142.0071
4677.20604139269  140.6525
4677.8242918713  138.0088
4678.44254234992  136.2381
4679.06079282853  135.9829
4679.67904330714  133.5175
4680.29729378575  133.3392
4680.91554426436  139.2181
4681.53379474298  146.8324
4682.15204522159  153.4096
4682.7702957002  151.7593
4683.38854617881  150.0433
4684.00679665743  147.9587
4684.62504713604  142.3117
4685.24329761465  142.9312
4685.86154809326  143.9956
4686.47979857187  140.7336
4687.09804905049  136.2709
4687.7162995291  139.7427
4688.33455000771  145.2575
4688.95280048632  147.6262
4689.57105096493  148.5621
4690.18930144355  146.4359
4690.80755192216  145.0239
4691.42580240077  144.3966
4692.04405287939  141.3627
4692.662303358  138.0174
4693.28055383661  137.985
4693.89880431522  144.8328
4694.51705479383  150.0646
4695.13530527245  145.0831
4695.75355575106  138.0997
4696.37180622967  135.799
4696.99005670828  134.8576
4697.6083071869  135.3592
4698.22655766551  139.2446
4698.84480814412  141.5788
4699.46305862273  140.2553
4700.08130910135  136.9759
4700.69955957996  133.6471
4701.31781005857  131.6028
4701.93606053718  135.3615
4702.55431101579  143.0348
4703.17256149441  141.9953
4703.79081197302  134.662
4704.40906245163  132.9031
4705.02731293024  138.4359
4705.64556340886  141.2455
4706.26381388747  137.0693
4706.88206436608  134.7919
4707.50031484469  139.5201
4708.11856532331  146.375
4708.73681580192  148.077
4709.35506628053  142.274
4709.97331675914  132.0264
4710.59156723775  129.7852
4711.20981771637  133.5386
4711.82806819498  136.4431
4712.44631867359  138.8374
4713.0645691522  141.4362
4713.68281963082  140.5183
4714.30107010943  134.0945
4714.91932058804  126.2139
4715.53757106665  126.4023
4716.15582154527  132.5891
4716.77407202388  131.8263
4717.39232250249  129.2313
4718.0105729811  131.3904
4718.62882345971  130.1044
4719.24707393833  132.0023
4719.86532441694  135.365
4720.48357489555  134.7332
4721.10182537416  136.0688
4721.72007585278  137.8195
4722.33832633139  134.2973
4722.95657681  129.0996
4723.57482728861  132.458
4724.19307776723  138.4863
4724.81132824584  135.1475
4725.42957872445  130.6775
4726.04782920306  127.4295
4726.66607968167  122.363
4727.28433016029  119.0047
4727.9025806389  115.5199
4728.52083111751  122.624
4729.13908159612  132.2234
4729.75733207474  133.5633
4730.37558255335  131.7772
4730.99383303196  127.3698
4731.61208351057  128.9554
4732.23033398919  133.7554
4732.8485844678  134.6497
4733.46683494641  132.2116
4734.08508542502  126.0225
4734.70333590363  122.4705
4735.32158638225  123.1984
4735.93983686086  126.0432
4736.55808733947  130.2678
4737.17633781808  128.5561
4737.7945882967  123.1671
4738.41283877531  123.3539
4739.03108925392  125.2154
4739.64933973253  126.1302
4740.26759021115  128.7069
4740.88584068976  128.2101
4741.50409116837  126.0252
4742.12234164698  127.3542
4742.74059212559  129.0693
4743.35884260421  126.451
4743.97709308282  118.9695
4744.59534356143  114.4743
4745.21359404004  117.933
4745.83184451866  121.9148
4746.45009499727  120.0212
4747.06834547588  118.6902
4747.68659595449  124.6521
4748.30484643311  130.4588
4748.92309691172  124.9376
4749.54134739033  114.2625
4750.15959786894  111.5922
4750.77784834755  114.8131
4751.39609882617  119.9443
4752.01434930478  122.6375
4752.63259978339  123.6351
4753.250850262  128.3569
4753.86910074062  130.5214
4754.48735121923  128.2822
4755.10560169784  125.0203
4755.72385217645  117.114
4756.34210265507  108.1848
4756.96035313368  102.5355
4757.57860361229  106.0582
4758.1968540909  115.5993
4758.81510456951  118.0526
4759.43335504813  115.6818
4760.05160552674  117.6435
4760.66985600535  122.4241
4761.28810648396  122.8809
4761.90635696258  116.6623
4762.52460744119  112.2971
4763.1428579198  115.4292
4763.76110839841  116.8316
4764.37935887703  115.8163
4764.99760935564  115.0638
4765.61585983425  115.9556
4766.23411031286  119.4423
4766.85236079147  124.5208
4767.47061127009  117.151
4768.0888617487  106.2374
4768.70711222731  102.8813
4769.32536270592  108.4781
4769.94361318454  117.5874
4770.56186366315  121.1592
4771.18011414176  122.8361
4771.79836462037  122.4775
4772.41661509899  121.4601
4773.0348655776  123.646
4773.65311605621  122.2329
4774.27136653482  114.917
4774.88961701343  114.2236
4775.50786749205  126.
4776.12611797066  128.4761
4776.74436844927  118.0623
4777.36261892788  117.9863
4777.9808694065  125.8613
4778.59911988511  122.9669
4779.21737036372  117.3957
4779.83562084233  118.032
4780.45387132095  118.7645
4781.07212179956  120.5872
4781.69037227817  124.2936
4782.30862275678  124.9524
4782.92687323539  119.8682
4783.54512371401  118.0816
4784.16337419262  117.0191
4784.78162467123  117.431
4785.39987514984  116.9077
4786.01812562846  112.3965
4786.63637610707  108.8602
4787.25462658568  107.7503
4787.87287706429  104.9927
4788.49112754291  106.7295
4789.10937802152  112.8409
4789.72762850013  120.5001
4790.34587897874  120.1206
4790.96412945735  117.5063
4791.58237993597  120.916
4792.20063041458  122.1133
4792.81888089319  116.7335
4793.4371313718  114.3201
4794.05538185042  113.5854
4794.67363232903  111.1262
4795.29188280764  112.5079
4795.91013328625  113.0821
4796.52838376487  110.3732
4797.14663424348  114.7195
4797.76488472209  125.5934
4798.3831352007  127.5816
4799.00138567931  119.1351
4799.61963615793  110.2395
4800.23788663654  105.8533
4800.85613711515  111.0202
4801.47438759376  115.5661
4802.09263807238  112.3069
4802.71088855099  111.1552
4803.3291390296  113.2725
4803.94738950821  114.9185
4804.56563998682  115.6613
4805.18389046544  116.6529
4805.80214094405  117.969
4806.42039142266  117.1518
4807.03864190127  118.1559
4807.65689237989  120.4675
4808.2751428585  119.1263
4808.89339333711  119.2879
4809.51164381572  119.2575
4810.12989429434  120.1058
4810.74814477295  124.9905
4811.36639525156  122.888
4811.98464573017  118.5253
4812.60289620878  117.3024
4813.2211466874  116.9422
4813.83939716601  118.4499
4814.45764764462  123.7042
4815.07589812323  128.4726
4815.69414860185  124.5596
4816.31239908046  119.7994
4816.93064955907  121.7291
4817.54890003768  123.1017
4818.1671505163  125.7356
4818.78540099491  131.4065
4819.40365147352  133.9887
4820.02190195213  133.7045
4820.64015243074  130.1231
4821.25840290936  128.0822
4821.87665338797  127.4512
4822.49490386658  130.1409
4823.1131543452  136.2773
4823.73140482381  138.1651
4824.34965530242  138.8346
4824.96790578103  139.1705
4825.58615625964  142.479
4826.20440673826  142.9914
4826.82265721687  145.5794
4827.44090769548  149.4814
4828.05915817409  143.204
4828.6774086527  138.4456
4829.29565913132  141.9642
4829.91390960993  144.5533
4830.53216008854  148.795
4831.15041056715  156.7294
4831.76866104577  167.7177
4832.38691152438  169.8267
4833.00516200299  164.2316
4833.6234124816  161.315
4834.24166296022  160.7506
4834.85991343883  161.0784
4835.47816391744  164.4341
4836.09641439605  169.0203
4836.71466487466  172.1927
4837.33291535328  173.7043
4837.95116583189  176.2751
4838.5694163105  186.1239
4839.18766678912  197.2024
4839.80591726773  200.1413
4840.42416774634  200.1804
4841.04241822495  206.734
4841.66066870356  209.7297
4842.27891918218  206.2439
4842.89716966079  206.5284
4843.5154201394  216.5208
4844.13367061801  228.3183
4844.75192109662  232.744
4845.37017157524  238.7723
4845.98842205385  244.9183
4846.60667253246  253.196
4847.22492301108  266.8952
4847.84317348969  276.0259
4848.4614239683  275.9769
4849.07967444691  273.5518
4849.69792492552  276.284
4850.31617540414  282.0481
4850.93442588275  286.5598
4851.55267636136  293.851
4852.17092683997  300.9044
4852.78917731859  294.1146
4853.4074277972  279.889
4854.02567827581  279.2921
4854.64392875442  285.4687
4855.26217923304  282.3564
4855.88042971165  274.5569
4856.49868019026  270.8781
4857.11693066887  274.4621
4857.73518114748  276.7483
4858.3534316261  267.0617
4858.97168210471  255.5413
4859.58993258332  245.5496
4860.20818306193  231.2577
4860.82643354054  222.5084
4861.44468401916  218.0711
4862.06293449777  215.4105
4862.68118497638  218.1456
4863.299435455  228.2114
4863.91768593361  237.3622
4864.53593641222  238.01
4865.15418689083  245.2415
4865.77243736945  256.6702
4866.39068784806  263.9213
4867.00893832667  271.8391
4867.62718880528  278.6353
4868.24543928389  281.8874
4868.8636897625  287.9781
4869.48194024112  288.2869
4870.10019071973  281.4605
4870.71844119834  283.6594
4871.33669167696  292.4885
4871.95494215557  293.1537
4872.57319263418  288.6141
4873.19144311279  276.3514
4873.8096935914  267.6148
4874.42794407002  258.9412
4875.04619454863  256.8965
4875.66444502724  257.46
4876.28269550585  251.4815
4876.90094598447  245.5058
4877.51919646308  239.7395
4878.13744694169  232.0223
4878.7556974203  222.6434
4879.37394789892  210.8579
4879.99219837753  206.9232
4880.61044885614  215.996
4881.22869933475  224.2307
4881.84694981336  224.5986
4882.46520029198  222.6454
4883.08345077059  214.054
4883.7017012492  199.2355
4884.31995172781  193.063
4884.93820220643  197.2798
4885.55645268504  196.4845
4886.17470316365  185.8293
4886.79295364226  176.5489
4887.41120412088  176.4445
4888.02945459949  176.1259
4888.6477050781  175.9378
4889.26595555671  175.0352
4889.88420603532  169.4025
4890.50245651394  162.4282
4891.12070699255  153.5276
4891.73895747116  146.4478
4892.35720794977  148.7321
4892.97545842839  153.6614
4893.593708907  155.3036
4894.21195938561  154.9091
4894.83020986422  155.7139
4895.44846034284  156.6977
4896.06671082145  153.1978
4896.68496130006  152.4279
4897.30321177867  154.1278
4897.92146225729  153.2328
4898.5397127359  151.4372
4899.15796321451  150.9887
4899.77621369312  152.3885
4900.39446417173  148.5797
4901.01271465035  144.1341
4901.63096512896  141.8417
4902.24921560757  140.0706
4902.86746608618  140.1299
4903.4857165648  142.571
4904.10396704341  142.5132
4904.72221752202  140.1995
4905.34046800063  136.0273
4905.95871847925  136.718
4906.57696895786  139.9956
4907.19521943647  140.6422
4907.81346991508  144.3765
4908.4317203937  139.2949
4909.04997087231  128.9819
4909.66822135092  127.1126
4910.28647182953  137.342
4910.90472230814  144.049
4911.52297278676  138.2755
4912.14122326537  134.4855
4912.75947374398  132.2287
4913.37772422259  133.6627
4913.99597470121  136.9809
4914.61422517982  134.9511
4915.23247565843  132.4969
4915.85072613704  133.5142
4916.46897661565  133.3361
4917.08722709427  133.8726
4917.70547757288  136.0848
4918.32372805149  135.4142
4918.9419785301  128.2145
4919.56022900872  122.5926
4920.17847948733  123.9824
4920.79672996594  126.706
4921.41498044455  132.1102
4922.03323092317  131.918
4922.65148140178  126.3299
4923.26973188039  124.6499
4923.887982359  127.6502
4924.50623283761  124.553
4925.12448331623  127.0611
4925.74273379484  128.6285
4926.36098427345  124.1565
4926.97923475206  124.408
4927.59748523068  125.7072
4928.21573570929  122.8478
4928.8339861879  120.7794
4929.45223666651  123.2466
4930.07048714513  127.3011
4930.68873762374  129.3257
4931.30698810235  129.3228
4931.92523858096  122.9238
4932.54348905957  118.3124
4933.16173953819  122.1229
4933.7799900168  130.0364
4934.39824049541  136.1455
4935.01649097402  139.1458
4935.63474145264  137.3006
4936.25299193125  134.8819
4936.87124240986  135.4061
4937.48949288847  131.9354
4938.10774336709  126.1767
4938.7259938457  123.6275
4939.34424432431  126.9086
4939.96249480292  126.6814
4940.58074528154  124.8879
4941.19899576015  127.8005
4941.81724623876  127.1803
4942.43549671737  123.2422
4943.05374719598  122.2184
4943.67199767459  121.0146
4944.29024815321  123.9613
4944.90849863182  133.8374
4945.52674911043  134.5955
4946.14499958905  128.8104
4946.76325006766  126.9454
4947.38150054627  128.9363
4947.99975102488  128.0839
4948.61800150349  130.3635
4949.23625198211  131.5069
4949.85450246072  126.6937
4950.47275293933  123.3644
4951.09100341794  122.168
4951.70925389656  122.8922
4952.32750437517  125.9765
4952.94575485378  125.7945
4953.56400533239  120.5721
4954.18225581101  121.1027
4954.80050628962  124.3531
4955.41875676823  122.9246
4956.03700724684  122.2413
4956.65525772545  119.4348
4957.27350820407  117.1098
4957.89175868268  117.3818
4958.51000916129  116.0615
4959.1282596399  116.544
4959.74651011852  117.1858
4960.36476059713  112.2956
4960.98301107574  113.3024
4961.60126155435  120.6505
4962.21951203296  119.8946
4962.83776251158  117.7642
4963.45601299019  118.3007
4964.0742634688  115.6786
4964.69251394741  117.9006
4965.31076442603  121.1711
4965.92901490464  118.366
4966.54726538325  117.9484
4967.16551586186  120.5277
4967.78376634048  120.2823
4968.40201681909  119.7156
4969.0202672977  119.9151
4969.63851777631  119.8764
4970.25676825493  123.0978
4970.87501873354  127.408
4971.49326921215  126.8293
4972.11151969076  126.0187
4972.72977016938  124.0999
4973.34802064799  117.3736
4973.9662711266  110.7771
4974.58452160521  108.9079
4975.20277208382  114.4681
4975.82102256244  119.2357
4976.43927304105  117.7284
4977.05752351966  116.1834
4977.67577399827  116.6945
4978.29402447688  117.8673
4978.9122749555  117.4583
4979.53052543411  113.3013
4980.14877591272  111.5654
4980.76702639134  116.3384
4981.38527686995  118.9985
4982.00352734856  113.1716
4982.62177782717  109.6652
4983.24002830579  112.5769
4983.8582787844  117.0565
4984.47652926301  116.6374
4985.09477974162  117.2695
4985.71303022023  124.0218
4986.33128069884  130.8103
4986.94953117746  130.793
4987.56778165607  123.0206
4988.18603213468  119.4076
4988.80428261329  123.0481
4989.42253309191  124.024
4990.04078357052  123.5544
4990.65903404913  129.8341
4991.27728452774  136.8812
4991.89553500636  132.7919
4992.51378548497  127.4784
4993.13203596358  128.5506
4993.75028644219  133.0008
4994.3685369208  132.3105
4994.98678739942  130.2204
4995.60503787803  136.2757
4996.22328835664  138.5096
4996.84153883525  135.5744
4997.45978931387  136.2728
4998.07803979248  138.6501
4998.69629027109  140.2569
4999.3145407497  139.0407
4999.93279122832  138.1188
5000.55104170693  137.8078
5001.16929218554  138.9448
5001.78754266415  140.7116
5002.40579314277  140.9755
5003.02404362138  138.0241
5003.64229409999  134.5217
5004.2605445786  127.7968
5004.87879505722  126.4945
5005.49704553583  132.3802
5006.11529601444  139.9299
5006.73354649305  146.7812
5007.35179697166  150.7215
5007.97004745028  151.3128
5008.58829792889  151.7044
5009.2065484075  150.156
5009.82479888611  145.2896
5010.44304936473  140.1842
5011.06129984334  140.1822
5011.67955032195  142.6927
5012.29780080056  142.2246
5012.91605127918  138.8764
5013.53430175779  137.4395
5014.1525522364  139.9476
5014.77080271501  139.3113
5015.38905319362  138.2949
5016.00730367224  138.6874
5016.62555415085  136.9991
5017.24380462946  134.9789
5017.86205510807  135.5079
5018.48030558669  135.0104
5019.0985560653  132.6094
5019.71680654391  132.5229
5020.33505702252  135.7001
5020.95330750114  140.1112
5021.57155797975  139.6127
5022.18980845836  134.138
5022.80805893697  136.1461
5023.42630941558  142.0067
5024.0445598942  144.0693
5024.66281037281  145.209
5025.28106085142  143.8873
5025.89931133003  140.0044
5026.51756180865  139.922
5027.13581228726  143.9906
5027.75406276587  142.5858
5028.37231324448  139.1667
5028.9905637231  137.4922
5029.60881420171  136.9851
5030.22706468032  141.3659
5030.84531515893  144.9881
5031.46356563754  147.0103
5032.08181611616  151.3612
5032.70006659477  148.2035
5033.31831707338  140.4615
5033.93656755199  141.2538
5034.55481803061  145.3455
5035.17306850922  142.2831
5035.79131898783  137.4792
5036.40956946644  137.1537
5037.02781994506  141.997
5037.64607042367  142.4198
5038.26432090228  137.3712
5038.88257138089  137.4087
5039.5008218595  142.0081
5040.11907233812  145.3262
5040.73732281673  145.2216
5041.35557329534  140.3815
5041.97382377395  136.9115
5042.59207425257  137.9664
5043.21032473118  140.2757
5043.82857520979  140.3553
5044.4468256884  139.2889
5045.06507616702  136.0263
5045.68332664563  132.2116
5046.30157712424  131.8305
5046.91982760285  129.3166
5047.53807808146  123.7684
5048.15632856008  125.388
5048.77457903869  129.6373
5049.3928295173  131.5671
5050.01107999591  130.8181
5050.62933047453  132.5089
5051.24758095314  132.2543
5051.86583143175  128.2034
5052.48408191036  125.4023
5053.10233238898  125.8139
5053.72058286759  130.8247
5054.3388333462  132.1441
5054.95708382481  133.0526
5055.57533430343  132.1179
5056.19358478204  134.454
5056.81183526065  139.52
5057.43008573926  136.9868
5058.04833621787  129.2349
5058.66658669649  128.9297
5059.2848371751  131.4252
5059.90308765371  129.1878
5060.52133813232  128.7863
5061.13958861094  134.7422
5061.75783908955  140.5521
5062.37608956816  139.6082
5062.99434004677  140.6238
5063.61259052539  140.7727
5064.230841004  137.8986
5064.84909148261  136.1023
5065.46734196122  137.649
5066.08559243983  138.1309
5066.70384291845  135.0384
5067.32209339706  136.0342
5067.94034387567  137.1572
5068.55859435428  134.9314
5069.1768448329  137.1957
5069.79509531151  139.3171
5070.41334579012  135.862
5071.03159626873  133.8358
5071.64984674734  130.8541
5072.26809722596  130.1617
5072.88634770457  134.7981
5073.50459818318  135.1808
5074.12284866179  132.4583
5074.74109914041  130.0595
5075.35934961902  128.9213
5075.97760009763  125.8057
5076.59585057624  123.8492
5077.21410105486  126.5203
5077.83235153347  130.5863
5078.45060201208  134.4559
5079.06885249069  137.2762
5079.6871029693  139.2466
5080.30535344792  139.7386
5080.92360392653  140.961
5081.54185440514  139.2279
5082.16010488375  132.4157
5082.77835536237  125.5317
5083.39660584098  123.4959
5084.01485631959  120.3999
5084.6331067982  117.235
5085.25135727682  115.2986
5085.86960775543  117.9093
5086.48785823404  128.7486
5087.10610871265  135.5861
5087.72435919127  132.3607
5088.34260966988  127.7874
5088.96086014849  127.3677
5089.5791106271  127.8441
5090.19736110571  126.0245
5090.81561158433  126.1881
5091.43386206294  130.8512
5092.05211254155  133.5111
5092.67036302016  133.6266
5093.28861349878  135.491
5093.90686397739  139.7253
5094.525114456  138.3968
5095.14336493461  136.8299
5095.76161541323  137.1281
5096.37986589184  131.4637
5096.99811637045  125.1573
5097.61636684906  125.5069
5098.23461732767  125.6143
5098.85286780629  125.8182
5099.4711182849  127.1461
5100.08936876351  132.2203
5100.70761924212  136.2811
5101.32586972074  137.8705
5101.94412019935  139.9807
5102.56237067796  139.0949
5103.18062115657  130.2611
5103.79887163519  125.2572
5104.4171221138  127.8683
5105.03537259241  128.7231
5105.65362307102  134.8073
5106.27187354963  138.0827
5106.89012402825  139.823
5107.50837450686  139.2519
5108.12662498547  135.9004
5108.74487546408  135.7281
5109.3631259427  137.236
5109.98137642131  135.4511
5110.59962689992  131.6569
5111.21787737853  128.2457
5111.83612785714  135.1526
5112.45437833576  137.6112
5113.07262881437  129.9754
5113.69087929298  126.7685
5114.30912977159  131.3542
5114.92738025021  133.6769
5115.54563072882  136.4481
5116.16388120743  140.0043
5116.78213168604  139.1697
5117.40038216466  138.082
5118.01863264327  136.4385
5118.63688312188  136.7823
5119.25513360049  137.4989
5119.8733840791  136.1881
5120.49163455772  132.3726
5121.10988503633  126.2804
5121.72813551494  124.0906
5122.34638599355  128.799
5122.96463647217  136.4174
5123.58288695078  139.3605
5124.20113742939  135.2752
5124.819387908  133.4154
5125.43763838662  133.5251
5126.05588886523  133.021
5126.67413934384  125.1551
5127.29238982245  120.1578
5127.91064030106  123.9866
5128.52889077968  125.6695
5129.14714125829  125.7135
5129.7653917369  130.1938
5130.38364221552  136.1338
5131.00189269413  136.6011
5131.62014317274  135.9049
5132.23839365135  137.8767
5132.85664412996  138.6694
5133.47489460858  137.8967
5134.09314508719  135.8133
5134.7113955658  132.1832
5135.32964604441  132.9357
5135.94789652302  134.2307
5136.56614700164  131.1495
5137.18439748025  127.0777
5137.80264795886  126.2541
5138.42089843747  123.9482
