3889.7504882813  50.50679
3890.36872631116  56.74894
3890.98696434102  65.09794
3891.60520237088  71.49234
3892.22344040073  71.2216
3892.84167843059  67.50641
3893.45991646045  68.86763
3894.07815449031  71.39584
3894.69639252016  73.90916
3895.31463055002  81.16684
3895.93286857988  85.77776
3896.55110660974  87.15056
3897.1693446396  91.50513
3897.78758266945  92.74918
3898.40582069931  85.88351
3899.02405872917  78.35777
3899.64229675903  79.13911
3900.26053478888  80.57507
3900.87877281874  82.47652
3901.4970108486  85.10566
3902.11524887846  84.45059
3902.73348690832  81.73137
3903.35172493817  77.21461
3903.96996296803  76.51829
3904.58820099789  80.08782
3905.20643902775  82.97942
3905.8246770576  84.31658
3906.44291508746  82.87635
3907.06115311732  78.1835
3907.67939114718  76.63208
3908.29762917703  80.03301
3908.91586720689  82.26884
3909.53410523675  83.64125
3910.15234326661  81.10991
3910.77058129647  73.75684
3911.38881932632  71.00346
3912.00705735618  70.86032
3912.62529538604  70.81271
3913.2435334159  72.80354
3913.86177144575  77.02257
3914.48000947561  78.77785
3915.09824750547  76.20257
3915.71648553533  72.99631
3916.33472356518  75.71613
3916.95296159504  84.06696
3917.5711996249  90.15961
3918.18943765476  88.48985
3918.80767568461  84.47015
3919.42591371447  83.4127
3920.04415174433  82.45186
3920.66238977419  81.53955
3921.28062780405  83.31474
3921.8988658339  88.21931
3922.51710386376  91.3235
3923.13534189362  87.56242
3923.75357992348  81.36855
3924.37181795333  78.57811
3924.99005598319  84.78861
3925.60829401305  91.48087
3926.22653204291  93.91502
3926.84477007276  96.76844
3927.46300810262  94.85132
3928.08124613248  89.11111
3928.69948416234  86.80635
3929.3177221922  87.51445
3929.93596022205  85.81242
3930.55419825191  81.75829
3931.17243628177  80.02869
3931.79067431163  78.37262
3932.40891234148  78.6087
3933.02715037134  84.78756
3933.6453884012  87.48166
3934.26362643106  83.88347
3934.88186446091  82.69861
3935.50010249077  85.4838
3936.11834052063  89.2585
3936.73657855049  91.47483
3937.35481658034  94.80617
3937.9730546102  101.3192
3938.59129264006  109.6907
3939.20953066992  113.7999
3939.82776869978  109.7777
3940.44600672963  103.3224
3941.06424475949  95.11572
3941.68248278935  89.13638
3942.30072081921  90.906
3942.91895884906  95.29324
3943.53719687892  98.72543
3944.15543490878  103.8904
3944.77367293864  106.2044
3945.39191096849  107.5769
3946.01014899835  112.4152
3946.62838702821  115.5198
3947.24662505807  114.6707
3947.86486308793  111.9524
3948.48310111778  107.1911
3949.10133914764  104.25
3949.7195771775  102.2161
3950.33781520736  98.9145
3950.95605323721  100.8519
3951.57429126707  111.113
3952.19252929693  120.226
3952.81076732679  119.9848
3953.42900535664  117.1104
3954.0472433865  115.0141
3954.66548141636  117.324
3955.28371944622  123.3773
3955.90195747607  130.1379
3956.52019550593  135.8718
3957.13843353579  132.4355
3957.75667156565  129.3826
3958.37490959551  131.2413
3958.99314762536  131.8686
3959.61138565522  133.9609
3960.22962368508  138.5742
3960.84786171494  138.99
3961.46609974479  132.817
3962.08433777465  128.0031
3962.70257580451  125.5818
3963.32081383437  122.8419
3963.93905186422  125.952
3964.55728989408  129.7007
3965.17552792394  123.7178
3965.7937659538  119.0796
3966.41200398366  118.8808
3967.03024201351  115.5155
3967.64848004337  107.6504
3968.26671807323  106.8796
3968.88495610309  118.6038
3969.50319413294  123.5855
3970.1214321628  120.5376
3970.73967019266  118.137
3971.35790822252  120.4955
3971.97614625237  126.9983
3972.59438428223  129.7255
3973.21262231209  132.2081
3973.83086034195  141.6325
3974.44909837181  145.8816
3975.06733640166  141.4657
3975.68557443152  142.1533
3976.30381246138  147.0151
3976.92205049124  147.6359
3977.54028852109  145.9852
3978.15852655095  147.027
3978.77676458081  150.206
3979.39500261067  149.9818
3980.01324064052  141.7138
3980.63147867038  134.6216
3981.24971670024  137.8712
3981.8679547301  143.0367
3982.48619275995  138.3125
3983.10443078981  130.0901
3983.72266881967  127.0656
3984.34090684953  127.5782
3984.95914487939  127.4914
3985.57738290924  127.7196
3986.1956209391  130.0706
3986.81385896896  128.6037
3987.43209699882  123.1646
3988.05033502867  119.5404
3988.66857305853  119.9758
3989.28681108839  120.4669
3989.90504911825  117.5997
3990.5232871481  111.998
3991.14152517796  105.5864
3991.75976320782  102.5777
3992.37800123768  107.1966
3992.99623926753  108.2621
3993.61447729739  104.663
3994.23271532725  100.2019
3994.85095335711  96.35421
3995.46919138697  97.00436
3996.08742941682  97.30204
3996.70566744668  95.93611
3997.32390547654  98.12183
3997.9421435064  102.2053
3998.56038153625  104.7743
3999.17861956611  105.0774
3999.79685759597  103.9205
4000.41509562583  102.0201
4001.03333365569  100.519
4001.65157168554  101.9133
4002.2698097154  103.9263
4002.88804774526  106.7669
4003.50628577512  108.0116
4004.12452380497  107.101
4004.74276183483  105.3738
4005.36099986469  101.935
4005.97923789455  99.35719
4006.5974759244  96.33965
4007.21571395426  94.04332
4007.83395198412  96.51613
4008.45219001398  99.95535
4009.07042804383  101.4336
4009.68866607369  103.2535
4010.30690410355  104.8901
4010.92514213341  102.0199
4011.54338016327  96.73576
4012.16161819312  96.05662
4012.77985622298  96.19204
4013.39809425284  92.9399
4014.0163322827  91.98474
4014.63457031255  96.57523
4015.25280834241  103.5125
4015.87104637227  105.4427
4016.48928440213  100.5279
4017.10752243198  96.89797
4017.72576046184  94.86666
4018.3439984917  94.50319
4018.96223652156  96.35791
4019.58047455141  95.59592
4020.19871258127  92.08429
4020.81695061113  91.48402
4021.43518864099  94.38622
4022.05342667085  92.45081
4022.6716647007  87.76825
4023.28990273056  87.71753
4023.90814076042  89.86812
4024.52637879028  88.40742
4025.14461682013  88.55975
4025.76285484999  95.21158
4026.38109287985  100.2092
4026.99933090971  97.90656
4027.61756893957  92.35517
4028.23580696942  93.42667
4028.85404499928  97.25709
4029.47228302914  98.48555
4030.090521059  95.24207
4030.70875908885  88.67883
4031.32699711871  92.21048
4031.94523514857  103.4399
4032.56347317843  110.6114
4033.18171120828  112.3805
4033.79994923814  111.1718
4034.418187268  110.3529
4035.03642529786  109.6348
4035.65466332771  107.9448
4036.27290135757  105.679
4036.89113938743  105.2932
4037.50937741729  106.6395
4038.12761544715  106.2322
4038.745853477  104.5436
4039.36409150686  105.956
4039.98232953672  113.4844
4040.60056756658  121.2572
4041.21880559643  119.2634
4041.83704362629  110.5731
4042.45528165615  104.8802
4043.07351968601  107.3081
4043.69175771586  112.3695
4044.30999574572  109.8088
4044.92823377558  105.3712
4045.54647180544  106.9818
4046.16470983529  106.4027
4046.78294786515  105.8214
4047.40118589501  108.7522
4048.01942392487  113.0366
4048.63766195473  113.6254
4049.25589998458  106.0379
4049.87413801444  98.98842
4050.4923760443  100.9807
4051.11061407416  105.3743
4051.72885210402  106.965
4052.34709013387  105.0497
4052.96532816373  103.9939
4053.58356619359  107.7359
4054.20180422345  107.0719
4054.8200422533  104.2197
4055.43828028316  106.164
4056.05651831302  106.8863
4056.67475634288  101.3287
4057.29299437273  96.75381
4057.91123240259  101.7379
4058.52947043245  109.58
4059.14770846231  114.4345
4059.76594649216  115.9194
4060.38418452202  115.0065
4061.00242255188  109.3785
4061.62066058174  104.5439
4062.2388986116  103.0767
4062.85713664145  106.8529
4063.47537467131  117.3702
4064.09361270117  126.7458
4064.71185073103  127.2923
4065.33008876088  123.6066
4065.94832679074  118.8179
4066.5665648206  112.2584
4067.18480285046  107.4171
4067.80304088031  109.3957
4068.42127891017  116.7421
4069.03951694003  121.8026
4069.65775496989  119.727
4070.27599299974  116.9479
4070.8942310296  119.5545
4071.51246905946  122.4425
4072.13070708932  124.9353
4072.74894511917  130.5171
4073.36718314903  132.0766
4073.98542117889  130.8331
4074.60365920875  133.1954
4075.2218972386  136.5828
4075.84013526846  138.3465
4076.45837329832  138.0054
4077.07661132818  136.3736
4077.69484935804  138.2253
4078.31308738789  142.9043
4078.93132541775  145.9038
4079.54956344761  145.2686
4080.16780147747  142.3497
4080.78603950733  149.3318
4081.40427753718  157.9325
4082.02251556704  154.3461
4082.6407535969  156.3533
4083.25899162676  166.5353
4083.87722965661  179.3128
4084.49546768647  186.9867
4085.11370571633  186.3259
4085.73194374619  189.3286
4086.35018177604  195.0235
4086.9684198059  196.2214
4087.58665783576  196.9799
4088.20489586562  200.5952
4088.82313389548  206.2145
4089.44137192533  209.8472
4090.05960995519  211.1299
4090.67784798505  209.1512
4091.2960860149  203.2263
4091.91432404476  201.5968
4092.53256207462  205.4063
4093.15080010448  207.5997
4093.76903813434  207.7245
4094.38727616419  207.7954
4095.00551419405  205.2407
4095.62375222391  199.5755
4096.24199025377  193.0351
4096.86022828362  184.1797
4097.47846631348  176.8319
4098.09670434334  173.6799
4098.7149423732  168.7446
4099.33318040305  164.4727
4099.95141843291  163.6046
4100.56965646277  161.7903
4101.18789449263  160.186
4101.80613252249  164.0685
4102.42437055234  171.5869
4103.0426085822  175.3262
4103.66084661206  178.6922
4104.27908464192  187.4571
4104.89732267177  194.8391
4105.51556070163  194.4909
4106.13379873149  193.3166
4106.75203676135  196.2784
4107.3702747912  204.776
4107.98851282106  219.2102
4108.60675085092  227.9619
4109.22498888078  223.9973
4109.84322691064  215.345
4110.46146494049  211.715
4111.07970297035  212.6711
4111.69794100021  212.9889
4112.31617903007  210.4157
4112.93441705992  203.406
4113.55265508978  194.8201
4114.17089311964  194.9976
4114.7891311495  199.6211
4115.40736917935  197.9288
4116.02560720921  192.3431
4116.64384523907  187.9499
4117.26208326893  183.4561
4117.88032129878  178.6243
4118.49855932864  175.0068
4119.1167973585  173.3496
4119.73503538836  175.2641
4120.35327341822  176.6173
4120.97151144807  172.1498
4121.58974947793  160.5907
4122.20798750779  153.3498
4122.82622553765  153.9295
4123.4444635675  153.7414
4124.06270159736  152.3719
4124.68093962722  154.2104
4125.29917765708  155.4524
4125.91741568694  148.8109
4126.53565371679  137.5329
4127.15389174665  133.8487
4127.77212977651  138.1265
4128.39036780637  145.4268
4129.00860583622  143.1681
4129.62684386608  131.6042
4130.24508189594  129.2246
4130.8633199258  133.4635
4131.48155795565  132.3097
4132.09979598551  127.4429
4132.71803401537  123.4456
4133.33627204523  122.4029
4133.95451007508  123.2034
4134.57274810494  123.7302
4135.1909861348  124.1612
4135.80922416466  123.2791
4136.42746219452  124.3843
4137.04570022437  125.8334
4137.66393825423  125.5913
4138.28217628409  117.8636
4138.90041431394  113.5642
4139.5186523438  121.5112
4140.13689037366  131.8854
4140.75512840352  130.8003
4141.37336643338  118.5616
4141.99160446323  114.1031
4142.60984249309  115.2626
4143.22808052295  113.83
4143.84631855281  115.1405
4144.46455658266  116.7083
4145.08279461252  111.281
4145.70103264238  106.6419
4146.31927067224  113.6633
4146.9375087021  122.4111
4147.55574673195  123.5255
4148.17398476181  121.3078
4148.79222279167  117.8286
4149.41046082153  116.9
4150.02869885138  115.9169
4150.64693688124  113.3876
4151.2651749111  114.6574
4151.88341294096  113.1489
4152.50165097082  111.1823
4153.11988900067  112.6334
4153.73812703053  110.1235
4154.35636506039  107.2954
4154.97460309025  107.4847
4155.5928411201  108.688
4156.21107914996  113.7262
4156.82931717982  120.3551
4157.44755520968  124.5542
4158.06579323953  122.381
4158.68403126939  114.9707
4159.30226929925  108.2007
4159.92050732911  104.5468
4160.53874535896  103.9529
4161.15698338882  106.7152
4161.77522141868  108.3151
4162.39345944854  106.2186
4163.01169747839  105.4114
4163.62993550825  110.1884
4164.24817353811  114.2656
4164.86641156797  111.916
4165.48464959783  107.4295
4166.10288762768  106.6057
4166.72112565754  106.1413
4167.3393636874  104.5913
4167.95760171726  102.2882
4168.57583974712  99.98128
4169.19407777697  101.8259
4169.81231580683  105.2008
4170.43055383669  104.9983
4171.04879186654  105.7856
4171.6670298964  112.0027
4172.28526792626  115.4036
4172.90350595612  113.6882
4173.52174398598  117.053
4174.13998201583  118.9745
4174.75822004569  109.3997
4175.37645807555  102.333
4175.99469610541  102.6987
4176.61293413526  104.2281
4177.23117216512  107.7333
4177.84941019498  110.4714
4178.46764822484  106.8429
4179.0858862547  100.2358
4179.70412428455  101.1482
4180.32236231441  107.2729
4180.94060034427  109.3212
4181.55883837413  107.1963
4182.17707640398  103.8532
4182.79531443384  101.6043
4183.4135524637  105.5588
4184.03179049356  113.2159
4184.65002852341  114.2326
4185.26826655327  108.5086
4185.88650458313  105.9168
4186.50474261299  109.2171
4187.12298064284  113.2331
4187.7412186727  110.8392
4188.35945670256  106.8989
4188.97769473242  107.3948
4189.59593276228  105.2968
4190.21417079213  101.8064
4190.83240882199  102.6237
4191.45064685185  106.0383
4192.0688848817  105.274
4192.68712291156  106.2423
4193.30536094142  107.8043
4193.92359897128  105.0147
4194.54183700114  100.6028
4195.16007503099  99.7971
4195.77831306085  102.7846
4196.39655109071  105.0349
4197.01478912057  103.3897
4197.63302715043  105.0038
4198.25126518028  110.2301
4198.86950321014  111.3413
4199.48774124  109.5722
4200.10597926986  107.062
4200.72421729971  102.233
4201.34245532957  101.7311
4201.96069335943  108.2746
4202.57893138929  112.1678
4203.19716941914  109.0466
4203.815407449  104.5898
4204.43364547886  102.8992
4205.05188350872  103.6674
4205.67012153857  102.5901
4206.28835956843  101.9185
4206.90659759829  103.4972
4207.52483562815  106.4534
4208.14307365801  105.785
4208.76131168786  102.4696
4209.37954971772  98.93219
4209.99778774758  98.43253
4210.61602577743  99.06865
4211.23426380729  99.41475
4211.85250183715  106.115
4212.47073986701  114.2549
4213.08897789687  115.412
4213.70721592673  110.1882
4214.32545395658  102.7445
4214.94369198644  100.3442
4215.5619300163  105.6762
4216.18016804616  107.7438
4216.79840607601  101.6102
4217.41664410587  99.26872
4218.03488213573  101.6942
4218.65312016559  105.7946
4219.27135819544  111.5352
4219.8895962253  113.3874
4220.50783425516  112.081
4221.12607228502  110.6385
4221.74431031487  106.3969
4222.36254834473  102.1758
4222.98078637459  101.9694
4223.59902440445  102.6587
4224.21726243431  104.4912
4224.83550046416  107.8964
4225.45373849402  105.567
4226.07197652388  101.0614
4226.69021455374  101.1838
4227.30845258359  103.0223
4227.92669061345  104.0194
4228.54492864331  105.0074
4229.16316667317  107.4045
4229.78140470302  109.3297
4230.39964273288  107.0599
4231.01788076274  106.1584
4231.6361187926  110.1679
4232.25435682245  110.0015
4232.87259485231  104.9237
4233.49083288217  106.2339
4234.10907091203  111.0313
4234.72730894188  110.3454
4235.34554697174  106.2487
4235.9637850016  103.6919
4236.58202303146  105.0783
4237.20026106131  106.2572
4237.81849909117  106.3648
4238.43673712103  108.0064
4239.05497515089  102.5993
4239.67321318075  97.58217
4240.2914512106  104.6935
4240.90968924046  112.2417
4241.52792727032  110.9202
4242.14616530018  103.8033
4242.76440333004  98.56648
4243.38264135989  96.25681
4244.00087938975  95.91956
4244.61911741961  98.92197
4245.23735544947  105.5873
4245.85559347932  107.1006
4246.47383150918  101.9355
4247.09206953904  102.1616
4247.7103075689  104.1124
4248.32854559875  101.0399
4248.94678362861  100.8957
4249.56502165847  102.7491
4250.18325968833  97.45897
4250.80149771818  92.77213
4251.41973574804  98.18173
4252.0379737779  104.6492
4252.65621180776  103.9356
4253.27444983761  101.7724
4253.89268786747  102.3317
4254.51092589733  100.8937
4255.12916392719  98.02601
4255.74740195705  93.20149
4256.3656399869  93.24723
4256.98387801676  103.7946
4257.60211604662  112.0895
4258.22035407648  108.3567
4258.83859210633  101.7186
4259.45683013619  102.8941
4260.07506816605  106.5448
4260.69330619591  104.3647
4261.31154422576  102.0343
4261.92978225562  100.8653
4262.54802028548  96.70704
4263.16625831534  94.79593
4263.7844963452  99.89285
4264.40273437505  104.7181
4265.02097240491  104.6525
4265.63921043477  101.9871
4266.25744846463  99.44415
4266.87568649449  96.30714
4267.49392452434  90.54233
4268.1121625542  87.14673
4268.73040058406  90.83951
4269.34863861391  96.33715
4269.96687664377  98.20557
4270.58511467363  98.30276
4271.20335270349  101.1792
4271.82159073335  103.5231
4272.4398287632  104.4797
4273.05806679306  102.5748
4273.67630482292  100.8691
4274.29454285278  100.8341
4274.91278088263  100.7378
4275.53101891249  100.1342
4276.14925694235  100.0571
4276.76749497221  104.7514
4277.38573300206  113.6516
4278.00397103192  117.6389
4278.62220906178  116.9248
4279.24044709164  115.1189
4279.85868512149  113.7789
4280.47692315135  111.1619
4281.09516118121  105.2713
4281.71339921107  102.5425
4282.33163724092  104.8172
4282.94987527078  108.0512
4283.56811330064  108.0516
4284.1863513305  106.2036
4284.80458936036  110.7646
4285.42282739021  117.5953
4286.04106542007  118.7479
4286.65930344993  114.4642
4287.27754147979  109.5009
4287.89577950965  107.8062
4288.5140175395  112.0959
4289.13225556936  115.3808
4289.75049359922  112.1738
4290.36873162907  110.7604
4290.98696965893  117.4896
4291.60520768879  126.1971
4292.22344571865  128.2587
4292.84168374851  126.2767
4293.45992177836  125.5253
4294.07815980822  119.303
4294.69639783808  109.9332
4295.31463586794  108.9283
4295.93287389779  108.8769
4296.55111192765  107.5949
4297.16934995751  110.9004
4297.78758798737  116.0658
4298.40582601723  119.7271
4299.02406404708  118.5214
4299.64230207694  114.286
4300.2605401068  110.5372
4300.87877813665  111.9252
4301.49701616651  119.4572
4302.11525419637  130.3914
4302.73349222623  136.608
4303.35173025609  135.7612
4303.96996828594  133.6944
4304.5882063158  130.4774
4305.20644434566  124.5815
4305.82468237552  124.8557
4306.44292040538  130.9241
4307.06115843523  133.3891
4307.67939646509  128.2239
4308.29763449495  127.8728
4308.91587252481  135.0415
4309.53411055466  141.5731
4310.15234858452  145.0047
4310.77058661438  147.126
4311.38882464424  150.5793
4312.00706267409  155.2774
4312.62530070395  154.2566
4313.24353873381  147.835
4313.86177676367  148.3038
4314.48001479352  154.0634
4315.09825282338  155.9738
4315.71649085324  157.4159
4316.3347288831  163.2547
4316.95296691296  170.3336
4317.57120494281  175.7617
4318.18944297267  178.5364
4318.80768100253  177.5274
4319.42591903239  180.1896
4320.04415706224  188.3302
4320.6623950921  189.1079
4321.28063312196  182.9467
4321.89887115182  184.186
4322.51710918168  188.5306
4323.13534721153  191.0185
4323.75358524139  195.7124
4324.37182327125  203.4309
4324.9900613011  205.5928
4325.60829933096  204.45
4326.22653736082  203.4247
4326.84477539068  209.572
4327.46301342054  221.4918
4328.08125145039  230.3481
4328.69948948025  234.0678
4329.31772751011  237.6487
4329.93596553997  238.1347
4330.55420356982  236.3453
4331.17244159968  235.6015
4331.79067962954  236.7437
4332.4089176594  235.2881
4333.02715568926  227.882
4333.64539371911  219.9775
4334.26363174897  216.5011
4334.88186977883  212.8669
4335.50010780869  207.3986
4336.11834583854  206.7054
4336.7365838684  201.3998
4337.35482189826  187.6822
4337.97305992812  177.0774
4338.59129795797  171.4903
4339.20953598783  167.656
4339.82777401769  170.7132
4340.44601204755  181.8929
4341.0642500774  191.0981
4341.68248810726  192.619
4342.30072613712  197.1883
4342.91896416698  211.6476
4343.53720219684  223.5687
4344.15544022669  225.9875
4344.77367825655  227.475
4345.39191628641  232.2018
4346.01015431627  241.4659
4346.62839234612  246.9835
4347.24663037598  241.6137
4347.86486840584  239.6724
4348.4831064357  240.9968
4349.10134446555  241.7744
4349.71958249541  244.2793
4350.33782052527  241.9003
4350.95605855513  232.4958
4351.57429658498  220.3033
4352.19253461484  211.0682
4352.8107726447  205.3298
4353.42901067456  200.4817
4354.04724870442  197.7614
4354.66548673427  195.5391
4355.28372476413  192.2321
4355.90196279399  191.6492
4356.52020082385  192.5818
4357.1384388537  192.4771
4357.75667688356  191.4189
4358.37491491342  189.763
4358.99315294328  187.8983
4359.61139097314  186.6805
4360.22962900299  180.2469
4360.84786703285  168.1226
4361.46610506271  159.4404
4362.08434309257  163.1201
4362.70258112242  165.7927
4363.32081915228  160.4963
4363.93905718214  161.0589
4364.557295212  161.996
4365.17553324185  153.4083
4365.79377127171  145.1181
4366.41200930157  145.351
4367.03024733143  147.9776
4367.64848536128  149.283
4368.26672339114  147.6019
4368.884961421  146.3535
4369.50319945086  145.0391
4370.12143748072  139.4829
4370.73967551057  131.2933
4371.35791354043  125.5386
4371.97615157029  126.1683
4372.59438960015  129.6935
4373.21262763  131.4006
4373.83086565986  133.7915
4374.44910368972  134.6032
4375.06734171958  133.9951
4375.68557974944  135.8394
4376.30381777929  132.6408
4376.92205580915  126.1235
4377.54029383901  122.4137
4378.15853186886  118.4608
4378.77676989872  118.18
4379.39500792858  121.6411
4380.01324595844  124.3698
4380.63148398829  122.1057
4381.24972201815  120.4987
4381.86796004801  121.5848
4382.48619807787  118.9275
4383.10443610773  115.8377
4383.72267413758  115.1787
4384.34091216744  116.9457
4384.9591501973  121.1357
4385.57738822716  121.6974
4386.19562625702  118.1331
4386.81386428687  113.7367
4387.43210231673  113.4747
4388.05034034659  115.9685
4388.66857837644  118.9263
4389.2868164063  121.1915
4389.90505443616  121.038
4390.52329246602  119.2041
4391.14153049588  118.2037
4391.75976852573  118.0122
4392.37800655559  115.4555
4392.99624458545  111.0192
4393.61448261531  111.2252
4394.23272064517  117.8936
4394.85095867502  120.4981
4395.46919670488  118.7601
4396.08743473474  118.3449
4396.70567276459  117.4609
4397.32391079445  118.8245
4397.94214882431  117.0319
4398.56038685417  112.3852
4399.17862488402  110.7917
4399.79686291388  111.2069
4400.41510094374  112.6096
4401.0333389736  116.0173
4401.65157700346  119.3572
4402.26981503331  116.5564
4402.88805306317  113.6643
4403.50629109303  112.961
4404.12452912289  111.2966
4404.74276715274  112.8396
4405.3610051826  113.012
4405.97924321246  110.9385
4406.59748124232  110.9028
4407.21571927218  112.7988
4407.83395730203  114.1547
4408.45219533189  114.7867
4409.07043336175  116.4704
4409.68867139161  115.2883
4410.30690942146  110.9185
4410.92514745132  108.7763
4411.54338548118  111.1854
4412.16162351104  116.593
4412.7798615409  121.0787
4413.39809957075  122.6277
4414.01633760061  123.0907
4414.63457563047  121.725
4415.25281366032  116.0922
4415.87105169018  111.3801
4416.48928972004  113.4791
4417.1075277499  118.626
4417.72576577976  117.7643
4418.34400380961  112.2948
4418.96224183947  108.9311
4419.58047986933  110.6886
4420.19871789919  115.0063
4420.81695592904  116.5642
4421.4351939589  117.8286
4422.05343198876  117.8154
4422.67167001862  112.3929
4423.28990804847  111.8376
4423.90814607833  117.35
4424.52638410819  117.6402
4425.14462213805  115.9722
4425.76286016791  114.9549
4426.38109819776  110.2455
4426.99933622762  106.9004
4427.61757425748  110.8313
4428.23581228734  118.3216
4428.85405031719  121.0246
4429.47228834705  116.4378
4430.09052637691  114.526
4430.70876440677  115.944
4431.32700243663  111.3884
4431.94524046648  109.914
4432.56347849634  114.1018
4433.1817165262  117.4205
4433.79995455606  118.5955
4434.41819258591  119.2369
4435.03643061577  118.2178
4435.65466864563  119.6128
4436.27290667549  121.3882
4436.89114470534  120.5435
4437.5093827352  119.7005
4438.12762076506  120.4356
4438.74585879492  124.1559
4439.36409682477  122.5888
4439.98233485463  115.4966
4440.60057288449  113.0238
4441.21881091435  115.9555
4441.83704894421  121.3336
4442.45528697406  125.0127
4443.07352500392  127.0522
4443.69176303378  130.262
4444.31000106363  134.5402
4444.92823909349  134.3778
4445.54647712335  124.8121
4446.16471515321  119.8573
4446.78295318307  130.3891
4447.40119121292  140.4435
4448.01942924278  138.8071
4448.63766727264  133.5825
4449.2559053025  133.5742
4449.87414333236  134.9497
4450.49238136221  132.0226
4451.11061939207  127.4611
4451.72885742193  126.5256
4452.34709545179  136.4473
4452.96533348164  143.903
4453.5835715115  141.2731
4454.20180954136  137.9518
4454.82004757122  132.1928
4455.43828560107  132.298
4456.05652363093  137.9438
4456.67476166079  137.7163
4457.29299969065  137.1961
4457.91123772051  138.9764
4458.52947575036  139.8439
4459.14771378022  140.2556
4459.76595181008  142.4545
4460.38418983994  143.7735
4461.00242786979  138.6881
4461.62066589965  131.5298
4462.23890392951  128.2034
4462.85714195937  128.2195
4463.47537998922  131.3746
4464.09361801908  136.8465
4464.71185604894  138.7708
4465.3300940788  134.3574
4465.94833210865  127.114
4466.56657013851  122.2447
4467.18480816837  121.4928
4467.80304619823  119.0208
4468.42128422808  116.25
4469.03952225794  120.0734
4469.6577602878  122.9238
4470.27599831766  121.6389
4470.89423634752  119.8745
4471.51247437737  121.9658
4472.13071240723  131.8138
4472.74895043709  143.0392
4473.36718846695  144.1158
4473.98542649681  139.0855
4474.60366452666  136.1725
4475.22190255652  136.5084
4475.84014058638  136.2721
4476.45837861623  138.9802
4477.07661664609  146.4846
4477.69485467595  146.2117
4478.31309270581  141.0583
4478.93133073567  144.4081
4479.54956876552  151.3588
4480.16780679538  156.9904
4480.78604482524  159.3497
4481.4042828551  157.2343
4482.02252088495  153.7364
4482.64075891481  149.4197
4483.25899694467  142.9658
4483.87723497453  136.5858
4484.49547300439  139.6695
4485.11371103424  141.3644
4485.7319490641  143.2016
4486.35018709396  153.1462
4486.96842512381  155.9012
4487.58666315367  148.2092
4488.20490118353  146.306
4488.82313921339  146.544
4489.44137724325  140.5339
4490.0596152731  133.8215
4490.67785330296  130.7767
4491.29609133282  136.7261
4491.91432936268  147.6952
4492.53256739253  153.6338
4493.15080542239  153.1899
4493.76904345225  144.2935
4494.38728148211  132.6621
4495.00551951197  127.586
4495.62375754182  132.1757
4496.24199557168  138.4613
4496.86023360154  137.4008
4497.47847163139  133.704
4498.09670966125  136.1576
4498.71494769111  139.477
4499.33318572097  135.5768
4499.95142375083  127.1834
4500.56966178068  122.2492
4501.18789981054  124.1686
4501.8061378404  128.3657
4502.42437587026  130.5763
4503.04261390011  131.1447
4503.66085192997  131.9597
4504.27908995983  132.6026
4504.89732798969  131.1855
4505.51556601955  126.1745
4506.1338040494  116.8298
4506.75204207926  109.259
4507.37028010912  112.8031
4507.98851813898  120.7535
4508.60675616883  119.1607
4509.22499419869  114.8068
4509.84323222855  123.4776
4510.46147025841  134.9718
4511.07970828826  136.5967
4511.69794631812  129.1771
4512.31618434798  116.9985
4512.93442237784  114.4531
4513.5526604077  119.407
4514.17089843755  119.4461
4514.78913646741  115.2898
4515.40737449727  112.2775
4516.02561252713  113.3093
4516.64385055698  116.6224
4517.26208858684  113.4174
4517.8803266167  110.6656
4518.49856464656  111.5495
4519.11680267641  110.614
4519.73504070627  115.782
4520.35327873613  123.3135
4520.97151676599  127.0564
4521.58975479585  126.9637
4522.2079928257  121.4239
4522.82623085556  120.5866
4523.44446888542  125.3933
4524.06270691528  127.2099
4524.68094494513  126.2637
4525.29918297499  126.9495
4525.91742100485  125.3182
4526.53565903471  123.8751
4527.15389706456  122.3029
4527.77213509442  123.273
4528.39037312428  127.3726
4529.00861115414  127.5725
4529.62684918399  127.0592
4530.24508721385  128.9003
4530.86332524371  130.8203
4531.48156327357  131.1975
4532.09980130343  127.6159
4532.71803933328  123.6405
4533.33627736314  120.1355
4533.954515393  115.0512
4534.57275342286  115.0446
4535.19099145271  118.8085
4535.80922948257  124.6561
4536.42746751243  132.0988
4537.04570554229  137.5263
4537.66394357214  137.0803
4538.282181602  131.1933
4538.90041963186  121.9185
4539.51865766172  120.1266
4540.13689569157  126.7913
4540.75513372143  128.2591
4541.37337175129  125.4165
4541.99160978115  128.2539
4542.60984781101  132.2594
4543.22808584086  130.1392
4543.84632387072  129.7201
4544.46456190058  132.6411
4545.08279993044  132.0484
4545.7010379603  128.0505
4546.31927599015  127.4105
4546.93751402001  127.4548
4547.55575204987  128.2125
4548.17399007973  131.3386
4548.79222810958  128.2885
4549.41046613944  124.1677
4550.0287041693  128.3399
4550.64694219916  132.2549
4551.26518022901  128.9361
4551.88341825887  124.0877
4552.50165628873  121.472
4553.11989431859  125.3692
4553.73813234844  131.3161
4554.3563703783  127.9736
4554.97460840816  127.1737
4555.59284643802  132.4417
4556.21108446787  130.4492
4556.82932249773  124.7266
4557.44756052759  124.0725
4558.06579855745  127.5706
4558.6840365873  128.9571
4559.30227461716  126.7686
4559.92051264702  126.5145
4560.53875067688  131.574
4561.15698870674  133.2745
4561.77522673659  130.2379
4562.39346476645  131.2561
4563.01170279631  133.925
4563.62994082617  133.6282
4564.24817885602  132.8679
4564.86641688588  132.4307
4565.48465491574  131.0531
4566.1028929456  128.9237
4566.72113097545  127.8829
4567.33936900531  127.52
4567.95760703517  127.4032
4568.57584506503  128.6012
4569.19408309489  129.5904
4569.81232112474  129.0889
4570.4305591546  130.1529
4571.04879718446  134.2912
4571.66703521432  136.7765
4572.28527324418  133.3232
4572.90351127403  129.5125
4573.52174930389  128.2632
4574.13998733375  130.5372
4574.7582253636  138.2873
4575.37646339346  139.4315
4575.99470142332  131.8091
4576.61293945318  126.3812
4577.23117748304  130.0851
4577.84941551289  134.1652
4578.46765354275  126.2971
4579.08589157261  117.8237
4579.70412960247  123.8915
4580.32236763232  133.3598
4580.94060566218  132.3734
4581.55884369204  120.8798
4582.1770817219  117.983
4582.79531975175  127.4356
4583.41355778161  134.6199
4584.03179581147  129.169
4584.65003384133  123.9029
4585.26827187118  127.2244
4585.88650990104  129.093
4586.5047479309  130.7612
4587.12298596076  130.7045
4587.74122399061  129.1554
4588.35946202047  132.0423
4588.97770005033  135.8184
4589.59593808019  134.711
4590.21417611005  129.3721
4590.8324141399  127.12
4591.45065216976  125.3832
4592.06889019962  124.1674
4592.68712822948  129.5749
4593.30536625934  133.2766
4593.92360428919  136.2899
4594.54184231905  134.004
4595.16008034891  129.5674
4595.77831837876  134.3284
4596.39655640862  136.9945
4597.01479443848  135.6487
4597.63303246834  128.4277
4598.2512704982  119.9353
4598.86950852805  119.6678
4599.48774655791  123.9294
4600.10598458777  127.5973
4600.72422261763  132.5996
4601.34246064748  132.4872
4601.96069867734  128.1773
4602.5789367072  131.7323
4603.19717473706  135.3711
4603.81541276692  129.3629
4604.43365079677  121.5113
4605.05188882663  120.396
4605.67012685649  125.0931
4606.28836488635  124.5976
4606.9066029162  122.7156
4607.52484094606  121.6494
4608.14307897592  125.5912
4608.76131700578  129.2442
4609.37955503563  127.4053
4609.99779306549  126.3305
4610.61603109535  127.5755
4611.23426912521  128.019
4611.85250715507  127.33
4612.47074518492  127.6797
4613.08898321478  128.0641
4613.70722124464  130.4078
4614.3254592745  131.2932
4614.94369730435  128.0106
4615.56193533421  128.7548
4616.18017336407  132.3637
4616.79841139393  131.584
4617.41664942378  130.0082
4618.03488745364  128.5291
4618.6531254835  125.3929
4619.27136351336  123.1351
4619.88960154322  123.9359
4620.50783957307  126.5533
4621.12607760293  125.9474
4621.74431563279  126.0138
4622.36255366265  129.7784
4622.9807916925  130.2484
4623.59902972236  125.1755
4624.21726775222  122.0794
4624.83550578208  121.749
4625.45374381193  124.2429
4626.07198184179  126.7271
4626.69021987165  126.037
4627.30845790151  126.9443
4627.92669593136  130.1624
4628.54493396122  133.0902
4629.16317199108  131.3734
4629.78141002094  126.6616
4630.39964805079  122.1911
4631.01788608065  126.0011
4631.63612411051  133.9032
4632.25436214037  129.3923
4632.87260017023  123.4592
4633.49083820008  123.7366
4634.10907622994  125.9353
4634.7273142598  126.808
4635.34555228966  126.493
4635.96379031951  121.7496
4636.58202834937  120.3238
4637.20026637923  126.6099
4637.81850440909  129.7018
4638.43674243895  129.3969
4639.0549804688  133.396
4639.67321849866  136.7073
4640.29145652852  134.2844
4640.90969455838  132.8226
4641.52793258823  136.1439
4642.14617061809  141.2445
4642.76440864795  144.2157
4643.38264667781  143.5488
4644.00088470766  138.6593
4644.61912273752  134.0663
4645.23736076738  133.1528
4645.85559879724  135.0819
4646.47383682709  134.5665
4647.09207485695  137.3912
4647.71031288681  140.3223
4648.32855091667  136.7617
4648.94678894652  127.7124
4649.56502697638  126.0527
4650.18326500624  132.1473
4650.8015030361  136.2374
4651.41974106596  139.7424
4652.03797909581  144.8601
4652.65621712567  144.5257
4653.27445515553  139.909
4653.89269318539  134.7738
4654.51093121524  131.8251
4655.1291692451  132.9838
4655.74740727496  134.4499
4656.36564530482  140.5067
4656.98388333468  147.7764
4657.60212136453  150.1455
4658.22035939439  150.4237
4658.83859742425  147.585
4659.45683545411  141.194
4660.07507348396  139.0346
4660.69331151382  137.3881
4661.31154954368  132.512
4661.92978757354  134.8931
4662.54802560339  140.904
4663.16626363325  141.562
4663.78450166311  145.2241
4664.40273969297  148.1716
4665.02097772282  145.6597
4665.63921575268  143.0936
4666.25745378254  143.51
4666.8756918124  145.5015
4667.49392984226  147.3714
4668.11216787211  141.2903
4668.73040590197  131.417
4669.34864393183  127.692
4669.96688196169  131.2438
4670.58511999155  141.9851
4671.2033580214  146.3084
4671.82159605126  143.1528
4672.43983408112  143.7865
4673.05807211097  141.7188
4673.67631014083  134.7259
4674.29454817069  134.4814
4674.91278620055  140.8839
4675.53102423041  145.0038
4676.14926226026  140.8204
4676.76750029012  136.8839
4677.38573831998  134.874
4678.00397634984  132.5729
4678.62221437969  130.6489
4679.24045240955  130.8395
4679.85869043941  139.7592
4680.47692846927  150.1453
4681.09516649913  148.822
4681.71340452898  143.9259
4682.33164255884  147.354
4682.9498805887  147.3929
4683.56811861855  143.7384
4684.18635664841  141.9868
4684.80459467827  142.2356
4685.42283270813  144.5257
4686.04107073798  142.6466
4686.65930876784  141.1725
4687.2775467977  146.0036
4687.89578482756  154.7247
4688.51402285742  159.36
4689.13226088727  155.8902
4689.75049891713  154.0772
4690.36873694699  153.624
4690.98697497685  146.359
4691.60521300671  139.9557
4692.22345103656  143.4125
4692.84168906642  144.4225
4693.45992709628  141.8424
4694.07816512614  145.0694
4694.69640315599  146.3831
4695.31464118585  141.0256
4695.93287921571  137.4296
4696.55111724557  139.5051
4697.16935527542  140.7172
4697.78759330528  142.0559
4698.40583133514  144.3185
4699.024069365  146.0493
4699.64230739486  147.2144
4700.26054542471  142.9724
4700.87878345457  136.1209
4701.49702148443  137.2786
4702.11525951428  140.8983
4702.73349754414  140.4115
4703.351735574  139.486
4703.96997360386  140.6154
4704.58821163372  141.2141
4705.20644966357  140.0394
4705.82468769343  140.2963
4706.44292572329  147.088
4707.06116375315  157.9268
4707.679401783  159.3724
4708.29763981286  147.9994
4708.91587784272  138.7614
4709.53411587258  136.8085
4710.15235390243  134.9857
4710.77059193229  136.7823
4711.38882996215  140.8128
4712.00706799201  138.239
4712.62530602187  133.368
4713.24354405172  131.5354
4713.86178208158  131.4039
4714.48002011144  130.6938
4715.0982581413  127.1019
4715.71649617115  120.0815
4716.33473420101  113.7731
4716.95297223087  114.0318
4717.57121026073  120.7482
4718.18944829059  128.3444
4718.80768632044  134.4062
4719.4259243503  135.7507
4720.04416238016  134.9563
4720.66240041001  132.461
4721.28063843987  132.6467
4721.89887646973  131.3725
4722.51711449959  126.9251
4723.13535252945  123.4898
4723.7535905593  129.0904
4724.37182858916  138.0327
4724.99006661902  139.8327
4725.60830464888  138.3842
4726.22654267873  136.0833
4726.84478070859  131.3221
4727.46301873845  127.638
4728.08125676831  134.2711
4728.69949479816  143.9821
4729.31773282802  141.0253
4729.93597085788  128.6496
4730.55420888774  123.5861
4731.1724469176  127.2079
4731.79068494745  132.346
4732.40892297731  133.3135
4733.02716100717  133.6747
4733.64539903703  133.7999
4734.26363706688  128.1043
4734.88187509674  124.8905
4735.5001131266  126.5178
4736.11835115646  127.0467
4736.73658918631  125.7191
4737.35482721617  125.1149
4737.97306524603  125.4864
4738.59130327589  127.5681
4739.20954130575  127.4652
4739.8277793356  124.8258
4740.44601736546  120.5004
4741.06425539532  118.7978
4741.68249342518  119.5898
4742.30073145503  117.9676
4742.91896948489  120.6052
4743.53720751475  124.4025
4744.15544554461  122.4703
4744.77368357446  120.1843
4745.39192160432  122.1137
4746.01015963418  124.4415
4746.62839766404  123.0821
4747.24663569389  120.5248
4747.86487372375  121.2779
4748.48311175361  123.9214
4749.10134978347  120.8838
4749.71958781333  117.0526
4750.33782584318  119.3296
4750.95606387304  123.3867
4751.5743019029  125.4387
4752.19253993276  128.2425
4752.81077796261  128.2165
4753.42901599247  124.4898
4754.04725402233  121.0314
4754.66549205219  121.5708
4755.28373008205  125.2147
4755.9019681119  127.489
4756.52020614176  124.1838
4757.13844417162  124.9025
4757.75668220148  129.0813
4758.37492023133  125.7583
4758.99315826119  116.3255
4759.61139629105  114.2095
4760.22963432091  120.4927
4760.84787235076  126.0607
4761.46611038062  126.2115
4762.08434841048  122.2651
4762.70258644034  123.6915
4763.32082447019  129.2938
4763.93906250005  128.8964
4764.55730052991  123.611
4765.17553855977  118.5222
4765.79377658963  116.7356
4766.41201461948  118.5177
4767.03025264934  120.5656
4767.6484906792  120.4141
4768.26672870906  120.779
4768.88496673891  122.6182
4769.50320476877  121.2477
4770.12144279863  118.601
4770.73968082849  119.0917
4771.35791885834  123.4863
4771.9761568882  128.0981
4772.59439491806  128.8154
4773.21263294792  127.751
4773.83087097777  125.1156
4774.44910900763  121.1658
4775.06734703749  121.4531
4775.68558506735  124.9837
4776.30382309721  125.9375
4776.92206112706  121.1631
4777.54029915692  120.028
4778.15853718678  123.2287
4778.77677521664  120.3549
4779.39501324649  116.572
4780.01325127635  119.8145
4780.63148930621  124.8204
4781.24972733607  129.8927
4781.86796536592  130.2777
4782.48620339578  125.9115
4783.10444142564  120.3679
4783.7226794555  117.4441
4784.34091748535  121.1607
4784.95915551521  131.2491
4785.57739354507  136.1916
4786.19563157493  129.8442
4786.81386960479  120.4618
4787.43210763464  118.6075
4788.0503456645  122.434
4788.66858369436  118.845
4789.28682172422  114.9294
4789.90505975407  117.3733
4790.52329778393  120.8577
4791.14153581379  124.9924
4791.75977384365  130.0849
4792.3780118735  129.608
4792.99624990336  125.4967
4793.61448793322  123.4986
4794.23272596308  122.9825
4794.85096399294  128.2932
4795.46920202279  138.6395
4796.08744005265  140.809
4796.70567808251  135.8775
4797.32391611237  135.2521
4797.94215414222  137.0819
4798.56039217208  135.725
4799.17863020194  130.1096
4799.7968682318  124.7219
4800.41510626166  122.2679
4801.03334429151  122.4354
4801.65158232137  123.0398
4802.26982035123  126.8022
4802.88805838109  133.0173
4803.50629641094  134.6329
4804.1245344408  130.965
4804.74277247066  126.7834
4805.36101050052  119.9259
4805.97924853037  119.2617
4806.59748656023  122.9231
4807.21572459009  127.5089
4807.83396261995  135.3397
4808.45220064981  138.7551
4809.07043867966  133.0416
4809.68867670952  128.6152
4810.30691473938  134.8896
4810.92515276924  142.7458
4811.54339079909  143.1917
4812.16162882895  139.6906
4812.77986685881  139.0161
4813.39810488867  142.5625
4814.01634291852  143.9639
4814.63458094838  141.4627
4815.25281897824  137.4548
4815.8710570081  133.4565
4816.48929503795  133.7635
4817.10753306781  141.6974
4817.72577109767  144.9468
4818.34400912753  139.5047
4818.96224715739  135.1156
4819.58048518724  136.6835
4820.1987232171  144.3581
4820.81696124696  151.4636
4821.43519927682  147.0523
4822.05343730667  139.0013
4822.67167533653  139.28
4823.28991336639  145.1641
4823.90815139625  147.8736
4824.5263894261  148.1319
4825.14462745596  149.1364
4825.76286548582  150.9202
4826.38110351568  153.3274
4826.99934154554  152.5747
4827.61757957539  151.1271
4828.23581760525  153.6837
4828.85405563511  160.5382
4829.47229366497  168.3909
4830.09053169482  172.3896
4830.70876972468  171.2305
4831.32700775454  171.9925
4831.9452457844  180.9211
4832.56348381425  192.5105
4833.18172184411  201.5653
4833.79995987397  200.7267
4834.41819790383  194.4312
4835.03643593368  194.6352
4835.65467396354  196.0701
4836.2729119934  198.5395
4836.89115002326  202.7776
4837.50938805312  207.0999
4838.12762608297  210.7852
4838.74586411283  211.9308
4839.36410214269  218.2018
4839.98234017255  227.9854
4840.6005782024  228.2296
4841.21881623226  222.6986
4841.83705426212  221.3241
4842.45529229198  231.6079
4843.07353032183  241.883
4843.69176835169  245.5573
4844.31000638155  242.0977
4844.92824441141  238.8573
4845.54648244127  247.1638
4846.16472047112  262.0488
4846.78295850098  275.7983
4847.40119653084  286.7461
4848.0194345607  291.5637
4848.63767259055  297.9545
4849.25591062041  310.1422
4849.87414865027  319.2225
4850.49238668013  322.5408
4851.11062470998  321.9196
4851.72886273984  315.9185
4852.3471007697  311.8233
4852.96533879956  312.7209
4853.58357682942  307.8492
4854.20181485927  301.2526
4854.82005288913  295.4573
4855.43829091899  285.9729
4856.05652894885  272.0138
4856.6747669787  257.803
4857.29300500856  245.7208
4857.91124303842  239.0983
4858.52948106828  238.2918
4859.14771909813  239.8116
4859.76595712799  236.6505
4860.38419515785  238.5868
4861.00243318771  238.2846
4861.62067121756  235.2442
4862.23890924742  242.2629
4862.85714727728  248.3455
4863.47538530714  249.756
4864.09362333699  259.5259
4864.71186136685  276.4045
4865.33009939671  290.2726
4865.94833742657  295.556
4866.56657545643  301.9973
4867.18481348628  312.2958
4867.80305151614  317.0909
4868.421289546  314.9969
4869.03952757586  323.3466
4869.65776560571  332.9935
4870.27600363557  323.0623
4870.89424166543  309.1475
4871.51247969529  303.2011
4872.13071772514  293.4492
4872.748955755  288.3594
4873.36719378486  290.2374
4873.98543181472  286.9185
4874.60366984458  280.0745
4875.22190787443  278.9085
4875.84014590429  272.0121
4876.45838393415  255.1798
4877.07662196401  242.5542
4877.69485999386  238.4821
4878.31309802372  237.2774
4878.93133605358  230.8407
4879.54957408344  221.0489
4880.16781211329  217.5332
4880.78605014315  214.5001
4881.40428817301  208.368
4882.02252620287  206.9747
4882.64076423272  210.8367
4883.25900226258  203.957
4883.87724029244  195.5011
4884.4954783223  193.2417
4885.11371635216  191.6437
4885.73195438201  192.9421
4886.35019241187  194.0342
4886.96843044173  196.6021
4887.58666847159  188.9333
4888.20490650144  172.4946
4888.8231445313  167.3784
4889.44138256116  170.4637
4890.05962059102  167.6148
4890.67785862087  165.7445
4891.29609665073  166.7924
4891.91433468059  168.1636
4892.53257271045  166.9476
4893.15081074031  162.1738
4893.76904877016  163.2655
4894.38728680002  164.1102
4895.00552482988  157.3627
4895.62376285974  153.6417
4896.24200088959  159.9673
4896.86023891945  162.1819
4897.47847694931  158.74
4898.09671497917  161.9119
4898.71495300902  164.2624
4899.33319103888  157.8471
4899.95142906874  154.0709
4900.5696670986  155.6863
4901.18790512846  154.95
4901.80614315831  156.5654
4902.42438118817  162.1948
4903.04261921803  159.0233
4903.66085724789  147.6111
4904.27909527774  143.0893
4904.8973333076  145.4669
4905.51557133746  144.3276
4906.13380936732  139.6137
4906.75204739717  141.6832
4907.37028542703  145.0198
4907.98852345689  151.8709
4908.60676148675  157.699
4909.2249995166  159.0412
4909.84323754646  152.4387
4910.46147557632  143.1362
4911.07971360618  138.1865
4911.69795163604  137.7718
4912.31618966589  140.3067
4912.93442769575  148.1244
4913.55266572561  150.5894
4914.17090375547  146.7696
4914.78914178532  144.1411
4915.40737981518  142.6281
4916.02561784504  142.6444
4916.6438558749  140.1652
4917.26209390476  135.7687
4917.88033193461  134.3213
4918.49856996447  132.3645
4919.11680799433  130.9572
4919.73504602418  130.3068
4920.35328405404  129.4084
4920.9715220839  126.6718
4921.58976011376  121.5571
4922.20799814362  126.3414
4922.82623617347  139.3182
4923.44447420333  147.4795
4924.06271223319  145.5707
4924.68095026305  139.9709
4925.29918829291  138.1941
4925.91742632276  141.1227
4926.53566435262  144.593
4927.15390238248  144.051
4927.77214041234  142.5725
4928.39037844219  144.5222
4929.00861647205  145.2033
4929.62685450191  145.6136
4930.24509253177  151.9702
4930.86333056162  151.9543
4931.48156859148  150.441
4932.09980662134  152.675
4932.7180446512  152.1618
4933.33628268105  152.6225
4933.95452071091  154.5284
4934.57275874077  148.752
4935.19099677063  143.2345
4935.80923480048  147.83
4936.42747283034  153.5899
4937.0457108602  148.662
4937.66394889006  135.8097
4938.28218691992  134.8094
4938.90042494977  147.906
4939.51866297963  154.4824
4940.13690100949  149.8082
4940.75513903935  142.5147
4941.37337706921  136.6609
4941.99161509906  128.4399
4942.60985312892  127.0674
4943.22809115878  136.7269
4943.84632918864  143.8937
4944.46456721849  147.078
4945.08280524835  151.0962
4945.70104327821  151.737
4946.31928130807  145.7175
4946.93751933792  136.5521
4947.55575736778  131.3265
4948.17399539764  131.9881
4948.7922334275  136.9553
4949.41047145735  141.0704
4950.02870948721  140.953
4950.64694751707  137.0084
4951.26518554693  135.7731
4951.88342357678  136.3241
4952.50166160664  135.1005
4953.1198996365  133.3806
4953.73813766636  133.6062
4954.35637569622  134.4617
4954.97461372607  134.2618
4955.59285175593  133.5089
4956.21108978579  129.3197
4956.82932781565  123.0165
4957.4475658455  119.9188
4958.06580387536  121.4654
4958.68404190522  126.8685
4959.30227993508  131.8563
4959.92051796493  129.8347
4960.53875599479  122.4752
4961.15699402465  115.0382
4961.77523205451  114.9945
4962.39347008437  116.3103
4963.01170811422  117.0282
4963.62994614408  114.7549
4964.24818417394  115.2604
4964.8664222038  119.3236
4965.48466023365  121.9518
4966.10289826351  121.1833
4966.72113629337  121.0419
4967.33937432323  118.5846
4967.95761235308  113.9371
4968.57585038294  117.6253
4969.1940884128  125.4825
4969.81232644266  126.7907
4970.43056447251  126.7688
4971.04880250237  129.4536
4971.66704053223  130.788
4972.28527856209  131.8106
4972.90351659195  129.3557
4973.5217546218  125.9858
4974.13999265166  120.5004
4974.75823068152  116.7007
4975.37646871138  115.9849
4975.99470674123  116.3383
4976.61294477109  115.522
4977.23118280095  115.5836
4977.84942083081  117.5117
4978.46765886066  122.4821
4979.08589689052  120.1789
4979.70413492038  115.0743
4980.32237295024  115.2722
4980.94061098009  114.7206
4981.55884900995  115.6832
4982.17708703981  117.8169
4982.79532506967  114.9703
4983.41356309953  114.6799
4984.03180112938  121.0622
4984.65003915924  122.6891
4985.2682771891  123.6941
4985.88651521896  129.2285
4986.50475324881  132.4433
4987.12299127867  128.1287
4987.74122930853  123.2823
4988.35946733839  122.3052
4988.97770536824  121.3752
4989.5959433981  124.3703
4990.21418142796  131.339
4990.83241945782  131.873
4991.45065748768  129.2292
4992.06889551753  128.9974
4992.68713354739  129.0766
4993.30537157725  130.8311
4993.92360960711  133.8956
4994.54184763696  135.3605
4995.16008566682  138.2708
4995.77832369668  141.0101
4996.39656172654  141.0757
4997.01479975639  138.4459
4997.63303778625  133.3851
4998.25127581611  128.9843
4998.86951384597  131.2592
4999.48775187583  133.6483
5000.10598990568  128.3005
5000.72422793554  124.119
5001.3424659654  127.4604
5001.96070399526  130.7506
5002.57894202511  127.5049
5003.19718005497  126.4394
5003.81541808483  127.5979
5004.43365611469  129.7558
5005.05189414455  130.6478
5005.6701321744  129.4911
5006.28837020426  130.4722
5006.90660823412  135.5737
5007.52484626397  137.2812
5008.14308429383  133.9372
5008.76132232369  134.2493
5009.37956035355  133.4238
5009.99779838341  130.9493
5010.61603641326  126.2501
5011.23427444312  125.3485
5011.85251247298  131.2781
5012.47075050284  131.681
5013.08898853269  127.5552
5013.70722656255  122.3607
5014.32546459241  118.1431
5014.94370262227  119.5549
5015.56194065213  119.9677
5016.18017868198  121.6946
5016.79841671184  127.4461
5017.4166547417  134.2325
5018.03489277155  136.3248
5018.65313080141  137.3219
5019.27136883127  138.666
5019.88960686113  134.969
5020.50784489099  131.6315
5021.12608292084  134.9742
5021.7443209507  133.3392
5022.36255898056  130.9343
5022.98079701042  135.5624
5023.59903504028  138.989
5024.21727307013  137.1572
5024.83551109999  136.3111
5025.45374912985  139.1328
5026.07198715971  142.5689
5026.69022518956  145.0997
5027.30846321942  140.7096
5027.92670124928  134.4442
5028.54493927914  137.0614
5029.16317730899  142.0709
5029.78141533885  142.3535
5030.39965336871  140.7992
5031.01789139857  138.6772
5031.63612942842  137.7216
5032.25436745828  136.4688
5032.87260548814  138.0687
5033.490843518  140.2446
5034.10908154786  142.1211
5034.72731957771  140.0605
5035.34555760757  136.3439
5035.96379563743  139.3957
5036.58203366729  141.4221
5037.20027169714  135.332
5037.818509727  131.5493
5038.43674775686  134.8433
5039.05498578672  138.7986
5039.67322381658  140.7125
5040.29146184643  142.7112
5040.90969987629  144.166
5041.52793790615  141.3787
5042.146175936  142.1334
5042.76441396586  140.7939
5043.38265199572  136.2585
5044.00089002558  135.5906
5044.61912805544  135.7154
5045.23736608529  133.2089
5045.85560411515  131.8768
5046.47384214501  132.3652
5047.09208017487  129.0804
5047.71031820472  125.7143
5048.32855623458  127.879
5048.94679426444  132.8972
5049.5650322943  133.8158
5050.18327032415  131.3705
5050.80150835401  131.2685
5051.41974638387  134.9059
5052.03798441373  138.1432
5052.65622244359  139.6266
5053.27446047344  137.1412
5053.8926985033  134.8777
5054.51093653316  137.4457
5055.12917456302  139.5809
5055.74741259287  139.2808
5056.36565062273  137.7117
5056.98388865259  138.0886
5057.60212668245  142.1335
5058.22036471231  144.7014
5058.83860274216  140.6695
5059.45684077202  136.8732
5060.07507880188  136.4674
5060.69331683174  137.6657
5061.31155486159  138.5388
5061.92979289145  135.9123
5062.54803092131  136.0143
5063.16626895117  138.9496
5063.78450698102  137.4432
5064.40274501088  137.0436
5065.02098304074  136.2625
5065.6392210706  139.3491
5066.25745910045  147.5898
5066.87569713031  152.2317
5067.49393516017  149.913
5068.11217319003  142.0258
5068.73041121988  135.5518
5069.34864924974  136.4569
5069.9668872796  141.6002
5070.58512530946  144.6568
5071.20336333932  143.2134
5071.82160136917  138.8015
5072.43983939903  137.3074
5073.05807742889  136.9403
5073.67631545875  136.1144
5074.2945534886  140.3288
5074.91279151846  145.1958
5075.53102954832  144.1781
5076.14926757818  139.0848
5076.76750560803  136.2959
5077.38574363789  137.8521
5078.00398166775  138.8519
5078.62221969761  137.4807
5079.24045772746  138.0174
5079.85869575732  143.0143
5080.47693378718  147.345
5081.09517181704  147.441
5081.7134098469  140.7753
5082.33164787676  130.8572
5082.94988590661  122.8572
5083.56812393647  121.2095
5084.18636196633  121.0407
5084.80459999618  125.1785
5085.42283802604  131.4191
5086.0410760559  135.5379
5086.65931408576  140.7921
5087.27755211562  142.9657
5087.89579014547  140.9266
5088.51402817533  133.5351
5089.13226620519  126.776
5089.75050423505  128.3656
5090.3687422649  130.8167
5090.98698029476  132.4886
5091.60521832462  134.6407
5092.22345635448  137.4043
5092.84169438434  137.4031
5093.45993241419  134.5417
5094.07817044405  131.476
5094.69640847391  128.7745
5095.31464650376  128.84
5095.93288453362  135.6227
5096.55112256348  142.7331
5097.16936059334  142.2653
5097.7875986232  140.0717
5098.40583665305  141.9197
5099.02407468291  142.1892
5099.64231271277  140.5639
5100.26055074263  136.7516
5100.87878877248  133.696
5101.49702680234  132.0875
5102.1152648322  136.2704
5102.73350286206  138.4231
5103.35174089191  133.0411
5103.96997892177  129.0644
5104.58821695163  129.832
5105.20645498149  133.0942
5105.82469301135  136.0984
5106.4429310412  136.3049
5107.06116907106  133.9473
5107.67940710092  131.0462
5108.29764513078  132.482
5108.91588316063  140.5905
5109.53412119049  143.0147
5110.15235922035  140.6834
5110.77059725021  142.0851
5111.38883528006  142.7036
5112.00707330992  146.3942
5112.62531133978  147.7869
5113.24354936964  145.4273
5113.8617873995  145.319
5114.48002542935  147.0427
5115.09826345921  145.085
5115.71650148907  138.6257
5116.33473951892  135.4465
5116.95297754878  137.3765
5117.57121557864  138.6226
5118.1894536085  141.3214
5118.80769163836  146.2692
5119.42592966821  144.3649
5120.04416769807  137.1005
5120.66240572793  134.1941
5121.28064375779  139.7918
5121.89888178765  144.7789
5122.5171198175  143.2224
5123.13535784736  143.6742
5123.75359587722  143.5652
5124.37183390708  141.0273
5124.99007193693  141.9495
5125.60830996679  142.0094
5126.22654799665  137.3237
5126.84478602651  129.4251
5127.46302405636  126.8524
5128.08126208622  131.4151
5128.69950011608  137.6906
5129.31773814594  138.1311
5129.9359761758  138.9466
5130.55421420565  142.229
5131.17245223551  140.4983
5131.79069026537  140.4489
5132.40892829522  143.9972
5133.02716632508  145.245
5133.64540435494  141.7397
5134.2636423848  132.1692
5134.88188041466  129.8079
5135.50011844451  134.3896
5136.11835647437  134.0974
5136.73659450423  132.9111
5137.35483253409  131.4726
5137.97307056394  134.0653
5138.5913085938  135.0256
