3889.6083984375  49.72663
3890.22644822141  48.97419
3890.84449800532  52.29728
3891.46254778923  58.17665
3892.08059757314  62.55738
3892.69864735705  62.83672
3893.31669714096  60.49345
3893.93474692487  62.73143
3894.55279670878  69.25967
3895.17084649269  73.00832
3895.7888962766  74.29978
3896.40694606051  76.65272
3897.02499584442  77.20354
3897.64304562833  78.98309
3898.26109541224  82.57336
3898.87914519615  83.20579
3899.49719498006  80.89327
3900.11524476397  78.97277
3900.73329454788  77.95719
3901.35134433179  76.76238
3901.9693941157  75.48131
3902.5874438996  74.71481
3903.20549368351  72.15623
3903.82354346742  72.47813
3904.44159325133  77.3389
3905.05964303524  76.16995
3905.67769281915  71.67944
3906.29574260306  74.81268
3906.91379238697  78.52135
3907.53184217088  78.13298
3908.14989195479  78.54544
3908.7679417387  80.45737
3909.38599152261  81.1419
3910.00404130652  77.20281
3910.62209109043  70.28345
3911.24014087434  64.84856
3911.85819065825  62.15422
3912.47624044216  62.8253
3913.09429022607  64.46377
3913.71234000998  66.06867
3914.33038979389  66.97002
3914.9484395778  67.67442
3915.56648936171  67.90569
3916.18453914562  66.2897
3916.80258892953  66.78229
3917.42063871343  70.70713
3918.03868849734  72.80141
3918.65673828125  71.33524
3919.27478806516  68.32285
3919.89283784907  67.03912
3920.51088763298  67.58393
3921.12893741689  66.87052
3921.7469872008  66.00095
3922.36503698471  70.31942
3922.98308676862  78.78219
3923.60113655253  83.57116
3924.21918633644  83.67496
3924.83723612035  82.19765
3925.45528590426  82.2263
3926.07333568817  83.52689
3926.69138547208  81.63891
3927.30943525599  79.38096
3927.9274850399  80.92345
3928.54553482381  80.76013
3929.16358460772  76.96424
3929.78163439163  72.2783
3930.39968417554  69.21844
3931.01773395945  69.74854
3931.63578374336  73.73618
3932.25383352727  76.14426
3932.87188331117  74.54992
3933.48993309508  73.93421
3934.10798287899  75.51262
3934.7260326629  78.54376
3935.34408244681  79.82085
3935.96213223072  80.00057
3936.58018201463  81.75523
3937.19823179854  84.63833
3937.81628158245  87.86617
3938.43433136636  89.41117
3939.05238115027  89.68703
3939.67043093418  89.19118
3940.28848071809  89.58926
3940.906530502  91.66153
3941.52458028591  92.50517
3942.14263006982  94.42074
3942.76067985373  100.3524
3943.37872963764  104.7418
3943.99677942155  104.234
3944.61482920546  100.7167
3945.23287898937  98.2746
3945.85092877328  100.019
3946.46897855718  102.6422
3947.08702834109  102.4828
3947.705078125  102.857
3948.32312790891  103.7823
3948.94117769282  104.2454
3949.55922747673  106.0772
3950.17727726064  106.7383
3950.79532704455  107.5941
3951.41337682846  111.817
3952.03142661237  112.8041
3952.64947639628  109.8031
3953.26752618019  109.3654
3953.8855759641  113.2868
3954.50362574801  119.2643
3955.12167553192  123.5005
3955.73972531583  125.2982
3956.35777509974  125.3453
3956.97582488365  125.7813
3957.59387466756  128.1519
3958.21192445147  131.7278
3958.82997423538  135.0061
3959.44802401929  133.5867
3960.0660738032  131.2462
3960.6841235871  131.1167
3961.30217337101  128.3274
3961.92022315492  123.2231
3962.53827293883  120.381
3963.15632272274  121.1181
3963.77437250665  123.2898
3964.39242229056  123.4239
3965.01047207447  119.7931
3965.62852185838  111.5187
3966.24657164229  101.8819
3966.8646214262  97.66572
3967.48267121011  99.00433
3968.10072099402  99.50707
3968.71877077793  101.1513
3969.33682056184  107.118
3969.95487034575  113.3074
3970.57292012966  121.4019
3971.19096991357  128.5541
3971.80901969748  126.398
3972.42706948139  120.4412
3973.0451192653  121.5458
3973.66316904921  129.4666
3974.28121883312  133.9929
3974.89926861702  133.9173
3975.51731840093  133.5607
3976.13536818484  135.4168
3976.75341796875  139.3721
3977.37146775266  141.8779
3977.98951753657  143.5757
3978.60756732048  144.1006
3979.22561710439  140.5644
3979.8436668883  137.8401
3980.46171667221  136.2898
3981.07976645612  131.9048
3981.69781624003  129.893
3982.31586602394  131.772
3982.93391580785  131.6739
3983.55196559176  130.0282
3984.17001537567  126.2504
3984.78806515958  123.1513
3985.40611494349  123.2225
3986.0241647274  120.6999
3986.64221451131  116.4102
3987.26026429522  115.2953
3987.87831407913  113.6367
3988.49636386304  110.8672
3989.11441364694  108.8447
3989.73246343085  107.802
3990.35051321476  105.878
3990.96856299867  103.6822
3991.58661278258  101.4679
3992.20466256649  100.8615
3992.8227123504  98.22437
3993.44076213431  90.30909
3994.05881191822  91.02697
3994.67686170213  93.98902
3995.29491148604  91.33982
3995.91296126995  89.04352
3996.53101105386  88.73887
3997.14906083777  88.76632
3997.76711062168  87.17673
3998.38516040559  87.16573
3999.0032101895  88.61774
3999.62125997341  88.16013
4000.23930975732  86.63845
4000.85735954123  85.78027
4001.47540932514  86.47177
4002.09345910905  90.59389
4002.71150889296  93.81561
4003.32955867687  92.11192
4003.94760846077  87.90888
4004.56565824469  85.33496
4005.18370802859  87.16702
4005.8017578125  93.41788
4006.41980759641  97.1255
4007.03785738032  94.56828
4007.65590716423  88.60384
4008.27395694814  84.52179
4008.89200673205  85.77106
4009.51005651596  88.94376
4010.12810629987  89.84626
4010.74615608378  91.20512
4011.36420586769  94.34231
4011.9822556516  96.15649
4012.60030543551  93.63663
4013.21835521942  90.47744
4013.83640500333  90.50341
4014.45445478724  91.8736
4015.07250457115  94.65232
4015.69055435506  97.50747
4016.30860413897  96.35727
4016.92665392288  90.99918
4017.54470370678  87.76827
4018.1627534907  90.91644
4018.7808032746  95.15101
4019.39885305851  92.80844
4020.01690284242  87.96374
4020.63495262633  86.29267
4021.25300241024  82.97855
4021.87105219415  79.6143
4022.48910197806  80.23787
4023.10715176197  80.35233
4023.72520154588  80.94033
4024.34325132979  83.00452
4024.9613011137  82.8344
4025.57935089761  81.47754
4026.19740068152  85.52253
4026.81545046543  91.47821
4027.43350024934  91.08127
4028.05155003325  89.49349
4028.66959981716  90.95763
4029.28764960107  92.89697
4029.90569938498  90.96297
4030.52374916889  88.86617
4031.1417989528  91.92381
4031.75984873671  91.48214
4032.37789852062  90.39618
4032.99594830453  94.75062
4033.61399808843  98.53799
4034.23204787234  97.62449
4034.85009765625  93.93627
4035.46814744016  94.78455
4036.08619722407  98.13858
4036.70424700798  95.98882
4037.32229679189  93.71371
4037.9403465758  95.33468
4038.55839635971  96.22755
4039.17644614362  94.80325
4039.79449592753  93.94888
4040.41254571144  93.75051
4041.03059549535  93.20261
4041.64864527926  94.22779
4042.26669506317  96.64368
4042.88474484708  98.44102
4043.50279463099  96.87719
4044.1208444149  92.75674
4044.73889419881  91.92849
4045.35694398272  93.97286
4045.97499376663  94.15057
4046.59304355054  94.95923
4047.21109333445  95.95795
4047.82914311835  92.87292
4048.44719290226  93.38023
4049.06524268617  94.75027
4049.68329247008  94.91071
4050.30134225399  95.28491
4050.9193920379  92.17743
4051.53744182181  89.09433
4052.15549160572  87.18545
4052.77354138963  84.66283
4053.39159117354  86.73989
4054.00964095745  94.49033
4054.62769074136  98.87437
4055.24574052527  93.3586
4055.86379030918  85.90533
4056.48184009309  84.36092
4057.099889877  88.31144
4057.71793966091  93.84043
4058.33598944482  96.30228
4058.95403922873  97.84768
4059.57208901264  97.79328
4060.19013879655  93.93098
4060.80818858045  90.91004
4061.42623836436  90.51562
4062.04428814827  91.89136
4062.66233793218  96.05634
4063.28038771609  102.0316
4063.8984375  101.1949
4064.51648728391  95.25989
4065.13453706782  94.46066
4065.75258685173  97.73013
4066.37063663564  104.4085
4066.98868641955  110.91
4067.60673620346  109.8156
4068.22478598737  104.8613
4068.84283577128  102.84
4069.46088555519  105.6166
4070.0789353391  108.8646
4070.69698512301  109.5345
4071.31503490692  111.2077
4071.93308469083  113.9515
4072.55113447474  114.1543
4073.16918425865  111.317
4073.78723404256  108.0103
4074.40528382647  109.1556
4075.02333361038  115.9223
4075.64138339428  124.726
4076.25943317819  128.6216
4076.8774829621  127.5277
4077.49553274601  121.5834
4078.11358252992  115.0008
4078.73163231383  116.6927
4079.34968209774  125.3619
4079.96773188165  133.6515
4080.58578166556  138.005
4081.20383144947  140.8728
4081.82188123338  146.5858
4082.43993101729  152.1935
4083.0579808012  153.9653
4083.67603058511  154.3381
4084.29408036902  154.159
4084.91213015293  153.7215
4085.53017993684  156.0489
4086.14822972075  163.2227
4086.76627950466  172.4376
4087.38432928857  178.5445
4088.00237907248  182.9528
4088.62042885639  186.8354
4089.2384786403  187.4099
4089.85652842421  184.2303
4090.47457820811  184.983
4091.09262799202  189.6266
4091.71067777593  188.1108
4092.32872755984  186.4925
4092.94677734375  190.4071
4093.56482712766  192.6577
4094.18287691157  188.1201
4094.80092669548  182.0436
4095.41897647939  177.4977
4096.0370262633  172.4304
4096.65507604721  166.0343
4097.27312583112  156.3096
4097.89117561503  143.2346
4098.50922539894  133.9646
4099.12727518285  132.9865
4099.74532496676  135.0635
4100.36337475067  134.9295
4100.98142453458  135.2638
4101.59947431849  141.1671
4102.2175241024  144.9043
4102.83557388631  150.8807
4103.45362367022  162.9529
4104.07167345413  169.7757
4104.68972323804  170.4873
4105.30777302194  175.473
4105.92582280585  185.5705
4106.54387258976  189.9231
4107.16192237367  188.8262
4107.77997215758  190.5311
4108.39802194149  192.4404
4109.0160717254  191.5184
4109.63412150931  191.0926
4110.25217129322  193.7168
4110.87022107713  198.1098
4111.48827086104  201.8587
4112.10632064495  196.5952
4112.72437042886  186.1226
4113.34242021277  183.8879
4113.96046999668  190.9558
4114.57851978059  191.1088
4115.1965695645  181.7554
4115.81461934841  172.1408
4116.43266913232  166.8665
4117.05071891623  163.2465
4117.66876870014  160.6159
4118.28681848405  159.6928
4118.90486826796  162.0639
4119.52291805186  161.4532
4120.14096783577  155.678
4120.75901761968  152.3409
4121.37706740359  148.2554
4121.9951171875  142.5955
4122.61316697141  140.6177
4123.23121675532  139.6353
4123.84926653923  138.8158
4124.46731632314  139.8428
4125.08536610705  138.6978
4125.70341589096  134.0621
4126.32146567487  129.9188
4126.93951545878  125.2739
4127.55756524269  124.6807
4128.1756150266  126.5757
4128.79366481051  123.8576
4129.41171459442  120.166
4130.02976437833  118.6496
4130.64781416224  116.7201
4131.26586394615  114.718
4131.88391373006  113.8708
4132.50196351397  112.9407
4133.12001329788  110.3714
4133.73806308179  110.8914
4134.35611286569  112.4579
4134.9741626496  108.61
4135.59221243351  105.8835
4136.21026221742  103.8758
4136.82831200133  101.9293
4137.44636178524  102.3272
4138.06441156915  105.0939
4138.68246135306  108.5038
4139.30051113697  108.9023
4139.91856092088  101.8659
4140.53661070479  93.70853
4141.1546604887  90.44843
4141.77271027261  93.10879
4142.39076005652  97.8807
4143.00880984043  98.65366
4143.62685962434  94.81985
4144.24490940825  94.68884
4144.86295919216  96.54688
4145.48100897607  96.51933
4146.09905875998  98.88556
4146.71710854389  103.4198
4147.33515832779  104.7638
4147.95320811171  100.441
4148.57125789561  99.15717
4149.18930767952  100.527
4149.80735746343  98.82104
4150.42540724734  95.47943
4151.04345703125  92.05558
4151.66150681516  90.93481
4152.27955659907  94.40745
4152.89760638298  100.6412
4153.51565616689  103.1531
4154.1337059508  101.7532
4154.75175573471  98.48823
4155.36980551862  96.25822
4155.98785530253  96.46529
4156.60590508644  94.76657
4157.22395487035  90.54626
4157.84200465426  90.28092
4158.46005443817  93.37744
4159.07810422208  94.64972
4159.69615400599  95.75266
4160.3142037899  98.88056
4160.93225357381  99.46644
4161.55030335772  98.08987
4162.16835314163  96.07327
4162.78640292554  95.19361
4163.40445270945  94.08911
4164.02250249335  91.09518
4164.64055227726  91.62948
4165.25860206117  92.29312
4165.87665184508  91.7229
4166.49470162899  92.4405
4167.1127514129  91.30135
4167.73080119681  88.70231
4168.34885098072  89.33887
4168.96690076463  93.80389
4169.58495054854  99.04907
4170.20300033245  98.73502
4170.82105011636  94.08163
4171.43909990027  91.43848
4172.05714968418  90.51324
4172.67519946809  89.95057
4173.293249252  88.4448
4173.91129903591  86.94193
4174.52934881982  86.61182
4175.14739860373  88.40088
4175.76544838764  94.5755
4176.38349817155  99.07688
4177.00154795545  97.32935
4177.61959773936  90.76942
4178.23764752327  87.49978
4178.85569730718  90.29089
4179.47374709109  90.94729
4180.091796875  90.8063
4180.70984665891  91.09671
4181.32789644282  90.88572
4181.94594622673  90.90385
4182.56399601064  94.91067
4183.18204579455  100.8968
4183.80009557846  99.66549
4184.41814536237  94.29044
4185.03619514628  94.43195
4185.65424493019  97.71922
4186.2722947141  97.45698
4186.89034449801  92.72378
4187.50839428192  91.04156
4188.12644406583  91.29295
4188.74449384974  88.88796
4189.36254363365  87.65125
4189.98059341756  90.29877
4190.59864320147  92.68518
4191.21669298538  92.48942
4191.83474276929  93.13342
4192.4527925532  95.63322
4193.0708423371  93.60309
4193.68889212101  87.67948
4194.30694190492  86.99282
4194.92499168883  90.99635
4195.54304147274  95.62997
4196.16109125665  98.15267
4196.77914104056  95.64905
4197.39719082447  93.65338
4198.01524060838  98.1438
4198.63329039229  100.3333
4199.2513401762  94.80651
4199.86938996011  90.34722
4200.48743974402  90.45486
4201.10548952793  93.39414
4201.72353931184  94.61178
4202.34158909575  91.74786
4202.95963887966  92.55354
4203.57768866357  93.88338
4204.19573844748  91.37382
4204.81378823139  87.42918
4205.4318380153  86.21088
4206.0498877992  88.51354
4206.66793758311  92.91386
4207.28598736702  96.8066
4207.90403715093  97.08421
4208.52208693484  91.76936
4209.14013671875  82.64865
4209.75818650266  82.27753
4210.37623628657  89.54154
4210.99428607048  94.48345
4211.61233585439  94.57037
4212.2303856383  94.33362
4212.84843542221  96.65743
4213.46648520612  94.41134
4214.08453499003  89.84219
4214.70258477394  89.32883
4215.32063455785  91.82104
4215.93868434176  94.74438
4216.55673412567  95.66683
4217.17478390958  94.69242
4217.79283369349  91.45922
4218.4108834774  89.09423
4219.0289332613  89.11684
4219.64698304521  89.32841
4220.26503282913  90.06063
4220.88308261303  89.87157
4221.50113239695  90.72925
4222.11918218085  89.71282
4222.73723196476  87.24464
4223.35528174867  89.47288
4223.97333153258  92.19409
4224.59138131649  91.12263
4225.2094311004  88.46433
4225.82748088431  83.93658
4226.44553066822  83.2524
4227.06358045213  89.16984
4227.68163023604  91.33382
4228.29968001995  90.24653
4228.91772980386  90.43618
4229.53577958777  90.33308
4230.15382937168  92.65662
4230.77187915559  93.35125
4231.3899289395  92.02689
4232.00797872341  92.21375
4232.62602850732  90.9746
4233.24407829123  89.61971
4233.86212807514  90.16169
4234.48017785904  88.68213
4235.09822764296  86.11346
4235.71627742686  88.906
4236.33432721077  92.9314
4236.95237699468  93.23989
4237.57042677859  92.29999
4238.1884765625  90.77381
4238.80652634641  86.9595
4239.42457613032  87.328
4240.04262591423  91.91724
4240.66067569814  94.24002
4241.27872548205  93.66593
4241.89677526596  89.8782
4242.51482504987  85.78607
4243.13287483378  87.06074
4243.75092461769  91.15784
4244.3689744016  88.96236
4244.98702418551  83.68809
4245.60507396942  84.15118
4246.22312375333  90.6544
4246.84117353724  93.85465
4247.45922332115  90.50341
4248.07727310506  91.08157
4248.69532288897  97.26385
4249.31337267288  95.57937
4249.93142245678  88.57635
4250.54947224069  89.00317
4251.1675220246  92.48129
4251.78557180851  92.70031
4252.40362159242  88.85873
4253.02167137633  87.64166
4253.63972116024  89.0684
4254.25777094415  89.0679
4254.87582072806  86.06075
4255.49387051197  82.18089
4256.11192029588  82.41093
4256.72997007979  83.09074
4257.3480198637  83.47945
4257.96606964761  87.0839
4258.58411943152  89.36685
4259.20216921543  87.18011
4259.82021899934  87.57691
4260.43826878325  93.02362
4261.05631856716  97.97688
4261.67436835107  94.94329
4262.29241813498  86.64278
4262.91046791889  82.92199
4263.5285177028  83.7797
4264.14656748671  84.78202
4264.76461727061  85.61575
4265.38266705452  86.28483
4266.00071683843  86.10918
4266.61876662234  83.68591
4267.23681640625  83.15942
4267.85486619016  87.46061
4268.47291597407  89.56113
4269.09096575798  90.16593
4269.70901554189  92.06158
4270.3270653258  91.89982
4270.94511510971  88.70548
4271.56316489362  85.54226
4272.18121467753  87.06454
4272.79926446144  91.4249
4273.41731424535  91.22705
4274.03536402926  88.28771
4274.65341381317  89.79124
4275.27146359708  89.91544
4275.88951338099  87.78235
4276.5075631649  87.67995
4277.12561294881  89.07166
4277.74366273272  91.98074
4278.36171251662  95.59283
4278.97976230053  97.12853
4279.59781208444  95.51011
4280.21586186835  94.16508
4280.83391165226  92.9068
4281.45196143617  92.79838
4282.07001122008  95.19051
4282.68806100399  95.20496
4283.3061107879  92.07324
4283.92416057181  93.78733
4284.54221035572  96.76426
4285.16026013963  95.22123
4285.77830992354  91.95415
4286.39635970745  89.76281
4287.01440949136  88.36115
4287.63245927527  87.92471
4288.25050905918  91.6041
4288.86855884309  94.22596
4289.486608627  94.87778
4290.10465841091  98.39466
4290.72270819482  103.0317
4291.34075797873  103.1714
4291.95880776264  100.7592
4292.57685754654  99.67258
4293.19490733045  101.9297
4293.81295711436  103.7604
4294.43100689827  103.7642
4295.04905668218  107.4948
4295.66710646609  107.0634
4296.28515625  104.137
4296.90320603391  104.8396
4297.52125581782  105.3968
4298.13930560173  104.8297
4298.75735538564  101.8391
4299.37540516955  97.36851
4299.99345495346  94.10426
4300.61150473737  95.17224
4301.22955452128  98.04417
4301.84760430519  98.66156
4302.4656540891  101.5261
4303.08370387301  104.787
4303.70175365692  105.7665
4304.31980344083  106.1042
4304.93785322474  107.1868
4305.55590300865  108.5314
4306.17395279256  110.3141
4306.79200257647  113.021
4307.41005236037  114.5567
4308.02810214428  116.3983
4308.64615192819  120.1774
4309.2642017121  123.3569
4309.88225149601  124.162
4310.50030127992  121.5633
4311.11835106383  121.5054
4311.73640084774  126.83
4312.35445063165  133.0635
4312.97250041556  140.8041
4313.59055019947  147.0789
4314.20859998338  144.5499
4314.82664976729  139.2136
4315.4446995512  140.7807
4316.06274933511  145.7796
4316.68079911902  150.4268
4317.29884890293  152.2418
4317.91689868684  151.3798
4318.53494847075  156.5233
4319.15299825466  164.2323
4319.77104803857  168.8637
4320.38909782248  173.3465
4321.00714760639  172.0745
4321.62519739029  169.2624
4322.24324717421  176.7485
4322.86129695811  180.3934
4323.47934674202  178.8562
4324.09739652593  183.4794
4324.71544630984  188.2978
4325.33349609375  188.5621
4325.95154587766  187.5951
4326.56959566157  193.013
4327.18764544548  204.729
4327.80569522939  208.8323
4328.4237450133  209.8589
4329.04179479721  214.5475
4329.65984458112  217.3468
4330.27789436503  216.4597
4330.89594414894  213.8482
4331.51399393285  212.5402
4332.13204371676  208.2584
4332.75009350067  202.7029
4333.36814328458  195.7135
4333.98619306849  188.0208
4334.6042428524  185.6825
4335.22229263631  184.3587
4335.84034242022  174.3656
4336.45839220412  159.5065
4337.07644198803  148.2228
4337.69449177194  143.6131
4338.31254155585  145.3961
4338.93059133976  146.6307
4339.54864112367  149.3777
4340.16669090758  156.7481
4340.78474069149  168.8158
4341.4027904754  179.6391
4342.02084025931  183.6761
4342.63889004322  187.0585
4343.25693982713  197.8309
4343.87498961104  206.7657
4344.49303939495  205.7959
4345.11108917886  203.2423
4345.72913896277  205.6776
4346.34718874668  207.9947
4346.96523853059  211.5575
4347.5832883145  214.1311
4348.20133809841  211.2517
4348.81938788232  213.6049
4349.43743766623  224.1604
4350.05548745014  226.58
4350.67353723404  220.0094
4351.29158701795  214.4843
4351.90963680186  211.6395
4352.52768658577  211.4418
4353.14573636968  212.7573
4353.76378615359  208.6652
4354.3818359375  198.0954
4354.99988572141  187.1436
4355.61793550532  182.801
4356.23598528923  185.3741
4356.85403507314  184.2148
4357.47208485705  173.5706
4358.09013464096  166.643
4358.70818442487  166.3987
4359.32623420878  168.088
4359.94428399269  165.071
4360.5623337766  161.8542
4361.18038356051  162.2129
4361.79843334442  161.8117
4362.41648312833  156.3443
4363.03453291224  150.088
4363.65258269615  145.1774
4364.27063248005  141.4257
4364.88868226397  141.1215
4365.50673204787  142.1707
4366.12478183178  141.1039
4366.74283161569  137.9267
4367.3608813996  134.0194
4367.97893118351  129.2206
4368.59698096742  129.6403
4369.21503075133  133.4137
4369.83308053524  132.8296
4370.45113031915  128.5224
4371.06918010306  126.0315
4371.68722988697  128.1412
4372.30527967088  131.4216
4372.92332945479  130.2887
4373.5413792387  124.8345
4374.15942902261  120.6584
4374.77747880652  116.9442
4375.39552859043  110.2334
4376.01357837434  105.7984
4376.63162815825  104.2688
4377.24967794216  101.7225
4377.86772772606  101.0037
4378.48577750998  106.6377
4379.10382729389  114.4775
4379.72187707779  117.7292
4380.3399268617  115.508
4380.95797664561  110.6011
4381.57602642952  108.5407
4382.19407621343  107.8731
4382.81212599734  105.037
4383.43017578125  103.7387
4384.04822556516  104.5279
4384.66627534907  104.7399
4385.28432513298  103.6981
4385.90237491689  99.4549
4386.5204247008  95.06463
4387.13847448471  96.19144
4387.75652426862  99.99277
4388.37457405253  102.884
4388.99262383644  104.3614
4389.61067362035  103.3535
4390.22872340426  102.6593
4390.84677318817  104.409
4391.46482297208  102.947
4392.08287275599  100.0726
4392.7009225399  99.47088
4393.31897232381  102.3327
4393.93702210772  101.4928
4394.55507189162  98.15041
4395.17312167553  97.73377
4395.79117145944  98.46838
4396.40922124335  103.3628
4397.02727102726  107.0713
4397.64532081117  104.5718
4398.26337059508  102.3808
4398.88142037899  101.5149
4399.4994701629  101.0555
4400.11751994681  101.5432
4400.73556973072  103.5491
4401.35361951463  105.9944
4401.97166929854  103.4902
4402.58971908245  96.99084
4403.20776886636  95.70551
4403.82581865027  102.767
4404.44386843418  107.3815
4405.06191821809  105.1462
4405.679968002  101.2237
4406.29801778591  101.3984
4406.91606756982  102.4247
4407.53411735373  99.85119
4408.15216713763  100.1758
4408.77021692154  102.322
4409.38826670545  103.0194
4410.00631648936  104.0548
4410.62436627327  104.8047
4411.24241605718  104.5563
4411.86046584109  104.0609
4412.478515625  103.9142
4413.09656540891  103.4257
4413.71461519282  98.7441
4414.33266497673  94.21708
4414.95071476064  91.75631
4415.56876454455  92.61774
4416.18681432846  99.23062
4416.80486411237  103.8611
4417.42291389628  103.3245
4418.04096368019  100.9313
4418.6590134641  99.0075
4419.27706324801  101.488
4419.89511303192  103.4375
4420.51316281583  102.949
4421.13121259974  103.2471
4421.74926238365  103.9418
4422.36731216755  100.7765
4422.98536195147  93.91457
4423.60341173537  88.508
4424.22146151928  88.95118
4424.83951130319  90.67954
4425.4575610871  91.69757
4426.07561087101  95.17397
4426.69366065492  100.2626
4427.31171043883  98.83617
4427.92976022274  93.3594
4428.54781000665  94.16283
4429.16585979056  99.58197
4429.78390957447  101.3167
4430.40195935838  99.95053
4431.02000914229  99.95864
4431.6380589262  102.0409
4432.25610871011  103.4329
4432.87415849402  101.1519
4433.49220827793  98.57928
4434.11025806184  98.19254
4434.72830784575  98.64668
4435.34635762966  97.46795
4435.96440741357  97.44473
4436.58245719748  98.36673
4437.20050698139  96.85843
4437.81855676529  95.74409
4438.43660654921  99.90619
4439.05465633311  103.9783
4439.67270611702  107.2976
4440.29075590093  111.2775
4440.90880568484  109.7344
4441.52685546875  104.3666
4442.14490525266  103.1682
4442.76295503657  104.5389
4443.38100482048  103.5386
4443.99905460439  102.0032
4444.6171043883  103.9368
4445.23515417221  110.1234
4445.85320395612  116.6511
4446.47125374003  117.8146
4447.08930352394  113.8554
4447.70735330785  110.5185
4448.32540309176  112.4633
4448.94345287567  116.443
4449.56150265958  116.2606
4450.17955244349  118.5476
4450.7976022274  124.4476
4451.4156520113  126.5766
4452.03370179521  124.6571
4452.65175157912  123.6331
4453.26980136303  124.4225
4453.88785114694  126.5073
4454.50590093085  125.1216
4455.12395071476  124.3086
4455.74200049867  126.3416
4456.36005028258  127.2557
4456.97810006649  126.8542
4457.5961498504  124.7946
4458.21419963431  122.7448
4458.83224941822  123.5982
4459.45029920213  125.6277
4460.06834898604  129.8904
4460.68639876995  135.549
4461.30444855386  135.9218
4461.92249833777  133.5678
4462.54054812168  129.3399
4463.15859790559  123.7629
4463.7766476895  120.2568
4464.39469747341  118.5455
4465.01274725732  121.5782
4465.63079704123  123.1827
4466.24884682514  116.0641
4466.86689660904  105.4788
4467.48494639295  100.8801
4468.10299617686  99.92631
4468.72104596077  99.96271
4469.33909574468  102.4578
4469.95714552859  106.3882
4470.5751953125  111.3577
4471.19324509641  116.0113
4471.81129488032  117.0314
4472.42934466423  115.9789
4473.04739444814  117.2891
4473.66544423205  116.7021
4474.28349401596  112.4827
4474.90154379987  111.6896
4475.51959358378  116.8354
4476.13764336769  119.458
4476.7556931516  117.676
4477.37374293551  117.022
4477.99179271942  117.6768
4478.60984250333  119.9365
4479.22789228724  124.1936
4479.84594207115  131.5852
4480.46399185506  136.5392
4481.08204163896  132.7253
4481.70009142287  125.3053
4482.31814120678  124.1499
4482.93619099069  130.9321
4483.5542407746  136.2152
4484.17229055851  135.4071
4484.79034034242  131.7836
4485.40839012633  126.3734
4486.02643991024  123.2679
4486.64448969415  126.8482
4487.26253947806  127.2268
4487.88058926197  124.0792
4488.49863904588  123.4606
4489.11668882979  126.5767
4489.7347386137  129.2501
4490.35278839761  126.8199
4490.97083818152  122.2234
4491.58888796543  121.8194
4492.20693774934  123.6379
4492.82498753325  124.6004
4493.44303731716  124.271
4494.06108710107  123.6125
4494.67913688498  125.861
4495.29718666888  125.7584
4495.91523645279  123.6183
4496.5332862367  124.9852
4497.15133602061  122.6195
4497.76938580452  116.7761
4498.38743558843  112.0507
4499.00548537234  109.9985
4499.62353515625  110.1222
4500.24158494016  112.005
4500.85963472407  112.3843
4501.47768450798  112.3604
4502.09573429189  114.8157
4502.7137840758  117.7852
4503.33183385971  114.5932
4503.94988364362  107.3969
4504.56793342753  103.2619
4505.18598321144  108.4159
4505.80403299535  114.4278
4506.42208277926  111.318
4507.04013256317  109.3842
4507.65818234708  111.442
4508.27623213099  108.3786
4508.8942819149  102.3619
4509.5123316988  101.8176
4510.13038148271  103.8308
4510.74843126662  104.2697
4511.36648105053  104.5913
4511.98453083444  107.9906
4512.60258061835  109.8763
4513.22063040226  109.7994
4513.83868018617  108.399
4514.45672997008  107.7622
4515.07477975399  109.2158
4515.6928295379  108.2437
4516.31087932181  105.7821
4516.92892910572  102.6125
4517.54697888963  102.7402
4518.16502867354  109.0531
4518.78307845745  113.1985
4519.40112824136  113.3858
4520.01917802527  108.3932
4520.63722780918  102.6055
4521.25527759309  104.9108
4521.873327377  105.6934
4522.49137716091  106.2545
4523.10942694482  109.6344
4523.72747672873  106.9976
4524.34552651263  104.8228
4524.96357629654  110.2126
4525.58162608045  113.3602
4526.19967586436  114.0719
4526.81772564827  112.7909
4527.43577543218  108.082
4528.05382521609  109.8197
4528.671875  114.9581
4529.28992478391  113.5495
4529.90797456782  109.2788
4530.52602435173  110.7194
4531.14407413564  119.5457
4531.76212391955  121.8949
4532.38017370346  117.3394
4532.99822348737  116.6353
4533.61627327128  116.5793
4534.23432305519  112.1044
4534.8523728391  109.2172
4535.47042262301  110.7543
4536.08847240692  113.4181
4536.70652219083  117.0189
4537.32457197474  119.4433
4537.94262175865  119.7505
4538.56067154255  119.1397
4539.17872132646  117.4711
4539.79677111037  114.0304
4540.41482089428  113.0103
4541.03287067819  113.9942
4541.6509204621  114.1006
4542.26897024601  113.1508
4542.88702002992  113.936
4543.50506981383  117.8002
4544.12311959774  118.5821
4544.74116938165  115.5717
4545.35921916556  112.5695
4545.97726894947  111.4785
4546.59531873338  110.6376
4547.21336851729  110.4399
4547.8314183012  111.7521
4548.44946808511  109.9053
4549.06751786902  104.2232
4549.68556765293  101.5979
4550.30361743684  104.9585
4550.92166722075  108.7134
4551.53971700466  109.711
4552.15776678857  108.3955
4552.77581657247  105.174
4553.39386635638  107.5361
4554.0119161403  115.6596
4554.6299659242  119.5428
4555.24801570811  115.548
4555.86606549202  113.2021
4556.48411527593  114.1828
4557.10216505984  113.7634
4557.72021484375  113.0262
4558.33826462766  113.787
4558.95631441157  110.4653
4559.57436419548  107.7477
4560.19241397939  111.4847
4560.8104637633  111.9489
4561.42851354721  109.8126
4562.04656333112  113.002
4562.66461311503  113.9865
4563.28266289894  111.5482
4563.90071268285  111.99
4564.51876246676  114.6576
4565.13681225067  115.3317
4565.75486203458  111.339
4566.37291181849  105.8246
4566.9909616024  105.3265
4567.6090113863  112.6196
4568.22706117021  119.0748
4568.84511095412  116.6451
4569.46316073803  113.1904
4570.08121052194  116.0395
4570.69926030585  119.2206
4571.31731008976  119.4529
4571.93535987367  116.3314
4572.55340965758  115.8363
4573.17145944149  116.1388
4573.7895092254  114.2336
4574.40755900931  114.953
4575.02560879322  115.4949
4575.64365857713  112.3936
4576.26170836104  111.7412
4576.87975814495  109.9943
4577.49780792886  108.647
4578.11585771277  111.7252
4578.73390749668  116.4299
4579.35195728059  114.3666
4579.9700070645  110.6349
4580.58805684841  114.0187
4581.20610663231  118.1465
4581.82415641623  115.4172
4582.44220620013  114.5097
4583.06025598404  118.706
4583.67830576795  116.8617
4584.29635555186  111.6527
4584.91440533577  109.2198
4585.53245511968  109.0736
4586.15050490359  108.6553
4586.7685546875  106.8872
4587.38660447141  108.6349
4588.00465425532  112.047
4588.62270403923  111.0989
4589.24075382314  110.3994
4589.85880360705  112.7185
4590.47685339096  113.3589
4591.09490317487  112.2576
4591.71295295878  112.6586
4592.33100274269  110.6987
4592.9490525266  109.5048
4593.56710231051  115.2117
4594.18515209442  120.6273
4594.80320187833  119.9887
4595.42125166224  116.5086
4596.03930144615  113.4536
4596.65735123005  112.4535
4597.27540101396  109.8232
4597.89345079787  105.7407
4598.51150058178  106.1613
4599.12955036569  107.4078
4599.7476001496  108.1189
4600.36564993351  114.8883
4600.98369971742  118.8487
4601.60174950133  112.707
4602.21979928524  107.631
4602.83784906915  108.5751
4603.45589885306  107.6815
4604.07394863697  106.3593
4604.69199842088  109.5125
4605.31004820479  111.0616
4605.9280979887  111.2122
4606.54614777261  109.5016
4607.16419755652  106.7992
4607.78224734043  109.2745
4608.40029712434  110.6458
4609.01834690825  107.4654
4609.63639669216  102.5709
4610.25444647606  99.30261
4610.87249625997  98.31025
4611.49054604388  103.8884
4612.10859582779  111.1751
4612.7266456117  110.9294
4613.34469539561  107.5197
4613.96274517952  109.4305
4614.58079496343  112.2632
4615.19884474734  107.8051
4615.81689453125  103.1044
4616.43494431516  103.4902
4617.05299409907  107.1786
4617.67104388298  107.6981
4618.28909366689  103.5643
4618.9071434508  100.5747
4619.52519323471  102.839
4620.14324301862  108.3805
4620.76129280253  112.0815
4621.37934258644  113.0611
4621.99739237035  113.3091
4622.61544215426  114.5032
4623.23349193817  116.0064
4623.85154172208  115.5583
4624.46959150599  113.1167
4625.0876412899  111.8942
4625.70569107381  113.3384
4626.32374085771  112.9899
4626.94179064162  110.7467
4627.55984042553  105.5072
4628.17789020944  103.0632
4628.79593999335  106.6793
4629.41398977726  109.0119
4630.03203956117  110.3542
4630.65008934508  113.1332
4631.26813912899  112.688
4631.8861889129  112.2631
4632.50423869681  114.2883
4633.12228848072  113.5876
4633.74033826463  111.3113
4634.35838804854  112.1326
4634.97643783245  114.8147
4635.59448761636  117.0915
4636.21253740027  117.8218
4636.83058718418  114.3464
4637.44863696809  112.2244
4638.066686752  114.028
4638.68473653591  114.9828
4639.30278631982  110.9428
4639.92083610372  107.5547
4640.53888588763  110.5243
4641.15693567154  119.1334
4641.77498545545  123.3565
4642.39303523936  119.0304
4643.01108502327  112.2338
4643.62913480718  107.1087
4644.24718459109  107.4666
4644.865234375  114.6821
4645.48328415891  121.1134
4646.10133394282  123.8373
4646.71938372673  123.8527
4647.33743351064  119.6354
4647.95548329455  115.8316
4648.57353307846  115.6304
4649.19158286237  115.9375
4649.80963264628  115.2372
4650.42768243019  116.414
4651.0457322141  118.1053
4651.66378199801  114.6282
4652.28183178192  111.1809
4652.89988156582  114.2729
4653.51793134973  117.4358
4654.13598113364  113.251
4654.75403091755  112.2532
4655.37208070146  115.0633
4655.99013048537  113.4781
4656.60818026928  114.1475
4657.22623005319  120.4564
4657.8442798371  123.7248
4658.46232962101  125.8781
4659.08037940492  125.7207
4659.69842918883  122.8635
4660.31647897274  125.2945
4660.93452875665  128.8943
4661.55257854056  127.9947
4662.17062832447  123.3638
4662.78867810838  122.9305
4663.40672789229  123.8407
4664.0247776762  123.1658
4664.64282746011  120.7285
4665.26087724402  121.6933
4665.87892702793  125.7774
4666.49697681184  127.9681
4667.11502659575  127.5313
4667.73307637966  125.8686
4668.35112616356  124.1408
4668.96917594747  122.9589
4669.58722573138  120.7638
4670.20527551529  120.0461
4670.8233252992  118.1023
4671.44137508311  114.6546
4672.05942486702  114.3147
4672.67747465093  115.7723
4673.29552443484  116.1088
4673.91357421875  116.7778
4674.53162400266  119.9199
4675.14967378657  125.8035
4675.76772357048  132.6464
4676.38577335439  132.6507
4677.0038231383  124.2751
4677.62187292221  116.8321
4678.23992270612  116.9571
4678.85797249003  120.2681
4679.47602227394  118.6866
4680.09407205785  118.4706
4680.71212184176  119.9593
4681.33017162567  117.9664
4681.94822140958  118.6097
4682.56627119349  122.8412
4683.1843209774  125.3918
4683.8023707613  126.9662
4684.42042054521  125.5636
4685.03847032912  122.0999
4685.65652011303  121.4634
4686.27456989694  123.0633
4686.89261968085  124.1701
4687.51066946476  125.4401
4688.12871924867  126.1185
4688.74676903258  121.7865
4689.36481881649  119.7882
4689.9828686004  123.4645
4690.60091838431  128.4695
4691.21896816822  128.8828
4691.83701795213  126.2742
4692.45506773604  129.5204
4693.07311751995  132.2194
4693.69116730386  129.2518
4694.30921708777  125.0123
4694.92726687168  124.4238
4695.54531665559  127.0265
4696.1633664395  128.4516
4696.78141622341  127.8495
4697.39946600732  128.5407
4698.01751579122  128.1168
4698.63556557513  123.7469
4699.25361535904  123.3863
4699.87166514295  126.6424
4700.48971492686  128.4947
4701.10776471077  127.6201
4701.72581449468  125.152
4702.34386427859  121.5118
4702.9619140625  119.1313
4703.57996384641  122.6563
4704.19801363032  129.0476
4704.81606341423  127.9895
4705.43411319814  120.397
4706.05216298205  118.0937
4706.67021276596  121.1375
4707.28826254987  125.7035
4707.90631233378  129.1338
4708.52436211769  127.0608
4709.1424119016  121.6633
4709.76046168551  121.2233
4710.37851146942  121.558
4710.99656125333  120.0216
4711.61461103723  118.953
4712.23266082114  116.6806
4712.85071060505  116.3819
4713.46876038896  120.8618
4714.08681017287  122.3944
4714.70485995678  119.7269
4715.32290974069  117.2409
4715.9409595246  118.6096
4716.55900930851  119.99
4717.17705909242  119.9917
4717.79510887633  124.1274
4718.41315866024  125.5487
4719.03120844415  120.0493
4719.64925822806  117.3922
4720.26730801197  116.847
4720.88535779588  116.8597
4721.50340757979  117.3169
4722.1214573637  116.4283
4722.73950714761  117.7022
4723.35755693152  120.2373
4723.97560671543  115.8647
4724.59365649933  111.8205
4725.21170628325  115.0113
4725.82975606716  116.9866
4726.44780585106  111.9176
4727.06585563497  111.9045
4727.68390541888  116.9694
4728.30195520279  118.037
4728.9200049867  117.8181
4729.53805477061  120.5434
4730.15610455452  122.068
4730.77415433843  121.3358
4731.39220412234  116.8327
4732.01025390625  112.458
4732.62830369016  114.1532
4733.24635347407  120.7812
4733.86440325798  120.8449
4734.48245304189  116.8236
4735.1005028258  113.9799
4735.71855260971  113.5314
4736.33660239362  116.8442
4736.95465217753  118.8414
4737.57270196144  118.2106
4738.19075174535  114.6792
4738.80880152926  110.8928
4739.42685131317  113.105
4740.04490109707  116.0976
4740.66295088098  115.2749
4741.28100066489  113.0267
4741.8990504488  110.6906
4742.51710023271  108.3852
4743.13515001662  108.5048
4743.75319980053  108.7406
4744.37124958444  107.5495
4744.98929936835  106.4684
4745.60734915226  106.2585
4746.22539893617  108.8818
4746.84344872008  111.7591
4747.46149850399  115.0061
4748.0795482879  117.4511
4748.69759807181  112.2618
4749.31564785572  105.8984
4749.93369763963  105.5365
4750.55174742354  110.3724
4751.16979720745  113.2537
4751.78784699136  111.1631
4752.40589677527  106.9734
4753.02394655918  101.9073
4753.64199634309  103.9931
4754.260046127  107.1664
4754.87809591091  109.3605
4755.49614569482  112.7177
4756.11419547872  116.9956
4756.73224526263  115.6079
4757.35029504654  112.8848
4757.96834483045  112.0948
4758.58639461436  109.5757
4759.20444439827  107.7234
4759.82249418218  110.1975
4760.44054396609  111.162
4761.05859375  107.8884
4761.67664353391  105.9487
4762.29469331782  104.7664
4762.91274310173  102.0528
4763.53079288564  103.0156
4764.14884266955  108.6151
4764.76689245346  111.7004
4765.38494223737  111.9753
4766.00299202128  112.0161
4766.62104180519  109.2481
4767.2390915891  107.8223
4767.85714137301  109.1276
4768.47519115692  107.7644
4769.09324094083  107.1338
4769.71129072473  107.3091
4770.32934050864  107.1161
4770.94739029255  105.0891
4771.56544007646  104.5872
4772.18348986037  106.4594
4772.80153964428  107.1224
4773.41958942819  108.0801
4774.0376392121  108.0584
4774.65568899601  105.6298
4775.27373877992  104.1523
4775.89178856383  107.5128
4776.50983834774  109.7248
4777.12788813165  109.4583
4777.74593791556  110.6255
4778.36398769947  111.9508
4778.98203748338  111.3767
4779.60008726729  108.9236
4780.2181370512  111.2532
4780.83618683511  113.2892
4781.45423661902  109.8273
4782.07228640293  107.5041
4782.69033618684  106.485
4783.30838597074  106.0338
4783.92643575466  104.6641
4784.54448553856  104.9655
4785.16253532247  104.6447
4785.78058510638  104.2799
4786.39863489029  105.6539
4787.0166846742  104.4756
4787.63473445811  103.1031
4788.25278424202  107.1467
4788.87083402593  111.4845
4789.48888380984  114.0658
4790.10693359375  111.9719
4790.72498337766  105.508
4791.34303316157  103.7888
4791.96108294548  106.0305
4792.57913272939  105.7778
4793.1971825133  103.0729
4793.81523229721  100.6943
4794.43328208112  102.3887
4795.05133186503  104.1648
4795.66938164894  106.5587
4796.28743143285  109.5994
4796.90548121676  109.7169
4797.52353100067  110.0756
4798.14158078457  111.3325
4798.75963056849  112.3428
4799.37768035239  113.7707
4799.9957301363  112.9064
4800.61377992021  112.6788
4801.23182970412  112.1437
4801.84987948803  110.9376
4802.46792927194  111.3306
4803.08597905585  113.4593
4803.70402883976  111.4243
4804.32207862367  107.2955
4804.94012840758  106.6197
4805.55817819149  105.5622
4806.1762279754  110.2366
4806.79427775931  115.9517
4807.41232754322  118.5912
4808.03037732713  119.3185
4808.64842711104  116.6065
4809.26647689495  114.6103
4809.88452667886  114.1762
4810.50257646277  111.2692
4811.12062624668  110.766
4811.73867603058  114.3695
4812.35672581449  117.2129
4812.9747755984  118.9038
4813.59282538231  122.5179
4814.21087516622  125.1943
4814.82892495013  121.4613
4815.44697473404  114.2478
4816.06502451795  110.5078
4816.68307430186  112.6961
4817.30112408577  116.9206
4817.91917386968  119.5291
4818.53722365359  120.7695
4819.1552734375  122.958
4819.77332322141  122.0131
4820.39137300532  118.0935
4821.00942278923  117.6891
4821.62747257314  116.8984
4822.24552235705  117.8019
4822.86357214096  121.6232
4823.48162192487  126.1631
4824.09967170878  128.626
4824.71772149269  129.5169
4825.3357712766  131.5851
4825.95382106051  137.667
4826.57187084442  142.708
4827.18992062833  140.0106
4827.80797041224  135.9011
4828.42602019614  137.799
4829.04406998005  139.6584
4829.66211976396  139.8154
4830.28016954787  141.1702
4830.89821933178  144.9985
4831.51626911569  151.6979
4832.1343188996  154.5834
4832.75236868351  155.6736
4833.37041846742  157.808
4833.98846825133  157.2766
4834.60651803524  157.3223
4835.22456781915  166.416
4835.84261760306  179.6561
4836.46066738697  186.5203
4837.07871717088  187.2718
4837.69676695479  191.387
4838.3148167387  196.2532
4838.93286652261  196.8291
4839.55091630652  191.4472
4840.16896609043  193.1226
4840.78701587434  204.7514
4841.40506565825  211.4229
4842.02311544215  210.4718
4842.64116522606  210.8935
4843.25921500997  222.4317
4843.87726479388  237.0334
4844.49531457779  243.2656
4845.1133643617  249.7317
4845.73141414561  254.7957
4846.34946392952  261.029
4846.96751371343  271.7405
4847.58556349734  277.6706
4848.20361328125  277.0185
4848.82166306516  281.5111
4849.43971284907  286.8067
4850.05776263298  282.2278
4850.67581241689  276.9253
4851.2938622008  279.8195
4851.91191198471  283.512
4852.52996176862  284.2872
4853.14801155253  281.5688
4853.76606133644  272.9736
4854.38411112035  262.083
4855.00216090426  253.3482
4855.62021068816  245.5959
4856.23826047208  234.0538
4856.85631025598  217.7877
4857.47436003989  206.2567
4858.0924098238  198.5267
4858.71045960771  189.1927
4859.32850939162  184.7656
4859.94655917553  191.1761
4860.56460895944  197.3278
4861.18265874335  200.7402
4861.80070852726  211.6281
4862.41875831117  229.0438
4863.03680809508  239.6687
4863.65485787899  243.7659
4864.2729076629  248.2575
4864.89095744681  253.4601
4865.50900723072  256.1887
4866.12705701463  261.681
4866.74510679854  269.8591
4867.36315658245  275.7096
4867.98120636636  283.3634
4868.59925615027  289.3543
4869.21730593418  290.8916
4869.83535571808  296.9005
4870.45340550199  299.4524
4871.07145528591  293.1136
4871.68950506981  286.9781
4872.30755485372  283.1729
4872.92560463763  277.1443
4873.54365442154  270.3876
4874.16170420545  262.9865
4874.77975398936  257.6337
4875.39780377327  254.1217
4876.01585355718  248.0373
4876.63390334109  242.2815
4877.251953125  238.8251
4877.87000290891  234.6772
4878.48805269282  227.0797
4879.10610247673  219.2731
4879.72415226064  216.8734
4880.34220204455  215.8321
4880.96025182846  212.2126
4881.57830161237  205.8444
4882.19635139628  193.2909
4882.81440118019  181.9816
4883.4324509641  180.5175
4884.05050074801  182.2865
4884.66855053192  181.8143
4885.28660031582  179.286
4885.90465009973  173.7954
4886.52269988364  169.3413
4887.14074966755  171.7319
4887.75879945146  171.2579
4888.37684923537  164.893
4888.99489901928  161.6869
4889.61294880319  159.5341
4890.2309985871  152.9242
4890.84904837101  147.5976
4891.46709815492  149.1723
4892.08514793883  147.1358
4892.70319772274  138.2105
4893.32124750665  135.0409
4893.93929729056  139.9658
4894.55734707447  147.1355
4895.17539685838  149.1909
4895.79344664229  145.1017
4896.4114964262  140.4993
4897.02954621011  138.3751
4897.64759599402  139.1825
4898.26564577793  141.5936
4898.88369556184  141.0501
4899.50174534575  138.3764
4900.11979512966  137.1361
4900.73784491356  138.3741
4901.35589469747  139.2635
4901.97394448138  137.1048
4902.59199426529  134.5564
4903.2100440492  134.4792
4903.82809383311  134.0229
4904.44614361702  134.5204
4905.06419340093  132.1527
4905.68224318484  127.7342
4906.30029296875  128.3268
4906.91834275266  133.1655
4907.53639253657  132.784
4908.15444232048  128.2723
4908.77249210439  127.1733
4909.3905418883  130.5892
4910.00859167221  137.3272
4910.62664145612  139.3965
4911.24469124003  139.6546
4911.86274102394  137.6152
4912.48079080785  131.1113
4913.09884059176  126.9846
4913.71689037566  128.8378
4914.33494015957  128.8539
4914.95298994348  124.8849
4915.57103972739  122.17
4916.1890895113  123.2764
4916.80713929521  121.0501
4917.42518907912  116.0377
4918.04323886303  114.723
4918.66128864694  112.2105
4919.27933843085  105.8766
4919.89738821476  109.1741
4920.51543799867  118.2243
4921.13348778258  120.5134
4921.75153756649  118.6118
4922.3695873504  116.497
4922.98763713431  117.6161
4923.60568691822  119.1489
4924.22373670213  119.7948
4924.84178648604  121.5311
4925.45983626995  127.6521
4926.07788605386  132.3914
4926.69593583777  130.6007
4927.31398562168  122.813
4927.93203540559  120.424
4928.55008518949  122.8612
4929.1681349734  124.1001
4929.78618475731  125.2578
4930.40423454122  126.3906
4931.02228432513  127.6079
4931.64033410904  130.5125
4932.25838389295  131.251
4932.87643367686  129.3589
4933.49448346077  133.9531
4934.11253324468  134.5083
4934.73058302859  126.4473
4935.3486328125  119.9656
4935.96668259641  118.6052
4936.58473238032  121.5398
4937.20278216423  127.8102
4937.82083194814  125.6827
4938.43888173205  116.514
4939.05693151596  115.3284
4939.67498129987  122.9422
4940.29303108378  123.3067
4940.91108086769  117.5409
4941.52913065159  115.458
4942.14718043551  116.4561
4942.76523021942  117.9211
4943.38328000332  117.517
4944.00132978723  118.3109
4944.61937957114  122.8599
4945.23742935505  124.0444
4945.85547913896  122.8883
4946.47352892287  123.2653
4947.09157870678  120.757
4947.70962849069  116.8486
4948.3276782746  118.5031
4948.94572805851  119.4861
4949.56377784242  115.9164
4950.18182762633  112.0763
4950.79987741024  111.7232
4951.41792719415  113.3544
4952.03597697806  112.8399
4952.65402676197  112.8052
4953.27207654588  113.2448
4953.89012632979  111.3298
4954.5081761137  113.9612
4955.1262258976  115.0663
4955.74427568152  112.9436
4956.36232546543  108.6317
4956.98037524934  104.4329
4957.59842503324  104.7231
4958.21647481715  108.7241
4958.83452460106  111.8259
4959.45257438497  111.2066
4960.07062416888  108.8144
4960.68867395279  109.2458
4961.3067237367  112.1374
4961.92477352061  110.5591
4962.54282330452  108.5517
4963.16087308843  109.6017
4963.77892287234  110.01
4964.39697265625  111.7779
4965.01502244016  111.3818
4965.63307222407  110.6852
4966.25112200798  112.4447
4966.86917179189  110.882
4967.4872215758  109.6337
4968.10527135971  111.4146
4968.72332114362  110.3911
4969.34137092753  110.8807
4969.95942071144  112.2942
4970.57747049535  112.1627
4971.19552027926  110.4233
4971.81357006317  110.3413
4972.43161984707  111.6424
4973.04966963098  110.6996
4973.66771941489  107.2329
4974.2857691988  104.2276
4974.90381898271  104.4561
4975.52186876662  103.481
4976.13991855053  101.9518
4976.75796833444  102.2159
4977.37601811835  99.83825
4977.99406790226  99.07993
4978.61211768617  104.7593
4979.23016747008  112.1748
4979.84821725399  116.6842
4980.4662670379  119.2869
4981.08431682181  118.0294
4981.70236660572  114.3413
4982.32041638963  110.4898
4982.93846617354  110.892
4983.55651595745  116.5529
4984.17456574136  118.9387
4984.79261552527  116.4621
4985.41066530917  113.6702
4986.02871509309  114.706
4986.64676487699  116.9911
4987.2648146609  114.1233
4987.88286444481  111.6268
4988.50091422872  116.927
4989.11896401263  120.5856
4989.73701379654  118.8765
4990.35506358045  120.5356
4990.97311336436  120.5261
4991.59116314827  118.6493
4992.20921293218  120.7336
4992.82726271609  123.3625
4993.4453125  125.6242
4994.06336228391  128.0362
4994.68141206782  127.6881
4995.29946185173  126.2367
4995.91751163564  125.43
4996.53556141955  123.0956
4997.15361120346  121.1781
4997.77166098737  121.6028
4998.38971077128  126.638
4999.00776055519  132.0342
4999.6258103391  132.0176
5000.24386012301  128.8659
5000.86190990692  129.1179
5001.47995969082  134.1969
5002.09800947473  135.836
5002.71605925864  131.1918
5003.33410904255  127.0246
5003.95215882646  129.1734
5004.57020861037  132.4351
5005.18825839428  130.4253
5005.80630817819  123.8326
5006.4243579621  123.1054
5007.04240774601  125.2847
5007.66045752992  125.53
5008.27850731383  126.4358
5008.89655709774  128.3534
5009.51460688165  127.1169
5010.13265666556  124.6741
5010.75070644947  123.4037
5011.36875623338  122.8324
5011.98680601729  122.5322
5012.6048558012  119.6147
5013.22290558511  114.2854
5013.84095536902  113.076
5014.45900515293  114.8863
5015.07705493683  112.806
5015.69510472075  106.8347
5016.31315450465  108.4035
5016.93120428856  113.7099
5017.54925407247  118.2033
5018.16730385638  120.8018
5018.78535364029  120.8224
5019.4034034242  123.0949
5020.02145320811  126.3124
5020.63950299202  128.7755
5021.25755277593  128.7153
5021.87560255984  123.7499
5022.49365234375  122.6795
5023.11170212766  125.1246
5023.72975191157  125.4629
5024.34780169548  126.6629
5024.96585147939  130.3927
5025.5839012633  132.6657
5026.20195104721  137.3188
5026.82000083112  143.4974
5027.43805061503  146.4781
5028.05610039894  144.2389
5028.67415018285  141.6728
5029.29219996676  140.8347
5029.91024975067  136.1364
5030.52829953458  130.5695
5031.14634931848  132.1177
5031.76439910239  133.0673
5032.3824488863  132.6613
5033.00049867021  134.2689
5033.61854845412  135.8583
5034.23659823803  137.0037
5034.85464802194  136.6974
5035.47269780585  132.83
5036.09074758976  130.1227
5036.70879737367  129.9625
5037.32684715758  130.3636
5037.94489694149  132.5679
5038.5629467254  132.1024
5039.18099650931  127.1599
5039.79904629322  124.6895
5040.41709607713  127.2444
5041.03514586104  128.9007
5041.65319564495  127.6359
5042.27124542886  126.7056
5042.88929521277  125.8048
5043.50734499668  122.8687
5044.12539478058  121.4227
5044.7434445645  121.7127
5045.3614943484  122.5742
5045.97954413231  126.0168
5046.59759391622  125.3831
5047.21564370013  122.9476
5047.83369348404  119.6497
5048.45174326795  114.4566
5049.06979305186  110.1905
5049.68784283577  112.2163
5050.30589261968  117.8367
5050.92394240359  121.7521
5051.5419921875  119.3719
5052.16004197141  118.6016
5052.77809175532  121.8041
5053.39614153923  125.1607
5054.01419132314  124.1053
5054.63224110705  122.2242
5055.25029089096  122.7205
5055.86834067487  124.0551
5056.48639045878  128.1189
5057.10444024269  127.0883
5057.7224900266  118.6624
5058.3405398105  112.1022
5058.95858959442  110.2346
5059.57663937833  111.9607
5060.19468916223  117.963
5060.81273894614  124.3993
5061.43078873005  129.1982
5062.04883851396  129.7944
5062.66688829787  125.5031
5063.28493808178  121.7955
5063.90298786569  124.3131
5064.5210376496  125.5862
5065.13908743351  120.3168
5065.75713721742  116.8131
5066.37518700133  117.7047
5066.99323678524  120.1852
5067.61128656915  119.9975
5068.22933635306  121.9254
5068.84738613697  123.2982
5069.46543592088  120.4753
5070.08348570479  117.9712
5070.7015354887  114.3028
5071.31958527261  112.5028
5071.93763505652  120.6779
5072.55568484043  129.1792
5073.17373462434  127.6821
5073.79178440824  119.532
5074.40983419215  116.2709
5075.02788397606  118.5657
5075.64593375997  119.87
5076.26398354388  120.8227
5076.88203332779  118.3377
5077.5000831117  114.1374
5078.11813289561  113.529
5078.73618267952  111.4699
5079.35423246343  111.9607
5079.97228224734  119.3771
5080.59033203125  124.8826
5081.20838181516  121.5512
5081.82643159907  116.9725
5082.44448138298  114.7935
5083.06253116689  117.6399
5083.6805809508  118.897
5084.29863073471  117.7964
5084.91668051862  119.7684
5085.53473030253  120.2562
5086.15278008644  120.0089
5086.77082987035  122.1701
5087.38887965425  123.811
5088.00692943816  123.263
5088.62497922207  120.8262
5089.24302900598  116.9405
5089.86107878989  115.5318
5090.4791285738  115.2562
5091.09717835771  115.0309
5091.71522814162  114.0208
5092.33327792553  114.6272
5092.95132770944  120.5121
5093.56937749335  126.9312
5094.18742727726  124.4557
5094.80547706117  118.2108
5095.42352684508  118.7014
5096.04157662899  126.6007
5096.6596264129  127.3703
5097.27767619681  121.1791
5097.89572598072  117.0537
5098.51377576463  120.2112
5099.13182554854  126.054
5099.74987533245  129.0255
5100.36792511636  125.5504
5100.98597490027  119.7464
5101.60402468418  119.0442
5102.22207446808  120.5257
5102.84012425199  121.2838
5103.4581740359  123.4866
5104.07622381981  124.6586
5104.69427360372  123.6705
5105.31232338763  123.218
5105.93037317154  125.9695
5106.54842295545  128.8788
5107.16647273936  124.7039
5107.78452252327  120.321
5108.40257230718  124.1151
5109.02062209109  128.6986
5109.638671875  126.1179
5110.25672165891  124.6637
5110.87477144282  127.3622
5111.49282122673  127.805
5112.11087101064  130.9117
5112.72892079455  132.2526
5113.34697057846  130.3514
5113.96502036237  132.3383
5114.58307014628  133.7946
5115.20111993019  126.6459
5115.81916971409  117.8513
5116.43721949801  115.7544
5117.05526928191  119.7536
5117.67331906582  125.0442
5118.29136884974  123.8324
5118.90941863364  121.0529
5119.52746841755  125.294
5120.14551820146  129.7392
5120.76356798537  124.9849
5121.38161776928  119.1718
5121.99966755319  118.4162
5122.6177173371  119.8277
5123.23576712101  121.5011
5123.85381690492  121.2749
5124.47186668883  119.0937
5125.08991647274  116.0193
5125.70796625665  116.1879
5126.32601604056  120.0455
5126.94406582447  124.1135
5127.56211560838  122.7286
5128.18016539229  120.5414
5128.7982151762  117.0501
5129.41626496011  116.8168
5130.03431474402  121.0543
5130.65236452793  125.7794
5131.27041431184  125.3041
5131.88846409574  121.8635
5132.50651387965  120.0805
5133.12456366356  117.6378
5133.74261344747  114.2346
5134.36066323138  115.1409
5134.97871301529  123.5342
5135.5967627992  127.921
5136.21481258311  125.8051
5136.83286236702  122.3998
5137.45091215093  116.7021
5138.06896193484  116.0918
5138.68701171875  118.72
