3889.5961914063  44.68008
3890.21445965159  45.73813
3890.83272789687  46.12383
3891.45099614215  46.4222
3892.06926438743  48.86028
3892.68753263271  52.30535
3893.30580087799  56.39489
3893.92406912328  58.68242
3894.54233736856  56.02225
3895.16060561384  54.78331
3895.77887385912  58.4647
3896.3971421044  63.16864
3897.01541034968  65.76736
3897.63367859496  66.42366
3898.25194684025  67.58465
3898.87021508553  70.21626
3899.48848333081  73.17628
3900.10675157609  74.62106
3900.72501982137  73.62596
3901.34328806665  71.51447
3901.96155631194  69.23758
3902.57982455722  68.9897
3903.1980928025  69.38627
3903.81636104778  66.98844
3904.43462929306  63.646
3905.05289753834  62.4416
3905.67116578363  63.82557
3906.28943402891  63.52924
3906.90770227419  59.14552
3907.52597051947  56.36285
3908.14423876475  58.12292
3908.76250701003  63.99731
3909.38077525531  67.20602
3909.9990435006  66.61011
3910.61731174588  61.79546
3911.23557999116  57.08537
3911.85384823644  59.57465
3912.47211648172  65.24348
3913.090384727  69.16692
3913.70865297228  67.43111
3914.32692121757  60.7795
3914.94518946285  58.7634
3915.56345770813  62.97548
3916.18172595341  62.45895
3916.79999419869  59.69622
3917.41826244397  61.22107
3918.03653068926  66.00786
3918.65479893454  67.18836
3919.27306717982  63.52606
3919.8913354251  66.36785
3920.50960367038  72.46289
3921.12787191566  71.6138
3921.74614016095  66.86593
3922.36440840623  62.42356
3922.98267665151  63.20718
3923.60094489679  66.74483
3924.21921314207  70.42506
3924.83748138735  71.9792
3925.45574963263  72.63461
3926.07401787792  75.14334
3926.6922861232  75.43808
3927.31055436848  72.59854
3927.92882261376  74.02184
3928.54709085904  78.54386
3929.16535910432  79.62997
3929.78362734961  79.78078
3930.40189559489  80.39702
3931.02016384017  77.46693
3931.63843208545  72.78811
3932.25670033073  74.7617
3932.87496857601  73.77367
3933.4932368213  69.03471
3934.11150506658  67.5745
3934.72977331186  71.50034
3935.34804155714  72.75372
3935.96630980242  66.7041
3936.5845780477  63.49111
3937.20284629298  66.77578
3937.82111453827  69.08461
3938.43938278355  70.53399
3939.05765102883  73.84927
3939.67591927411  77.07518
3940.29418751939  77.74075
3940.91245576467  77.62425
3941.53072400996  80.45099
3942.14899225524  82.6555
3942.76726050052  83.91634
3943.3855287458  88.33459
3944.00379699108  89.9814
3944.62206523636  87.67226
3945.24033348164  87.95742
3945.85860172693  88.38144
3946.47686997221  90.11813
3947.09513821749  91.4142
3947.71340646277  92.20905
3948.33167470805  92.50897
3948.94994295333  91.81488
3949.56821119862  93.76614
3950.1864794439  96.55974
3950.80474768918  97.95975
3951.42301593446  97.32488
3952.04128417974  98.76228
3952.65955242502  99.62663
3953.27782067031  98.4752
3953.89608891559  100.6755
3954.51435716087  106.2996
3955.13262540615  110.0957
3955.75089365143  109.8686
3956.36916189671  108.3714
3956.98743014199  107.7847
3957.60569838728  109.2049
3958.22396663256  113.5749
3958.84223487784  122.0099
3959.46050312312  127.2745
3960.0787713684  128.8297
3960.69703961368  126.9796
3961.31530785897  124.952
3961.93357610425  126.4667
3962.55184434953  129.3004
3963.17011259481  130.3627
3963.78838084009  130.9362
3964.40664908537  126.1038
3965.02491733065  114.9317
3965.64318557594  110.1711
3966.26145382122  113.6734
3966.8797220665  113.6754
3967.49799031178  106.0324
3968.11625855706  97.65538
3968.73452680234  92.81351
3969.35279504763  87.20999
3969.97106329291  80.65118
3970.58933153819  79.37395
3971.20759978347  81.28836
3971.82586802875  84.70311
3972.44413627403  88.58121
3973.06240451932  95.18718
3973.6806727646  104.6073
3974.29894100988  115.9823
3974.91720925516  123.8072
3975.53547750044  121.808
3976.15374574572  117.8544
3976.772013991  117.6661
3977.39028223629  120.9197
3978.00855048157  124.6746
3978.62681872685  127.204
3979.24508697213  127.6531
3979.86335521741  123.3802
3980.48162346269  117.4232
3981.09989170798  118.3025
3981.71815995326  123.856
3982.33642819854  124.0339
3982.95469644382  120.6415
3983.5729646891  118.6646
3984.19123293438  114.0452
3984.80950117966  111.4515
3985.42776942495  112.5138
3986.04603767023  111.0919
3986.66430591551  109.7461
3987.28257416079  108.6305
3987.90084240607  103.9976
3988.51911065135  103.0284
3989.13737889664  104.7848
3989.75564714192  102.6163
3990.3739153872  96.10748
3990.99218363248  93.51503
3991.61045187776  96.72813
3992.22872012304  98.96302
3992.84698836832  97.73474
3993.46525661361  92.0154
3994.08352485889  87.42899
3994.70179310417  89.31963
3995.32006134945  90.62226
3995.93832959473  87.6148
3996.55659784001  84.47861
3997.1748660853  83.3873
3997.79313433058  85.70447
3998.41140257586  87.12744
3999.02967082114  83.36729
3999.64793906642  81.44629
4000.2662073117  82.881
4000.88447555699  79.57536
4001.50274380227  76.44922
4002.12101204755  77.25668
4002.73928029283  77.78816
4003.35754853811  77.16323
4003.97581678339  78.40399
4004.59408502868  81.02693
4005.21235327396  83.15076
4005.83062151924  86.86754
4006.44888976452  89.22188
4007.0671580098  87.54318
4007.68542625508  86.52509
4008.30369450036  86.66438
4008.92196274565  84.92017
4009.54023099093  81.79299
4010.15849923621  79.75287
4010.77676748149  80.99638
4011.39503572677  80.71838
4012.01330397205  79.0094
4012.63157221734  81.35088
4013.24984046262  84.85242
4013.8681087079  84.65691
4014.48637695318  80.89047
4015.10464519846  77.06277
4015.72291344374  76.46181
4016.34118168902  75.95219
4016.95944993431  80.23636
4017.57771817959  86.68803
4018.19598642487  87.66736
4018.81425467015  85.84734
4019.43252291543  80.59004
4020.05079116071  72.02372
4020.669059406  70.49803
4021.28732765128  76.82204
4021.90559589656  81.31866
4022.52386414184  81.43416
4023.14213238712  81.16214
4023.7604006324  80.74059
4024.37866887768  78.24858
4024.99693712297  74.82394
4025.61520536825  69.56102
4026.23347361353  66.01789
4026.85174185881  69.76851
4027.47001010409  75.61713
4028.08827834937  77.39706
4028.70654659466  81.86464
4029.32481483994  88.21377
4029.94308308522  87.16559
4030.5613513305  84.61517
4031.17961957578  88.36093
4031.79788782106  91.711
4032.41615606635  89.42885
4033.03442431163  85.41136
4033.65269255691  84.13123
4034.27096080219  84.65868
4034.88922904747  83.48785
4035.50749729275  82.60098
4036.12576553804  83.24588
4036.74403378332  85.25197
4037.3623020286  83.04563
4037.98057027388  79.69455
4038.59883851916  79.38326
4039.21710676444  83.89609
4039.83537500972  91.9659
4040.45364325501  92.96539
4041.07191150029  87.43585
4041.69017974557  86.61598
4042.30844799085  85.03699
4042.92671623613  80.16579
4043.54498448141  80.07561
4044.16325272669  84.12386
4044.78152097198  84.4174
4045.39978921726  84.56952
4046.01805746254  87.57594
4046.63632570782  84.62827
4047.2545939531  79.27377
4047.87286219838  81.46553
4048.49113044367  87.32951
4049.10939868895  89.40759
4049.72766693423  90.18204
4050.34593517951  88.36301
4050.96420342479  83.58739
4051.58247167007  80.9816
4052.20073991536  81.88319
4052.81900816064  87.26352
4053.43727640592  93.52556
4054.0555446512  93.19916
4054.67381289648  91.27724
4055.29208114176  93.22305
4055.91034938704  90.37788
4056.52861763233  83.71198
4057.14688587761  85.17667
4057.76515412289  91.40716
4058.38342236817  92.90999
4059.00169061345  91.22394
4059.61995885873  90.84284
4060.23822710402  92.02866
4060.8564953493  89.60468
4061.47476359458  85.61619
4062.09303183986  84.49727
4062.71130008514  82.515
4063.32956833042  84.06186
4063.94783657571  88.90539
4064.56610482099  88.40066
4065.18437306627  88.87975
4065.80264131155  92.14641
4066.42090955683  90.04269
4067.03917780211  85.95227
4067.65744604739  81.77832
4068.27571429268  82.83342
4068.89398253796  89.45653
4069.51225078324  91.14314
4070.13051902852  85.63209
4070.7487872738  84.85814
4071.36705551908  91.7183
4071.98532376436  94.75243
4072.60359200965  95.31853
4073.22186025493  98.82358
4073.84012850021  101.3759
4074.45839674549  99.50031
4075.07666499077  94.47258
4075.69493323605  94.828
4076.31320148133  100.7174
4076.93146972662  102.4802
4077.5497379719  101.2589
4078.16800621718  102.8585
4078.78627446246  109.3206
4079.40454270774  116.5218
4080.02281095303  119.5332
4080.64107919831  125.4581
4081.25934744359  127.9712
4081.87761568887  126.0033
4082.49588393415  124.0978
4083.11415217943  124.7024
4083.73242042472  127.6111
4084.35068867  129.8526
4084.96895691528  129.7823
4085.58722516056  131.1512
4086.20549340584  135.6728
4086.82376165112  144.9751
4087.4420298964  153.4318
4088.06029814169  153.125
4088.67856638697  153.2166
4089.29683463225  160.0826
4089.91510287753  165.7223
4090.53337112281  169.2641
4091.15163936809  169.3753
4091.76990761338  168.8584
4092.38817585866  174.6489
4093.00644410394  175.16
4093.62471234922  173.0387
4094.2429805945  176.2224
4094.86124883978  177.0187
4095.47951708506  168.8541
4096.09778533034  166.1137
4096.71605357563  165.9603
4097.33432182091  159.1606
4097.95259006619  149.5891
4098.57085831147  141.9064
4099.18912655675  134.3656
4099.80739480204  125.1829
4100.42566304732  116.1923
4101.0439312926  109.1645
4101.66219953788  109.5768
4102.28046778316  112.3648
4102.89873602844  109.9317
4103.51700427372  110.1296
4104.13527251901  116.331
4104.75354076429  126.3001
4105.37180900957  136.7138
4105.99007725485  144.1506
4106.60834550013  153.8784
4107.22661374541  163.7176
4107.8448819907  167.1611
4108.46315023598  168.4814
4109.08141848126  171.0636
4109.69968672654  171.616
4110.31795497182  168.5361
4110.9362232171  164.8296
4111.55449146239  163.9194
4112.17275970767  166.6947
4112.79102795295  171.6544
4113.40929619823  177.6129
4114.02756444351  180.4653
4114.64583268879  176.8116
4115.26410093407  169.8202
4115.88236917936  162.2696
4116.50063742464  157.304
4117.11890566992  156.7997
4117.7371739152  158.5283
4118.35544216048  157.4776
4118.97371040576  159.1858
4119.59197865105  160.0086
4120.21024689633  157.4115
4120.82851514161  154.1104
4121.44678338689  146.2066
4122.06505163217  136.7531
4122.68331987745  126.3634
4123.30158812273  123.9251
4123.91985636802  125.3109
4124.5381246133  123.3203
4125.15639285858  122.8946
4125.77466110386  122.6611
4126.39292934914  120.691
4127.01119759442  117.5303
4127.6294658397  112.0127
4128.24773408499  105.4935
4128.86600233027  104.6783
4129.48427057555  111.3319
4130.10253882083  116.034
4130.72080706611  109.052
4131.3390753114  98.0406
4131.95734355668  90.66124
4132.57561180196  89.75834
4133.19388004724  96.98158
4133.81214829252  100.5367
4134.4304165378  97.90208
4135.04868478309  95.73175
4135.66695302837  94.74329
4136.28522127365  94.12395
4136.90348951893  94.65771
4137.52175776421  93.19807
4138.14002600949  92.85534
4138.75829425477  97.07806
4139.37656250006  97.9696
4139.99483074534  92.94568
4140.61309899062  91.17593
4141.2313672359  94.96008
4141.84963548118  94.21228
4142.46790372646  89.72433
4143.08617197174  88.93283
4143.70444021703  91.00362
4144.32270846231  92.74667
4144.94097670759  93.69898
4145.55924495287  94.34959
4146.17751319815  95.29057
4146.79578144343  96.84406
4147.41404968872  96.33493
4148.032317934  93.29843
4148.65058617928  91.8064
4149.26885442456  85.67322
4149.88712266984  82.07077
4150.50539091512  81.07228
4151.1236591604  76.69508
4151.74192740569  75.25922
4152.36019565097  80.37428
4152.97846389625  88.07521
4153.59673214153  96.43469
4154.21500038681  101.9796
4154.83326863209  100.607
4155.45153687738  91.32808
4156.06980512266  81.86319
4156.68807336794  75.98679
4157.30634161322  73.21539
4157.9246098585  74.70206
4158.54287810378  80.24303
4159.16114634906  85.65776
4159.77941459435  86.10719
4160.39768283963  84.70618
4161.01595108491  84.4478
4161.63421933019  80.54717
4162.25248757547  77.75621
4162.87075582075  76.70876
4163.48902406604  73.41992
4164.10729231132  72.73331
4164.7255605566  76.41167
4165.34382880188  81.27048
4165.96209704716  86.46769
4166.58036529245  89.35374
4167.19863353773  85.57195
4167.81690178301  82.24927
4168.43517002829  82.3076
4169.05343827357  85.32283
4169.67170651885  86.81847
4170.28997476413  84.78778
4170.90824300942  84.21024
4171.5265112547  86.89724
4172.14477949998  90.83304
4172.76304774526  92.55891
4173.38131599054  89.93781
4173.99958423582  86.17533
4174.6178524811  84.93038
4175.23612072639  84.73833
4175.85438897167  82.49025
4176.47265721695  83.72792
4177.09092546223  85.32291
4177.70919370751  83.0051
4178.32746195279  84.91203
4178.94573019808  84.34515
4179.56399844336  81.56543
4180.18226668864  82.04598
4180.80053493392  80.19173
4181.4188031792  77.61751
4182.03707142448  79.25166
4182.65533966977  83.16631
4183.27360791505  84.56447
4183.89187616033  85.54195
4184.51014440561  90.70577
4185.12841265089  91.21811
4185.74668089617  87.00334
4186.36494914145  84.32899
4186.98321738674  84.79916
4187.60148563202  86.75102
4188.2197538773  87.6468
4188.83802212258  87.24406
4189.45629036786  82.68811
4190.07455861314  78.21938
4190.69282685843  78.41386
4191.31109510371  78.16772
4191.92936334899  76.18077
4192.54763159427  75.57376
4193.16589983955  80.78307
4193.78416808483  88.94254
4194.40243633011  93.33601
4195.0207045754  91.78281
4195.63897282068  91.96678
4196.25724106596  94.73698
4196.87550931124  96.78395
4197.49377755652  96.76997
4198.1120458018  91.61143
4198.73031404708  85.22832
4199.34858229237  81.62332
4199.96685053765  80.55835
4200.58511878293  82.31352
4201.20338702821  81.55284
4201.82165527349  76.17126
4202.43992351877  72.52536
4203.05819176406  73.44759
4203.67646000934  78.30748
4204.29472825462  85.97571
4204.9129964999  90.57379
4205.53126474518  90.51199
4206.14953299046  90.84998
4206.76780123575  91.45757
4207.38606948103  89.59941
4208.00433772631  85.23364
4208.62260597159  82.23564
4209.24087421687  83.28727
4209.85914246215  82.45776
4210.47741070743  83.63197
4211.09567895272  93.03494
4211.713947198  91.15361
4212.33221544328  79.66968
4212.95048368856  77.95477
4213.56875193384  84.84039
4214.18702017912  87.29233
4214.80528842441  86.43899
4215.42355666969  89.91393
4216.04182491497  91.69394
4216.66009316025  86.5806
4217.27836140553  81.97372
4217.89662965081  81.3667
4218.5148978961  81.64375
4219.13316614138  87.75996
4219.75143438666  90.7438
4220.36970263194  82.91443
4220.98797087722  77.79922
4221.6062391225  79.4402
4222.22450736779  83.3118
4222.84277561307  88.33365
4223.46104385835  87.62413
4224.07931210363  84.89676
4224.69758034891  85.99174
4225.31584859419  89.43601
4225.93411683947  93.20332
4226.55238508476  97.0005
4227.17065333004  94.50252
4227.78892157532  84.00435
4228.4071898206  76.81822
4229.02545806588  78.60452
4229.64372631116  82.15572
4230.26199455644  81.93661
4230.88026280173  81.48192
4231.49853104701  81.89169
4232.11679929229  84.53641
4232.73506753757  90.05078
4233.35333578285  90.28114
4233.97160402813  86.17211
4234.58987227342  85.40411
4235.2081405187  90.71584
4235.82640876398  92.6174
4236.44467700926  89.94275
4237.06294525454  87.12897
4237.68121349982  81.82823
4238.29948174511  77.93344
4238.91774999039  77.32674
4239.53601823567  81.58022
4240.15428648095  86.57227
4240.77255472623  85.6946
4241.39082297151  82.27301
4242.00909121679  82.80769
4242.62735946208  83.90058
4243.24562770736  83.44128
4243.86389595264  83.51041
4244.48216419792  84.39282
4245.1004324432  85.06161
4245.71870068848  88.86475
4246.33696893377  90.80029
4246.95523717905  88.21684
4247.57350542433  87.62265
4248.19177366961  88.05566
4248.81004191489  89.44022
4249.42831016017  92.50562
4250.04657840546  95.50249
4250.66484665074  96.21761
4251.28311489602  88.78973
4251.9013831413  78.81052
4252.51965138658  81.61627
4253.13791963186  88.60281
4253.75618787714  84.39815
4254.37445612243  77.60252
4254.99272436771  78.29785
4255.61099261299  81.71545
4256.22926085827  86.24185
4256.84752910355  88.23686
4257.46579734883  86.3177
4258.08406559412  81.13593
4258.7023338394  76.53943
4259.32060208468  77.8112
4259.93887032996  80.00313
4260.55713857524  79.58118
4261.17540682052  81.51021
4261.7936750658  88.13318
4262.41194331109  89.63481
4263.03021155637  84.49272
4263.64847980165  79.46852
4264.26674804693  77.70011
4264.88501629221  79.86012
4265.5032845375  83.31177
4266.12155278278  87.56169
4266.73982102806  87.56288
4267.35808927334  88.78752
4267.97635751862  92.03413
4268.5946257639  91.30551
4269.21289400918  88.47041
4269.83116225447  85.57947
4270.44943049975  81.85931
4271.06769874503  81.36311
4271.68596699031  83.9126
4272.30423523559  86.1956
4272.92250348087  88.79073
4273.54077172615  86.2474
4274.15903997144  81.77682
4274.77730821672  81.48488
4275.395576462  83.17394
4276.01384470728  87.20007
4276.63211295256  92.64224
4277.25038119784  93.16982
4277.86864944313  92.69566
4278.48691768841  92.49818
4279.10518593369  89.94307
4279.72345417897  86.61536
4280.34172242425  84.5866
4280.95999066953  85.89784
4281.57825891481  89.47384
4282.1965271601  91.8407
4282.81479540538  90.85506
4283.43306365066  88.07849
4284.05133189594  90.6073
4284.66960014122  90.77514
4285.2878683865  88.89194
4285.90613663179  92.11436
4286.52440487707  93.9913
4287.14267312235  90.82312
4287.76094136763  89.22813
4288.37920961291  89.97961
4288.99747785819  92.30408
4289.61574610347  91.64056
4290.23401434876  92.59671
4290.85228259404  93.23177
4291.47055083932  88.20892
4292.0888190846  85.53741
4292.70708732988  89.91592
4293.32535557516  90.81165
4293.94362382045  89.1125
4294.56189206573  90.00802
4295.18016031101  89.38742
4295.79842855629  89.29292
4296.41669680157  91.01271
4297.03496504685  90.6926
4297.65323329213  90.32974
4298.27150153742  92.11862
4298.8897697827  92.18515
4299.50803802798  89.84351
4300.12630627326  89.1871
4300.74457451854  89.9707
4301.36284276383  91.53319
4301.98111100911  93.22824
4302.59937925439  96.04822
4303.21764749967  95.31101
4303.83591574495  88.61135
4304.45418399023  83.0722
4305.07245223551  82.03067
4305.6907204808  90.89797
4306.30898872608  99.8204
4306.92725697136  98.34802
4307.54552521664  95.12875
4308.16379346192  95.97047
4308.7820617072  96.27014
4309.40032995249  96.78177
4310.01859819777  98.39503
4310.63686644305  102.0481
4311.25513468833  108.7934
4311.87340293361  109.9405
4312.49167117889  105.6871
4313.10993942417  107.1843
4313.72820766945  108.2214
4314.34647591474  105.7039
4314.96474416002  109.552
4315.5830124053  113.5258
4316.20128065058  111.4157
4316.81954889586  110.6571
4317.43781714115  112.5895
4318.05608538643  114.331
4318.67435363171  116.0665
4319.29262187699  121.9782
4319.91089012227  127.1068
4320.52915836755  130.6162
4321.14742661284  133.0416
4321.76569485812  134.07
4322.3839631034  133.4508
4323.00223134868  136.2403
4323.62049959396  142.0611
4324.23876783924  145.3312
4324.85703608452  145.2542
4325.47530432981  148.0885
4326.09357257509  155.7657
4326.71184082037  167.2724
4327.33010906565  178.2796
4327.94837731093  175.8815
4328.56664555621  164.6509
4329.18491380149  165.6345
4329.80318204678  176.3645
4330.42145029206  182.3866
4331.03971853734  183.4552
4331.65798678262  181.6629
4332.2762550279  182.0952
4332.89452327318  182.9511
4333.51279151847  182.9709
4334.13105976375  185.4211
4334.74932800903  181.5328
4335.36759625431  175.7614
4335.98586449959  172.131
4336.60413274487  164.5839
4337.22240099016  153.7453
4337.84066923544  142.8143
4338.45893748072  131.6879
4339.077205726  118.8517
4339.69547397128  110.2825
4340.31374221656  108.026
4340.93201046184  114.6393
4341.55027870713  126.4997
4342.16854695241  133.4897
4342.78681519769  133.2426
4343.40508344297  133.6025
4344.02335168825  143.1853
4344.64161993353  157.728
4345.25988817881  164.3697
4345.8781564241  166.4494
4346.49642466938  172.8685
4347.11469291466  178.5488
4347.73296115994  178.5436
4348.35122940522  177.4215
4348.9694976505  178.5764
4349.58776589579  182.1268
4350.20603414107  185.4656
4350.82430238635  190.381
4351.44257063163  198.4074
4352.06083887691  195.1923
4352.67910712219  180.8919
4353.29737536748  171.8011
4353.91564361276  176.4903
4354.53391185804  177.0196
4355.15218010332  170.6582
4355.7704483486  164.3102
4356.38871659388  160.5843
4357.00698483917  157.1219
4357.62525308445  152.0728
4358.24352132973  148.632
4358.86178957501  149.308
4359.48005782029  155.1278
4360.09832606557  154.7459
4360.71659431086  147.4966
4361.33486255614  142.0706
4361.95313080142  140.0659
4362.5713990467  137.9044
4363.18966729198  133.2926
4363.80793553726  126.8809
4364.42620378254  122.4909
4365.04447202783  123.7594
4365.66274027311  123.7794
4366.28100851839  118.8925
4366.89927676367  117.1547
4367.51754500895  117.4357
4368.13581325423  115.8899
4368.75408149951  115.3526
4369.3723497448  115.9903
4369.99061799008  114.3134
4370.60888623536  108.938
4371.22715448064  106.6746
4371.84542272592  106.4898
4372.4636909712  102.7893
4373.08195921649  98.08319
4373.70022746177  96.62556
4374.31849570705  97.5541
4374.93676395233  97.12437
4375.55503219761  95.8336
4376.17330044289  96.41428
4376.79156868817  98.81425
4377.40983693346  100.2173
4378.02810517874  103.3623
4378.64637342402  103.3131
4379.2646416693  101.204
4379.88290991458  100.5097
4380.50117815986  98.71754
4381.11944640515  96.13858
4381.73771465043  95.51599
4382.35598289571  94.6009
4382.97425114099  93.74098
4383.59251938627  96.37389
4384.21078763155  94.65375
4384.82905587684  85.68631
4385.44732412212  80.46074
4386.0655923674  83.23971
4386.68386061268  89.08977
4387.30212885796  93.13022
4387.92039710324  91.17738
4388.53866534853  83.77434
4389.15693359381  79.15437
4389.77520183909  78.19914
4390.39347008437  78.94461
4391.01173832965  84.02595
4391.63000657493  87.41212
4392.24827482021  86.22915
4392.8665430655  82.86737
4393.48481131078  86.07137
4394.10307955606  91.47012
4394.72134780134  91.21024
4395.33961604662  90.44012
4395.9578842919  88.7345
4396.57615253718  88.88702
4397.19442078247  92.6956
4397.81268902775  92.70896
4398.43095727303  91.94366
4399.04922551831  92.57901
4399.66749376359  97.82465
4400.28576200887  99.65131
4400.90403025416  97.35968
4401.52229849944  93.69328
4402.14056674472  90.42854
4402.75883499  92.30801
4403.37710323528  91.98622
4403.99537148056  92.88066
4404.61363972585  99.3054
4405.23190797113  100.1696
4405.85017621641  96.28329
4406.46844446169  96.30092
4407.08671270697  100.2944
4407.70498095225  97.42449
4408.32324919754  92.17214
4408.94151744282  86.31959
4409.5597856881  79.34464
4410.17805393338  80.85318
4410.79632217866  87.48964
4411.41459042394  91.56386
4412.03285866922  91.90897
4412.65112691451  91.93683
4413.26939515979  93.21164
4413.88766340507  93.7699
4414.50593165035  93.45153
4415.12419989563  92.28645
4415.74246814091  92.62127
4416.3607363862  93.52974
4416.97900463148  89.67641
4417.59727287676  87.41643
4418.21554112204  91.14653
4418.83380936732  92.06902
4419.4520776126  90.18369
4420.07034585788  88.0786
4420.68861410317  85.41348
4421.30688234845  82.78476
4421.92515059373  83.38582
4422.54341883901  85.30354
4423.16168708429  86.35834
4423.77995532957  88.58611
4424.39822357486  92.10594
4425.01649182014  94.28212
4425.63476006542  88.11105
4426.2530283107  82.09001
4426.87129655598  81.21065
4427.48956480126  80.60262
4428.10783304654  80.50505
4428.72610129183  83.71425
4429.34436953711  87.80765
4429.96263778239  92.82157
4430.58090602767  91.86986
4431.19917427295  87.07608
4431.81744251823  86.36667
4432.43571076352  82.90625
4433.0539790088  76.79602
4433.67224725408  78.78792
4434.29051549936  83.49039
4434.90878374464  82.25717
4435.52705198992  80.03574
4436.14532023521  80.58591
4436.76358848049  83.86809
4437.38185672577  87.73289
4438.00012497105  90.77312
4438.61839321633  91.73223
4439.23666146161  92.51629
4439.8549297069  96.15294
4440.47319795218  98.35451
4441.09146619746  93.28751
4441.70973444274  88.41865
4442.32800268802  87.99389
4442.9462709333  90.46073
4443.56453917858  94.52161
4444.18280742387  94.16336
4444.80107566915  87.91168
4445.41934391443  83.21037
4446.03761215971  83.3384
4446.65588040499  89.80438
4447.27414865027  97.32765
4447.89241689555  101.6208
4448.51068514084  102.4892
4449.12895338612  104.1658
4449.7472216314  104.8616
4450.36548987668  105.8055
4450.98375812196  107.8283
4451.60202636724  107.8107
4452.22029461253  102.5215
4452.83856285781  104.6059
4453.45683110309  110.2931
4454.07509934837  114.7551
4454.69336759365  114.7351
4455.31163583893  114.0592
4455.92990408422  114.4326
4456.5481723295  114.3885
4457.16644057478  111.5292
4457.78470882006  106.1315
4458.40297706534  104.3974
4459.02124531062  104.1767
4459.6395135559  103.4259
4460.25778180119  108.7502
4460.87605004647  110.6852
4461.49431829175  109.4191
4462.11258653703  112.9152
4462.73085478231  117.2339
4463.34912302759  115.5189
4463.96739127288  113.1353
4464.58565951816  120.0347
4465.20392776344  127.0273
4465.82219600872  121.798
4466.440464254  112.5269
4467.05873249928  108.4052
4467.67700074456  106.7493
4468.29526898985  105.1747
4468.91353723513  98.88145
4469.53180548041  92.39302
4470.15007372569  92.22945
4470.76834197097  90.03296
4471.38661021625  85.62569
4472.00487846154  87.96427
4472.62314670682  91.32462
4473.2414149521  89.33295
4473.85968319738  92.13631
4474.47795144266  98.62834
4475.09621968794  98.99021
4475.71448793323  99.23203
4476.33275617851  103.9392
4476.95102442379  102.7632
4477.56929266907  100.2587
4478.18756091435  98.71145
4478.80582915963  95.71492
4479.42409740491  95.31718
4480.0423656502  101.2406
4480.66063389548  107.3915
4481.27890214076  109.5608
4481.89717038604  108.9394
4482.51543863132  106.6271
4483.1337068766  107.0276
4483.75197512189  111.253
4484.37024336717  112.9723
4484.98851161245  109.0467
4485.60677985773  109.1063
4486.22504810301  115.6488
4486.84331634829  116.5781
4487.46158459358  111.2045
4488.07985283886  110.5221
4488.69812108414  116.2598
4489.31638932942  117.0149
4489.9346575747  115.4414
4490.55292581998  115.9839
4491.17119406526  115.8306
4491.78946231055  113.7727
4492.40773055583  113.1722
4493.02599880111  116.4867
4493.64426704639  117.3664
4494.26253529167  117.7587
4494.88080353695  118.271
4495.49907178224  117.7795
4496.11734002752  117.0757
4496.7356082728  113.3531
4497.35387651808  110.8131
4497.97214476336  107.7329
4498.59041300864  103.2963
4499.20868125392  104.6227
4499.8269494992  105.0984
4500.44521774449  101.9095
4501.06348598977  99.92792
4501.68175423505  97.48666
4502.30002248033  93.62178
4502.91829072561  90.42902
4503.5365589709  90.9681
4504.15482721618  95.90145
4504.77309546146  104.2326
4505.39136370674  104.9389
4506.00963195202  99.61041
4506.6279001973  97.70287
4507.24616844259  96.90672
4507.86443668787  94.6108
4508.48270493315  92.97031
4509.10097317843  91.1773
4509.71924142371  93.88052
4510.33750966899  97.11964
4510.95577791427  97.49255
4511.57404615956  96.28256
4512.19231440484  95.27655
4512.81058265012  96.53474
4513.4288508954  98.8933
4514.04711914068  95.422
4514.66538738596  93.96171
4515.28365563125  95.08168
4515.90192387653  95.29903
4516.52019212181  95.57993
4517.13846036709  95.16885
4517.75672861237  98.34122
4518.37499685765  101.1596
4518.99326510293  93.15279
4519.61153334822  88.87651
4520.2298015935  93.8226
4520.84806983878  98.97797
4521.46633808406  96.43805
4522.08460632934  92.98668
4522.70287457462  99.1105
4523.32114281991  103.9519
4523.93941106519  101.581
4524.55767931047  103.712
4525.17594755575  107.0015
4525.79421580103  110.4175
4526.41248404631  109.2776
4527.0307522916  104.4069
4527.64902053688  100.3285
4528.26728878216  101.9477
4528.88555702744  102.6235
4529.50382527272  97.41234
4530.122093518  94.54147
4530.74036176328  100.1993
4531.35863000856  103.5631
4531.97689825385  98.73504
4532.59516649913  96.20049
4533.21343474441  99.57849
4533.83170298969  105.8984
4534.44997123497  109.5291
4535.06823948026  111.1168
4535.68650772554  109.9514
4536.30477597082  105.0575
4536.9230442161  99.89001
4537.54131246138  100.6464
4538.15958070666  101.0381
4538.77784895194  97.14221
4539.39611719723  92.86577
4540.01438544251  87.75284
4540.63265368779  89.13675
4541.25092193307  97.25601
4541.86919017835  99.48656
4542.48745842363  97.32399
4543.10572666892  98.76002
4543.7239949142  101.3602
4544.34226315948  99.50127
4544.96053140476  92.6132
4545.57879965004  91.84072
4546.19706789532  101.2482
4546.81533614061  106.7127
4547.43360438589  106.0532
4548.05187263117  107.6227
4548.67014087645  108.8536
4549.28840912173  106.7539
4549.90667736701  104.9517
4550.52494561229  103.3905
4551.14321385758  103.9052
4551.76148210286  101.856
4552.37975034814  95.61978
4552.99801859342  94.00778
4553.6162868387  97.99606
4554.23455508398  100.4736
4554.85282332927  98.20377
4555.47109157455  94.4248
4556.08935981983  92.81712
4556.70762806511  96.87811
4557.32589631039  98.01051
4557.94416455567  96.56889
4558.56243280095  99.74202
4559.18070104624  102.7874
4559.79896929152  101.8394
4560.4172375368  99.54157
4561.03550578208  101.6995
4561.65377402736  106.628
4562.27204227264  107.9843
4562.89031051792  104.8109
4563.50857876321  97.66191
4564.12684700849  92.99858
4564.74511525377  97.58343
4565.36338349905  102.0949
4565.98165174433  103.0424
4566.59991998962  103.3032
4567.2181882349  100.397
4567.83645648018  103.9962
4568.45472472546  111.1528
4569.07299297074  109.6593
4569.69126121602  105.7849
4570.3095294613  105.8039
4570.92779770659  108.0346
4571.54606595187  108.5791
4572.16433419715  104.6613
4572.78260244243  103.7073
4573.40087068771  106.7318
4574.01913893299  108.0963
4574.63740717827  103.0847
4575.25567542356  96.22083
4575.87394366884  93.73167
4576.49221191412  94.5394
4577.1104801594  95.61646
4577.72874840468  96.99533
4578.34701664997  96.29994
4578.96528489525  95.73196
4579.58355314053  96.34306
4580.20182138581  98.60843
4580.82008963109  101.7512
4581.43835787637  105.8766
4582.05662612165  105.3544
4582.67489436694  101.927
4583.29316261222  98.82101
4583.9114308575  90.7175
4584.52969910278  91.36382
4585.14796734806  101.0913
4585.76623559334  103.0156
4586.38450383863  99.87861
4587.00277208391  98.69211
4587.62104032919  98.48271
4588.23930857447  99.70262
4588.85757681975  100.5206
4589.47584506503  98.80589
4590.09411331031  98.15388
4590.7123815556  97.23389
4591.33064980088  95.57932
4591.94891804616  97.94419
4592.56718629144  102.739
4593.18545453672  103.0259
4593.803722782  102.4826
4594.42199102729  100.8232
4595.04025927257  98.84709
4595.65852751785  101.7446
4596.27679576313  104.1405
4596.89506400841  101.7299
4597.51333225369  99.06486
4598.13160049898  96.50212
4598.74986874426  97.51073
4599.36813698954  97.14452
4599.98640523482  93.91688
4600.6046734801  91.91048
4601.22294172538  96.08099
4601.84120997066  105.021
4602.45947821595  107.1681
4603.07774646123  103.2742
4603.69601470651  100.6936
4604.31428295179  101.5742
4604.93255119707  99.97278
4605.55081944235  92.04411
4606.16908768763  89.98327
4606.78735593292  95.9566
4607.4056241782  98.52351
4608.02389242348  99.7341
4608.64216066876  102.466
4609.26042891404  103.689
4609.87869715932  101.5098
4610.49696540461  96.1513
4611.11523364989  93.81166
4611.73350189517  95.07222
4612.35177014045  92.10486
4612.97003838573  87.94657
4613.58830663101  87.41566
4614.20657487629  90.54651
4614.82484312158  95.20245
4615.44311136686  97.14693
4616.06137961214  92.36232
4616.67964785742  88.19934
4617.2979161027  88.55046
4617.91618434798  91.77119
4618.53445259326  94.9048
4619.15272083855  96.73687
4619.77098908383  99.04039
4620.38925732911  101.3833
4621.00752557439  98.80653
4621.62579381967  95.15572
4622.24406206496  98.73088
4622.86233031024  104.8809
4623.48059855552  105.0928
4624.0988668008  101.1716
4624.71713504608  98.24834
4625.33540329136  96.38519
4625.95367153665  97.58729
4626.57193978193  98.34235
4627.19020802721  98.84627
4627.80847627249  100.2262
4628.42674451777  101.475
4629.04501276305  103.5207
4629.66328100833  104.495
4630.28154925362  106.7451
4630.8998174989  105.6837
4631.51808574418  98.14053
4632.13635398946  94.38158
4632.75462223474  94.82588
4633.37289048002  95.91907
4633.9911587253  97.79432
4634.60942697059  100.4402
4635.22769521587  100.0789
4635.84596346115  102.7553
4636.46423170643  110.9698
4637.08249995171  114.944
4637.70076819699  109.5789
4638.31903644228  100.6094
4638.93730468756  95.50314
4639.55557293284  99.66326
4640.17384117812  103.5766
4640.7921094234  102.1127
4641.41037766868  100.0429
4642.02864591397  101.3011
4642.64691415925  99.05784
4643.26518240453  90.3867
4643.88345064981  89.49542
4644.50171889509  97.40341
4645.11998714037  103.7553
4645.73825538565  106.8655
4646.35652363094  107.8806
4646.97479187622  103.869
4647.5930601215  98.13464
4648.21132836678  97.35359
4648.82959661206  102.9152
4649.44786485734  106.6273
4650.06613310263  107.9934
4650.68440134791  108.5715
4651.30266959319  110.4313
4651.92093783847  109.5898
4652.53920608375  100.2991
4653.15747432903  94.72812
4653.77574257432  98.84171
4654.3940108196  102.719
4655.01227906488  104.3811
4655.63054731016  102.3472
4656.24881555544  96.78102
4656.86708380072  93.99258
4657.485352046  98.542
4658.10362029129  102.1422
4658.72188853657  103.6543
4659.34015678185  110.5295
4659.95842502713  112.0979
4660.57669327241  110.5717
4661.19496151769  111.5976
4661.81322976298  111.4537
4662.43149800826  107.6073
4663.04976625354  105.4134
4663.66803449882  106.5971
4664.2863027441  107.0569
4664.90457098938  109.6119
4665.52283923466  109.5029
4666.14110747995  104.2521
4666.75937572523  106.7992
4667.37764397051  113.5259
4667.99591221579  109.9459
4668.61418046107  102.1033
4669.23244870636  101.1097
4669.85071695164  105.3017
4670.46898519692  111.8582
4671.0872534422  113.5439
4671.70552168748  115.5193
4672.32378993276  118.7189
4672.94205817804  117.5949
4673.56032642333  113.9243
4674.17859466861  105.6736
4674.79686291389  99.22276
4675.41513115917  101.8202
4676.03339940445  107.819
4676.65166764973  114.8293
4677.26993589501  122.183
4677.8882041403  121.6703
4678.50647238558  117.9617
4679.12474063086  114.886
4679.74300887614  106.9005
4680.36127712142  100.8376
4680.9795453667  101.2675
4681.59781361199  102.5406
4682.21608185727  105.0956
4682.83435010255  109.1705
4683.45261834783  111.0283
4684.07088659311  107.2058
4684.68915483839  101.0726
4685.30742308367  100.2993
4685.92569132896  109.28
4686.54395957424  116.5055
4687.16222781952  115.5803
4687.7804960648  108.6979
4688.39876431008  108.9836
4689.01703255536  112.6034
4689.63530080064  107.0495
4690.25356904593  103.357
4690.87183729121  108.8571
4691.49010553649  110.0166
4692.10837378177  107.9568
4692.72664202705  108.5351
4693.34491027234  109.2413
4693.96317851762  109.8264
4694.5814467629  109.2741
4695.19971500818  109.4226
4695.81798325346  111.1465
4696.43625149874  113.3075
4697.05451974402  110.1461
4697.67278798931  106.3632
4698.29105623459  109.4002
4698.90932447987  112.2126
4699.52759272515  111.6554
4700.14586097043  109.6198
4700.76412921571  107.8122
4701.38239746099  107.7235
4702.00066570628  111.2863
4702.61893395156  118.5381
4703.23720219684  122.8935
4703.85547044212  117.2628
4704.4737386874  107.5657
4705.09200693269  103.8924
4705.71027517797  105.3821
4706.32854342325  107.7743
4706.94681166853  111.6038
4707.56507991381  116.2369
4708.18334815909  117.4998
4708.80161640437  115.0212
4709.41988464966  113.977
4710.03815289494  113.0622
4710.65642114022  105.4704
4711.2746893855  101.7509
4711.89295763078  100.9325
4712.51122587606  96.75758
4713.12949412135  99.13908
4713.74776236663  103.8288
4714.36603061191  101.2662
4714.98429885719  96.49117
4715.60256710247  97.82009
4716.22083534775  104.8118
4716.83910359303  111.2704
4717.45737183832  109.9995
4718.0756400836  103.7019
4718.69390832888  101.811
4719.31217657416  105.0633
4719.93044481944  105.6424
4720.54871306472  101.3725
4721.16698131  103.3759
4721.78524955529  111.4432
4722.40351780057  113.9523
4723.02178604585  110.9956
4723.64005429113  106.4724
4724.25832253641  100.932
4724.8765907817  101.8241
4725.49485902698  107.9572
4726.11312727226  111.764
4726.73139551754  115.4217
4727.34966376282  118.5375
4727.9679320081  115.604
4728.58620025338  107.8986
4729.20446849867  107.5269
4729.82273674395  110.4565
4730.44100498923  109.2089
4731.05927323451  106.8059
4731.67754147979  103.2013
4732.29580972507  103.5098
4732.91407797036  101.7945
4733.53234621564  99.75272
4734.15061446092  100.8762
4734.7688827062  101.0284
4735.38715095148  99.73152
4736.00541919676  97.98486
4736.62368744204  100.0201
4737.24195568733  100.2
4737.86022393261  97.44569
4738.47849217789  98.01418
4739.09676042317  101.5108
4739.71502866845  103.6058
4740.33329691373  103.0102
4740.95156515902  103.2608
4741.5698334043  103.2279
4742.18810164958  102.5367
4742.80636989486  101.5601
4743.42463814014  103.0916
4744.04290638542  104.1434
4744.6611746307  100.1525
4745.27944287599  97.37206
4745.89771112127  96.18309
4746.51597936655  95.32831
4747.13424761183  95.27077
4747.75251585711  97.89683
4748.37078410239  100.8212
4748.98905234767  99.06885
4749.60732059296  95.89891
4750.22558883824  94.09171
4750.84385708352  91.12074
4751.4621253288  91.23442
4752.08039357408  95.91865
4752.69866181936  97.71439
4753.31693006465  95.36774
4753.93519830993  96.37228
4754.55346655521  96.50035
4755.17173480049  90.49794
4755.79000304577  88.5968
4756.40827129105  92.50818
4757.02653953634  94.40467
4757.64480778162  97.62595
4758.2630760269  98.12407
4758.88134427218  91.66485
4759.49961251746  89.20323
4760.11788076274  92.85426
4760.73614900803  97.40034
4761.35441725331  99.23752
4761.97268549859  95.44264
4762.59095374387  92.25246
4763.20922198915  97.57443
4763.82749023443  104.3817
4764.44575847972  102.9005
4765.064026725  95.2809
4765.68229497028  90.72859
4766.30056321556  90.62135
4766.91883146084  88.08282
4767.53709970612  87.30821
4768.1553679514  87.40567
4768.77363619669  91.03038
4769.39190444197  96.4881
4770.01017268725  98.7167
4770.62844093253  98.26482
4771.24670917781  95.06012
4771.86497742309  90.53444
4772.48324566837  87.46478
4773.10151391366  89.2793
4773.71978215894  92.82756
4774.33805040422  93.52363
4774.9563186495  91.18974
4775.57458689478  88.1707
4776.19285514006  88.81609
4776.81112338535  95.6282
4777.42939163063  96.99194
4778.04765987591  87.80261
4778.66592812119  82.25766
4779.28419636647  90.32935
4779.90246461175  100.2765
4780.52073285704  101.6368
4781.13900110232  98.34077
4781.7572693476  97.60362
4782.37553759288  94.89973
4782.99380583816  93.67805
4783.61207408344  96.89247
4784.23034232872  95.69562
4784.84861057401  92.84213
4785.46687881929  91.73466
4786.08514706457  88.49242
4786.70341530985  86.36407
4787.32168355513  88.49329
4787.93995180041  90.8216
4788.5582200457  90.18774
4789.17648829098  91.00317
4789.79475653626  93.98859
4790.41302478154  91.2944
4791.03129302682  84.75883
4791.6495612721  83.25052
4792.26782951738  83.88633
4792.88609776267  84.58933
4793.50436600795  88.54683
4794.12263425323  92.95328
4794.74090249851  93.07426
4795.35917074379  92.72581
4795.97743898907  92.87949
4796.59570723436  94.40752
4797.21397547964  99.86756
4797.83224372492  102.2568
4798.4505119702  98.53909
4799.06878021548  97.5641
4799.68704846076  101.1135
4800.30531670605  99.53534
4800.92358495133  94.00552
4801.54185319661  90.86467
4802.16012144189  90.78935
4802.77838968717  95.1998
4803.39665793245  96.97081
4804.01492617773  95.72714
4804.63319442302  96.49447
4805.2514626683  94.05536
4805.86973091358  92.45949
4806.48799915886  96.43738
4807.10626740414  94.29024
4807.72453564942  91.50008
4808.34280389471  95.87973
4808.96107213999  97.43622
4809.57934038527  90.46179
4810.19760863055  91.17751
4810.81587687583  98.5716
4811.43414512111  101.5238
4812.0524133664  97.86505
4812.67068161168  96.35536
4813.28894985696  99.8
4813.90721810224  98.83741
4814.52548634752  97.34865
4815.1437545928  101.8221
4815.76202283808  104.5631
4816.38029108337  105.8202
4816.99855932865  105.3585
4817.61682757393  105.1838
4818.23509581921  102.7959
4818.85336406449  97.24034
4819.47163230977  99.11461
4820.08990055506  100.7629
4820.70816880034  98.82338
4821.32643704562  99.94103
4821.9447052909  100.0038
4822.56297353618  101.781
4823.18124178146  109.3245
4823.79951002674  118.0247
4824.41777827203  115.9814
4825.03604651731  111.4805
4825.65431476259  113.6426
4826.27258300787  114.9128
4826.89085125315  111.4052
4827.50911949843  111.4914
4828.12738774372  116.3283
4828.745655989  118.8271
4829.36392423428  116.4326
4829.98219247956  118.4281
4830.60046072484  122.1563
4831.21872897012  117.3924
4831.8369972154  116.4931
4832.45526546069  123.4638
4833.07353370597  133.8648
4833.69180195125  142.0635
4834.31007019653  140.3637
4834.92833844181  136.9549
4835.54660668709  141.5923
4836.16487493238  143.9959
4836.78314317766  142.9208
4837.40141142294  149.7382
4838.01967966822  159.6277
4838.6379479135  158.8501
4839.25621615878  160.25
4839.87448440407  165.6397
4840.49275264935  169.1177
4841.11102089463  175.3902
4841.72928913991  182.0761
4842.34755738519  187.0465
4842.96582563047  192.0663
4843.58409387576  188.976
4844.20236212104  187.9637
4844.82063036632  195.7326
4845.4388986116  199.7722
4846.05716685688  205.9565
4846.67543510216  216.1211
4847.29370334744  223.638
4847.91197159273  230.6138
4848.53023983801  235.2065
4849.14850808329  233.7584
4849.76677632857  235.4433
4850.38504457385  243.6576
4851.00331281913  254.3556
4851.62158106442  256.8401
4852.23984930969  253.5697
4852.85811755498  254.7917
4853.47638580026  258.5303
4854.09465404554  258.5007
4854.71292229082  251.7965
4855.3311905361  243.5087
4855.94945878139  235.8039
4856.56772702667  226.7081
4857.18599527195  217.3624
4857.80426351723  211.2835
4858.42253176251  203.2776
4859.04080000779  186.289
4859.65906825308  170.955
4860.27733649836  163.6667
4860.89560474364  150.9557
4861.51387298892  139.4731
4862.1321412342  143.6241
4862.75040947948  153.7229
4863.36867772476  162.6085
4863.98694597005  175.7426
4864.60521421533  193.0716
4865.22348246061  204.4989
4865.84175070589  211.1516
4866.46001895117  221.2515
4867.07828719645  228.8499
4867.69655544174  234.9722
4868.31482368702  247.8798
4868.9330919323  263.4773
4869.55136017758  272.7685
4870.16962842286  272.9302
4870.78789666814  266.6969
4871.40616491343  267.1825
4872.02443315871  269.6261
4872.64270140399  265.8688
4873.26096964927  263.6806
4873.87923789455  262.8899
4874.49750613983  256.8082
4875.11577438511  249.5583
4875.7340426304  250.5232
4876.35231087568  247.246
4876.97057912096  232.8224
4877.58884736624  220.8846
4878.20711561152  209.5601
4878.8253838568  199.9062
4879.44365210208  201.9789
4880.06192034737  209.9666
4880.68018859265  204.7332
4881.29845683793  192.306
4881.91672508321  188.8647
4882.53499332849  187.1823
4883.15326157377  182.1582
4883.77152981906  178.1465
4884.38979806434  170.8192
4885.00806630962  162.0522
4885.6263345549  162.3034
4886.24460280018  168.5584
4886.86287104546  168.6048
4887.48113929075  161.9947
4888.09940753603  151.8427
4888.71767578131  145.781
4889.33594402659  143.5107
4889.95421227187  142.2588
4890.57248051715  143.2432
4891.19074876244  144.9252
4891.80901700772  143.7297
4892.427285253  137.5311
4893.04555349828  129.5985
4893.66382174356  130.5407
4894.28208998884  137.8072
4894.90035823412  136.9641
4895.51862647941  127.6249
4896.13689472469  122.1217
4896.75516296997  124.6176
4897.37343121525  128.0625
4897.99169946053  127.0214
4898.60996770581  124.7779
4899.2282359511  121.126
4899.84650419638  121.4687
4900.46477244166  122.6815
4901.08304068694  121.8714
4901.70130893222  124.2364
4902.3195771775  128.684
4902.93784542278  124.5227
4903.55611366807  120.5071
4904.17438191335  120.5745
4904.79265015863  115.7179
4905.41091840391  111.2991
4906.02918664919  112.5545
4906.64745489447  114.4643
4907.26572313976  116.0071
4907.88399138504  117.4804
4908.50225963032  111.9168
4909.1205278756  107.521
4909.73879612088  117.7432
4910.35706436616  126.4261
4910.97533261145  123.5663
4911.59360085673  116.6189
4912.21186910201  111.8215
4912.83013734729  109.42
4913.44840559257  109.9161
4914.06667383785  116.4313
4914.68494208313  121.6502
4915.30321032842  121.1857
4915.9214785737  121.1926
4916.53974681898  119.8263
4917.15801506426  115.4599
4917.77628330954  114.1216
4918.39455155482  113.8025
4919.0128198001  112.9394
4919.63108804539  111.0155
4920.24935629067  109.6901
4920.86762453595  104.3211
4921.48589278123  97.41119
4922.10416102651  96.29742
4922.7224292718  100.2203
4923.34069751708  101.1055
4923.95896576236  97.33508
4924.57723400764  95.78984
4925.19550225292  100.7675
4925.8137704982  106.9297
4926.43203874348  108.8529
4927.05030698877  104.3091
4927.66857523405  101.2464
4928.28684347933  102.3853
4928.90511172461  103.0184
4929.52337996989  105.6623
4930.14164821517  109.3146
4930.75991646045  106.9664
4931.37818470574  100.0982
4931.99645295102  97.73006
4932.6147211963  100.2204
4933.23298944158  100.4697
4933.85125768686  98.7982
4934.46952593214  100.6838
4935.08779417742  101.9618
4935.70606242271  99.93423
4936.32433066799  100.0058
4936.94259891327  101.3622
4937.56086715855  106.3506
4938.17913540383  110.9651
4938.79740364912  109.162
4939.4156718944  104.7277
4940.03394013968  106.5966
4940.65220838496  105.4008
4941.27047663024  97.57442
4941.88874487552  93.41574
4942.50701312081  96.7785
4943.12528136609  102.4408
4943.74354961137  101.9884
4944.36181785665  100.3034
4944.98008610193  103.0232
4945.59835434721  103.5439
4946.21662259249  99.40521
4946.83489083778  96.91533
4947.45315908306  104.8232
4948.07142732834  110.0063
4948.68969557362  105.2172
4949.3079638189  98.84866
4949.92623206418  98.59085
4950.54450030946  98.02631
4951.16276855475  96.1327
4951.78103680003  96.8636
4952.39930504531  96.09023
4953.01757329059  95.80339
4953.63584153587  97.3132
4954.25410978115  95.97385
4954.87237802643  95.97534
4955.49064627172  98.07162
4956.108914517  99.04372
4956.72718276228  94.02837
4957.34545100756  88.59843
4957.96371925284  89.96654
4958.58198749813  95.08402
4959.20025574341  97.40596
4959.81852398869  95.03592
4960.43679223397  93.71158
4961.05506047925  92.12431
4961.67332872453  89.21169
4962.29159696981  90.74138
4962.9098652151  95.97371
4963.52813346038  100.9236
4964.14640170566  95.86475
4964.76466995094  90.40874
4965.38293819622  93.69363
4966.0012064415  97.75589
4966.61947468678  96.65033
4967.23774293207  95.0811
4967.85601117735  93.60543
4968.47427942263  91.7197
4969.09254766791  93.44771
4969.71081591319  97.0065
4970.32908415847  102.2304
4970.94735240376  105.347
4971.56562064904  106.5665
4972.18388889432  98.8765
4972.8021571396  87.78861
4973.42042538488  88.10457
4974.03869363016  92.81731
4974.65696187545  96.46176
4975.27523012073  95.96044
4975.89349836601  95.56071
4976.51176661129  96.98553
4977.13003485657  97.96509
4977.74830310185  96.25539
4978.36657134713  92.48311
4978.98483959242  87.87547
4979.6031078377  85.37665
4980.22137608298  85.3284
4980.83964432826  86.67761
4981.45791257354  88.30804
4982.07618081882  88.98283
4982.69444906411  90.77847
4983.31271730939  89.10327
4983.93098555467  87.02504
4984.54925379995  87.24074
4985.16752204523  88.59366
4985.78579029051  91.87019
4986.40405853579  96.82491
4987.02232678108  102.7488
4987.64059502636  103.5135
4988.25886327164  96.28733
4988.87713151692  94.78714
4989.4953997622  102.2286
4990.11366800749  105.2569
4990.73193625277  101.901
4991.35020449805  96.96783
4991.96847274333  97.20528
4992.58674098861  104.6438
4993.20500923389  108.2518
4993.82327747917  105.8759
4994.44154572446  102.2167
4995.05981396974  101.2999
4995.67808221502  108.1903
4996.2963504603  112.106
4996.91461870558  110.6783
4997.53288695086  107.4637
4998.15115519615  107.8732
4998.76942344143  112.2311
4999.38769168671  116.2086
5000.00595993199  115.1592
5000.62422817727  113.5559
5001.24249642255  119.719
5001.86076466783  126.3709
5002.47903291312  123.7601
5003.0973011584  115.0285
5003.71556940368  110.0427
5004.33383764896  109.4265
5004.95210589424  111.1269
5005.57037413952  115.0168
5006.18864238481  116.2854
5006.80691063009  116.2283
5007.42517887537  117.3788
5008.04344712065  119.5729
5008.66171536593  123.8358
5009.27998361121  123.0952
5009.8982518565  120.122
5010.51652010178  119.5509
5011.13478834706  114.99
5011.75305659234  109.5838
5012.37132483762  114.335
5012.9895930829  124.2867
5013.60786132818  125.2955
5014.22612957347  118.1625
5014.84439781875  111.1052
5015.46266606403  106.4406
5016.08093430931  106.0778
5016.69920255459  107.7323
5017.31747079987  109.2941
5017.93573904516  110.4141
5018.55400729044  110.4056
5019.17227553572  107.0247
5019.790543781  108.5165
5020.40881202628  117.1174
5021.02708027156  120.8461
5021.64534851684  115.2252
5022.26361676213  111.1544
5022.88188500741  112.4642
5023.50015325269  112.6848
5024.11842149797  110.2358
5024.73668974325  104.2155
5025.35495798853  104.9139
5025.97322623381  113.371
5026.5914944791  119.0907
5027.20976272438  118.6496
5027.82803096966  117.0084
5028.44629921494  116.7348
5029.06456746022  117.8282
5029.68283570551  121.264
5030.30110395079  121.4203
5030.91937219607  117.9483
5031.53764044135  119.9382
5032.15590868663  120.8123
5032.77417693191  115.3574
5033.3924451772  114.5823
5034.01071342248  116.4514
5034.62898166776  115.4822
5035.24724991304  120.8914
5035.86551815832  131.3834
5036.4837864036  136.0388
5037.10205464888  137.5725
5037.72032289417  136.8874
5038.33859113945  130.0839
5038.95685938473  122.8484
5039.57512763001  121.352
5040.19339587529  123.9054
5040.81166412057  122.026
5041.42993236586  121.1356
5042.04820061114  122.0417
5042.66646885642  119.1346
5043.2847371017  112.897
5043.90300534698  106.2213
5044.52127359226  106.2575
5045.13954183754  109.7449
5045.75781008283  108.4106
5046.37607832811  107.0965
5046.99434657339  108.0135
5047.61261481867  107.6939
5048.23088306395  109.9862
5048.84915130923  116.236
5049.46741955452  118.6856
5050.0856877998  115.2566
5050.70395604508  111.6646
5051.32222429036  110.3374
5051.94049253564  112.2625
5052.55876078092  116.6184
5053.1770290262  116.2252
5053.79529727149  116.8283
5054.41356551677  122.5028
5055.03183376205  120.9028
5055.65010200733  112.1705
5056.26837025261  102.9527
5056.88663849789  94.57642
5057.50490674317  93.59984
5058.12317498846  100.4105
5058.74144323374  106.0766
5059.35971147902  104.7471
5059.9779797243  101.5439
5060.59624796958  105.6851
5061.21451621487  111.406
5061.83278446015  110.0804
5062.45105270543  106.3341
5063.06932095071  100.9831
5063.68758919599  100.5355
5064.30585744127  106.8247
5064.92412568655  110.3401
5065.54239393184  110.2471
5066.16066217712  106.2856
5066.7789304224  101.5855
5067.39719866768  102.7496
5068.01546691296  106.9076
5068.63373515824  110.0171
5069.25200340352  111.6377
5069.87027164881  114.5036
5070.48853989409  117.197
5071.10680813937  117.7603
5071.72507638465  118.0922
5072.34334462993  118.7758
5072.96161287522  113.7462
5073.5798811205  109.0516
5074.19814936578  113.1309
5074.81641761106  117.2428
5075.43468585634  119.3211
5076.05295410162  115.9804
5076.6712223469  109.1596
5077.28949059219  102.3597
5077.90775883747  102.1832
5078.52602708275  106.0086
5079.14429532803  111.5551
5079.76256357331  112.7268
5080.38083181859  108.1711
5080.99910006388  110.1025
5081.61736830916  115.8274
5082.23563655444  114.0509
5082.85390479972  111.1904
5083.472173045  107.1181
5084.09044129028  106.5863
5084.70870953556  108.9786
5085.32697778085  108.9605
5085.94524602613  106.8032
5086.56351427141  107.1449
5087.18178251669  113.4403
5087.80005076197  116.444
5088.41831900725  116.1045
5089.03658725254  112.8252
5089.65485549782  105.862
5090.2731237431  98.09848
5090.89139198838  97.70737
5091.50966023366  105.0577
5092.12792847894  112.8359
5092.74619672422  117.5053
5093.36446496951  113.1489
5093.98273321479  108.4096
5094.60100146007  107.9435
5095.21926970535  103.1533
5095.83753795063  101.5429
5096.45580619591  104.996
5097.07407444119  107.6593
5097.69234268648  109.7559
5098.31061093176  115.4047
5098.92887917704  115.8324
5099.54714742232  110.5485
5100.1654156676  111.1318
5100.78368391288  111.8995
5101.40195215817  109.8188
5102.02022040345  106.0421
5102.63848864873  101.9801
5103.25675689401  103.2542
5103.87502513929  108.9042
5104.49329338458  110.2412
5105.11156162986  110.837
5105.72982987514  110.5756
5106.34809812042  104.9772
5106.9663663657  102.3059
5107.58463461098  101.7945
5108.20290285626  101.6193
5108.82117110154  106.9328
5109.43943934683  113.6787
5110.05770759211  114.3979
5110.67597583739  108.4776
5111.29424408267  106.7606
5111.91251232795  110.2996
5112.53078057323  110.0768
5113.14904881852  106.9764
5113.7673170638  108.7854
5114.38558530908  110.412
5115.00385355436  114.0458
5115.62212179964  116.745
5116.24039004492  112.1184
5116.8586582902  106.4805
5117.47692653549  103.7687
5118.09519478077  102.2968
5118.71346302605  99.38341
5119.33173127133  101.9473
5119.94999951661  105.5068
5120.56826776189  104.9039
5121.18653600718  109.5193
5121.80480425246  115.8363
5122.42307249774  116.2617
5123.04134074302  114.3006
5123.6596089883  116.755
5124.27787723358  117.6085
5124.89614547887  114.4316
5125.51441372415  112.142
5126.13268196943  111.2626
5126.75095021471  106.0002
5127.36921845999  100.5348
5127.98748670527  103.6706
5128.60575495056  110.2699
5129.22402319584  108.4003
5129.84229144112  101.8246
5130.4605596864  101.416
5131.07882793168  106.8321
5131.69709617696  109.3875
5132.31536442224  107.2796
5132.93363266753  109.6528
5133.55190091281  110.4986
5134.17016915809  103.9997
5134.78843740337  101.7495
5135.40670564865  103.4468
5136.02497389393  105.6474
5136.64324213921  107.7264
5137.2615103845  109.3797
5137.87977862978  115.1634
5138.49804687506  120.6908
