3889.5827636719  45.83276
3890.20104895868  42.56482
3890.81933424546  41.02911
3891.43761953225  42.30308
3892.05590481903  41.9687
3892.67419010581  44.68921
3893.29247539259  51.8958
3893.91076067937  57.8047
3894.52904596615  60.83369
3895.14733125293  64.23759
3895.76561653971  68.30925
3896.38390182649  71.55553
3897.00218711327  71.68005
3897.62047240005  68.24378
3898.23875768683  66.14632
3898.85704297361  65.34138
3899.47532826039  63.83768
3900.09361354717  65.89987
3900.71189883396  69.37008
3901.33018412074  71.58823
3901.94846940752  72.72285
3902.5667546943  72.51623
3903.18503998108  73.83514
3903.80332526786  74.48698
3904.42161055464  72.86549
3905.03989584142  67.18
3905.6581811282  64.13826
3906.27646641498  68.76611
3906.89475170176  67.97826
3907.51303698854  63.42856
3908.13132227532  61.80754
3908.7496075621  62.46408
3909.36789284888  63.64783
3909.98617813567  67.29964
3910.60446342245  66.26407
3911.22274870923  62.3035
3911.84103399601  60.66351
3912.45931928279  61.49892
3913.07760456957  63.03396
3913.69588985635  60.70605
3914.31417514313  56.10818
3914.93246042991  56.12111
3915.55074571669  59.27212
3916.16903100347  60.51307
3916.78731629025  60.46613
3917.40560157703  62.93886
3918.02388686381  68.48854
3918.64217215059  73.86894
3919.26045743737  73.64252
3919.87874272416  68.67403
3920.49702801094  64.69576
3921.11531329772  68.2762
3921.7335985845  71.34357
3922.35188387128  68.96579
3922.97016915806  67.65317
3923.58845444484  67.2614
3924.20673973162  63.54807
3924.8250250184  62.61225
3925.44331030518  66.02045
3926.06159559196  67.93485
3926.67988087874  68.39438
3927.29816616552  70.21523
3927.9164514523  74.58483
3928.53473673908  79.27368
3929.15302202587  80.13336
3929.77130731265  75.83179
3930.38959259943  72.34155
3931.00787788621  73.16882
3931.62616317299  71.04839
3932.24444845977  63.38545
3932.86273374655  59.65819
3933.48101903333  61.48942
3934.09930432011  63.32346
3934.71758960689  62.02296
3935.33587489367  62.36652
3935.95416018045  64.33769
3936.57244546723  61.3059
3937.19073075401  60.04811
3937.80901604079  67.9594
3938.42730132757  75.02309
3939.04558661435  74.64252
3939.66387190114  73.14197
3940.28215718792  73.77155
3940.9004424747  75.03378
3941.51872776148  80.78883
3942.13701304826  89.69763
3942.75529833504  95.76527
3943.37358362182  97.16656
3943.9918689086  92.49012
3944.61015419538  89.31425
3945.22843948216  87.76646
3945.84672476894  84.27132
3946.46501005572  83.74423
3947.0832953425  89.30199
3947.70158062928  97.63329
3948.31986591606  97.29767
3948.93815120284  90.79447
3949.55643648962  88.80708
3950.17472177641  90.79776
3950.79300706319  97.21716
3951.41129234997  101.1489
3952.02957763675  100.3019
3952.64786292353  98.05464
3953.26614821031  94.216
3953.88443349709  95.57617
3954.50271878387  100.0303
3955.12100407065  99.71599
3955.73928935743  101.1327
3956.35757464421  106.5954
3956.97585993099  110.0278
3957.59414521777  113.585
3958.21243050455  117.1624
3958.83071579133  115.4837
3959.44900107812  117.4361
3960.0672863649  125.4867
3960.68557165168  130.513
3961.30385693846  132.9561
3961.92214222524  135.3083
3962.54042751202  128.2072
3963.1587127988  116.8621
3963.77699808558  111.2954
3964.39528337236  107.5942
3965.01356865914  106.2489
3965.63185394592  106.7339
3966.2501392327  105.4355
3966.86842451948  100.4584
3967.48670980626  96.56829
3968.10499509304  94.15111
3968.72328037983  89.73302
3969.34156566661  86.97848
3969.95985095339  83.48032
3970.57813624017  78.54507
3971.19642152695  81.02646
3971.81470681373  91.19589
3972.43299210051  101.7653
3973.05127738729  109.5057
3973.66956267407  113.4196
3974.28784796085  116.3725
3974.90613324763  125.0736
3975.52441853441  131.1029
3976.14270382119  128.0611
3976.76098910797  128.3228
3977.37927439475  133.35
3977.99755968153  137.3244
3978.61584496832  136.6448
3979.2341302551  134.3611
3979.85241554188  136.7926
3980.47070082866  141.3776
3981.08898611544  140.5916
3981.70727140222  130.3671
3982.325556689  116.6019
3982.94384197578  108.9986
3983.56212726256  110.3336
3984.18041254934  113.8213
3984.79869783612  111.6761
3985.4169831229  110.4295
3986.03526840968  113.9002
3986.65355369646  112.2297
3987.27183898324  109.2177
3987.89012427002  111.5437
3988.50840955681  107.0182
3989.12669484359  95.87954
3989.74498013037  94.38475
3990.36326541715  95.42555
3990.98155070393  88.5816
3991.59983599071  82.30115
3992.21812127749  84.02328
3992.83640656427  88.04364
3993.45469185105  88.85768
3994.07297713783  86.97371
3994.69126242461  85.14078
3995.30954771139  83.42318
3995.92783299817  81.39675
3996.54611828495  81.4826
3997.16440357173  81.85809
3997.78268885851  82.98946
3998.4009741453  82.79825
3999.01925943208  83.08608
3999.63754471886  81.33669
4000.25583000564  78.33513
4000.87411529242  76.9664
4001.4924005792  73.46802
4002.11068586598  69.70599
4002.72897115276  69.32117
4003.34725643954  72.31969
4003.96554172632  77.1493
4004.5838270131  78.95436
4005.20211229988  78.61853
4005.82039758666  80.05569
4006.43868287344  80.694
4007.05696816022  80.23079
4007.67525344701  80.40482
4008.29353873379  78.94803
4008.91182402057  78.45816
4009.53010930735  82.70645
4010.14839459413  85.54706
4010.76667988091  84.53734
4011.38496516769  85.50273
4012.00325045447  85.86978
4012.62153574125  87.11385
4013.23982102803  89.69119
4013.85810631481  89.81389
4014.47639160159  83.91818
4015.09467688837  77.57733
4015.71296217515  76.49632
4016.33124746193  78.54684
4016.94953274871  76.99863
4017.5678180355  75.35782
4018.18610332228  76.2459
4018.80438860906  75.62057
4019.42267389584  77.20697
4020.04095918262  80.80615
4020.6592444694  78.42685
4021.27752975618  71.50514
4021.89581504296  69.26215
4022.51410032974  71.98833
4023.13238561652  73.6954
4023.7506709033  71.46425
4024.36895619008  70.09985
4024.98724147686  69.69527
4025.60552676364  65.52287
4026.22381205042  56.9855
4026.8420973372  57.04917
4027.46038262398  67.7382
4028.07866791077  75.8765
4028.69695319755  78.12796
4029.31523848433  79.80705
4029.93352377111  79.63638
4030.55180905789  79.95758
4031.17009434467  84.16017
4031.78837963145  88.89638
4032.40666491823  90.50185
4033.02495020501  89.46751
4033.64323549179  85.87704
4034.26152077857  82.86307
4034.87980606535  84.44225
4035.49809135213  85.02975
4036.11637663891  85.76808
4036.73466192569  88.2041
4037.35294721247  86.51696
4037.97123249926  84.3069
4038.58951778604  85.23979
4039.20780307282  85.04532
4039.8260883596  85.66589
4040.44437364638  90.12256
4041.06265893316  83.95209
4041.68094421994  77.20001
4042.29922950672  78.38042
4042.9175147935  83.06334
4043.53580008028  89.61584
4044.15408536706  93.22445
4044.77237065384  87.57428
4045.39065594062  79.1774
4046.0089412274  78.67519
4046.62722651418  82.77202
4047.24551180096  87.60529
4047.86379708775  92.42198
4048.48208237453  88.87288
4049.10036766131  78.86515
4049.71865294809  74.1889
4050.33693823487  75.60023
4050.95522352165  79.12076
4051.57350880843  82.84276
4052.19179409521  81.15187
4052.81007938199  77.41931
4053.42836466877  79.39471
4054.04664995555  85.31077
4054.66493524233  85.32218
4055.28322052911  81.802
4055.90150581589  81.2677
4056.51979110268  82.09299
4057.13807638946  82.10631
4057.75636167624  80.86852
4058.37464696302  79.21473
4058.9929322498  80.18549
4059.61121753658  81.43781
4060.22950282336  81.7142
4060.84778811014  80.85234
4061.46607339692  77.84502
4062.0843586837  75.12113
4062.70264397048  77.96529
4063.32092925726  83.78494
4063.93921454404  86.04475
4064.55749983082  86.91731
4065.1757851176  89.46577
4065.79407040439  89.60156
4066.41235569117  86.12581
4067.03064097795  86.72925
4067.64892626473  89.96465
4068.26721155151  90.95934
4068.88549683829  91.03363
4069.50378212507  91.77556
4070.12206741185  96.19778
4070.74035269863  95.41128
4071.35863798541  87.75174
4071.97692327219  88.95245
4072.59520855897  94.08424
4073.21349384575  94.01143
4073.83177913253  94.98193
4074.45006441931  99.78502
4075.06834970609  103.5237
4075.68663499288  101.8527
4076.30492027965  95.20486
4076.92320556644  92.69957
4077.54149085322  98.3046
4078.15977614  104.6428
4078.77806142678  108.9046
4079.39634671356  112.5048
4080.01463200034  116.27
4080.63291728712  117.5894
4081.2512025739  117.5647
4081.86948786068  125.1742
4082.48777314746  132.5961
4083.10605843424  134.3921
4083.72434372102  136.1096
4084.3426290078  140.6546
4084.96091429458  147.7866
4085.57919958137  152.7008
4086.19748486814  153.0775
4086.81577015493  150.6936
4087.43405544171  151.8832
4088.05234072849  160.3667
4088.67062601527  168.7149
4089.28891130205  170.3075
4089.90719658883  164.0426
4090.52548187561  159.1689
4091.14376716239  166.1252
4091.76205244917  173.8339
4092.38033773595  173.9016
4092.99862302273  179.2736
4093.61690830951  185.0109
4094.23519359629  179.8733
4094.85347888307  168.6556
4095.47176416985  159.0158
4096.09004945664  154.4471
4096.70833474342  152.7427
4097.3266200302  148.9658
4097.94490531698  138.949
4098.56319060376  129.256
4099.18147589054  126.1096
4099.79976117732  120.421
4100.4180464641  110.9561
4101.03633175088  107.1452
4101.65461703766  109.1762
4102.27290232444  114.5991
4102.89118761122  120.3888
4103.509472898  129.6753
4104.12775818478  149.5679
4104.74604347156  164.4684
4105.36432875835  158.8823
4105.98261404513  150.9728
4106.60089933191  151.1208
4107.21918461869  156.7934
4107.83746990547  169.268
4108.45575519225  180.861
4109.07404047903  183.2553
4109.69232576581  179.7316
4110.31061105259  174.4991
4110.92889633937  173.8104
4111.54718162615  180.0675
4112.16546691293  187.642
4112.78375219971  187.815
4113.40203748649  179.3406
4114.02032277327  171.7898
4114.63860806005  170.768
4115.25689334683  171.7671
4115.87517863362  168.4993
4116.4934639204  161.6239
4117.11174920718  156.5137
4117.73003449396  156.5697
4118.34831978074  148.736
4118.96660506752  134.2832
4119.5848903543  130.8887
4120.20317564108  135.8883
4120.82146092786  135.4744
4121.43974621464  132.625
4122.05803150142  134.1754
4122.6763167882  132.3029
4123.29460207498  127.2036
4123.91288736176  124.9066
4124.53117264854  123.7874
4125.14945793533  119.1421
4125.76774322211  112.6054
4126.38602850889  109.5832
4127.00431379567  106.9481
4127.62259908245  103.8034
4128.24088436923  107.9781
4128.85916965601  112.6935
4129.47745494279  108.772
4130.09574022957  103.9519
4130.71402551635  101.8308
4131.33231080313  96.8819
4131.95059608991  91.43414
4132.56888137669  88.33961
4133.18716666347  87.07899
4133.80545195025  87.3655
4134.42373723703  91.20351
4135.04202252381  95.15884
4135.66030781059  97.87038
4136.27859309738  99.27235
4136.89687838416  98.51183
4137.51516367094  96.27195
4138.13344895772  93.39472
4138.7517342445  93.4091
4139.37001953128  96.05631
4139.98830481806  94.23727
4140.60659010484  90.72389
4141.22487539162  89.07696
4141.8431606784  90.03372
4142.46144596518  94.61447
4143.07973125196  96.63197
4143.69801653874  91.5419
4144.31630182552  84.4849
4144.9345871123  80.55167
4145.55287239909  80.88098
4146.17115768587  85.7616
4146.78944297265  91.88555
4147.40772825943  94.07071
4148.02601354621  91.64581
4148.64429883299  88.82671
4149.26258411977  87.00471
4149.88086940655  85.60744
4150.49915469333  83.39702
4151.11743998011  85.14203
4151.73572526689  89.24799
4152.35401055367  89.72943
4152.97229584045  87.88165
4153.59058112723  87.94714
4154.20886641402  87.74396
4154.8271517008  86.70074
4155.44543698758  86.19165
4156.06372227436  82.67104
4156.68200756114  82.04633
4157.30029284792  87.23993
4157.9185781347  87.28218
4158.53686342148  81.60202
4159.15514870826  77.11845
4159.77343399504  77.57283
4160.39171928182  82.27045
4161.0100045686  87.11072
4161.62828985538  88.28435
4162.24657514216  85.71136
4162.86486042894  83.90253
4163.48314571572  84.20129
4164.10143100251  86.82799
4164.71971628929  87.49402
4165.33800157607  86.1093
4165.95628686285  84.78461
4166.57457214963  81.97919
4167.19285743641  81.22151
4167.81114272319  85.16621
4168.42942800997  90.6321
4169.04771329675  94.85083
4169.66599858353  94.21996
4170.28428387031  89.32257
4170.90256915709  85.85787
4171.52085444387  84.2434
4172.13913973065  82.55713
4172.75742501743  80.8648
4173.37571030421  82.49409
4173.993995591  89.47517
4174.61228087778  91.08554
4175.23056616456  86.3102
4175.84885145134  84.08374
4176.46713673812  82.34758
4177.0854220249  77.66006
4177.70370731168  77.49961
4178.32199259846  80.54358
4178.94027788524  83.98098
4179.55856317202  82.11613
4180.1768484588  79.39198
4180.79513374558  80.9384
4181.41341903236  84.12086
4182.03170431914  84.15371
4182.64998960592  81.4497
4183.2682748927  80.75461
4183.88656017948  76.89351
4184.50484546627  73.60017
4185.12313075305  77.33733
4185.74141603983  81.51776
4186.35970132661  82.25983
4186.97798661339  83.17908
4187.59627190017  86.03091
4188.21455718695  91.19843
4188.83284247373  90.19922
4189.45112776051  78.94228
4190.06941304729  73.92641
4190.68769833407  83.46112
4191.30598362085  89.97754
4191.92426890763  85.2523
4192.54255419441  80.84702
4193.16083948119  76.69694
4193.77912476798  75.79414
4194.39741005476  77.42946
4195.01569534154  82.66574
4195.63398062832  89.55742
4196.2522659151  89.81282
4196.87055120188  85.79118
4197.48883648866  81.95593
4198.10712177544  82.75711
4198.72540706222  86.25726
4199.343692349  85.0136
4199.96197763578  80.63282
4200.58026292256  79.18706
4201.19854820934  79.67685
4201.81683349612  76.58885
4202.4351187829  72.70507
4203.05340406969  73.84695
4203.67168935647  76.97408
4204.28997464325  77.1506
4204.90825993003  77.38499
4205.52654521681  79.61652
4206.14483050359  79.14534
4206.76311579037  78.89164
4207.38140107715  78.86991
4207.99968636393  77.74887
4208.61797165071  77.67557
4209.23625693749  77.61238
4209.85454222427  78.33916
4210.47282751105  81.01635
4211.09111279783  82.79085
4211.70939808461  83.13403
4212.32768337139  80.80218
4212.94596865817  78.55807
4213.56425394496  81.09084
4214.18253923174  77.89648
4214.80082451852  69.89981
4215.4191098053  75.29202
4216.03739509208  86.42323
4216.65568037886  90.00104
4217.27396566564  90.24908
4217.89225095242  87.76826
4218.5105362392  84.69766
4219.12882152598  83.56862
4219.74710681276  81.46692
4220.36539209954  76.99245
4220.98367738632  76.30552
4221.6019626731  81.20744
4222.22024795988  85.21234
4222.83853324667  84.61017
4223.45681853345  86.84469
4224.07510382023  91.42093
4224.69338910701  90.71202
4225.31167439379  89.90516
4225.92995968057  89.37613
4226.54824496735  87.25521
4227.16653025413  88.14664
4227.78481554091  85.28378
4228.40310082769  75.468
4229.02138611447  72.4807
4229.63967140125  77.03761
4230.25795668803  78.21564
4230.87624197481  77.57751
4231.49452726159  79.72327
4232.11281254837  80.32138
4232.73109783515  81.58331
4233.34938312193  84.6193
4233.96766840872  83.30849
4234.5859536955  81.64235
4235.20423898228  80.87267
4235.82252426906  77.41464
4236.44080955584  74.44327
4237.05909484262  75.2124
4237.6773801294  77.90809
4238.29566541618  78.15336
4238.91395070296  75.6498
4239.53223598974  74.8004
4240.15052127652  76.7781
4240.7688065633  76.48722
4241.38709185008  75.24303
4242.00537713686  76.03502
4242.62366242364  75.65697
4243.24194771043  74.81259
4243.86023299721  75.72539
4244.47851828399  78.15087
4245.09680357077  84.07967
4245.71508885755  88.06345
4246.33337414433  84.37531
4246.95165943111  79.86655
4247.56994471789  78.17863
4248.18823000467  75.72466
4248.80651529145  73.57977
4249.42480057823  73.70254
4250.04308586501  76.66652
4250.66137115179  79.7125
4251.27965643857  82.60434
4251.89794172536  85.69775
4252.51622701214  85.97574
4253.13451229892  80.66679
4253.7527975857  71.88904
4254.37108287248  69.37422
4254.98936815926  72.97063
4255.60765344604  74.43733
4256.22593873282  76.24252
4256.8442240196  77.07584
4257.46250930638  75.87511
4258.08079459316  76.78461
4258.69907987994  75.99215
4259.31736516672  73.83888
4259.9356504535  72.93558
4260.55393574028  71.31453
4261.17222102706  72.75101
4261.79050631385  78.41914
4262.40879160063  84.22589
4263.02707688741  85.73048
4263.64536217419  83.09951
4264.26364746097  78.15073
4264.88193274775  72.5679
4265.50021803453  70.03151
4266.11850332131  73.25284
4266.73678860809  76.32057
4267.35507389487  75.37871
4267.97335918165  75.26826
4268.59164446843  73.09462
4269.20992975521  71.77614
4269.82821504199  72.47683
4270.44650032877  70.82176
4271.06478561555  70.28358
4271.68307090234  71.96815
4272.30135618912  72.73274
4272.9196414759  72.32336
4273.53792676268  70.51638
4274.15621204946  69.48235
4274.77449733624  70.09355
4275.39278262302  72.72945
4276.0110679098  75.77629
4276.62935319658  78.3169
4277.24763848336  80.589
4277.86592377014  78.5916
4278.48420905692  75.95647
4279.1024943437  76.06659
4279.72077963048  76.52411
4280.33906491726  75.82813
4280.95735020404  77.40073
4281.57563549082  78.91278
4282.19392077761  74.84904
4282.81220606439  71.22218
4283.43049135117  72.38914
4284.04877663795  73.73753
4284.66706192473  74.65166
4285.28534721151  79.98534
4285.90363249829  83.42332
4286.52191778507  81.71767
4287.14020307185  81.18033
4287.75848835863  82.19724
4288.37677364541  81.9649
4288.99505893219  79.47722
4289.61334421897  77.98462
4290.23162950575  71.69854
4290.84991479253  70.75835
4291.46820007931  78.8999
4292.0864853661  81.2374
4292.70477065288  75.8035
4293.32305593966  72.16975
4293.94134122644  69.6709
4294.55962651322  66.64066
4295.1779118  67.89859
4295.79619708678  71.99657
4296.41448237356  73.69007
4297.03276766034  73.81375
4297.65105294712  77.26466
4298.2693382339  85.59224
4298.88762352068  89.88903
4299.50590880746  86.18416
4300.12419409424  78.95388
4300.74247938102  78.51183
4301.3607646678  81.32171
4301.97904995459  80.26967
4302.59733524137  83.37091
4303.21562052815  88.48268
4303.83390581493  88.76576
4304.45219110171  87.9632
4305.07047638849  89.8019
4305.68876167527  90.72021
4306.30704696205  91.69908
4306.92533224883  95.51244
4307.54361753561  101.2361
4308.16190282239  106.0324
4308.78018810917  107.0816
4309.39847339595  109.1627
4310.01675868273  111.0963
4310.63504396951  106.9814
4311.2533292563  99.59541
4311.87161454308  96.45184
4312.48989982986  100.3738
4313.10818511664  108.5901
4313.72647040342  114.1417
4314.3447556902  112.2205
4314.96304097698  108.1943
4315.58132626376  106.0634
4316.19961155054  105.9288
4316.81789683732  108.1861
4317.4361821241  113.631
4318.05446741088  118.8185
4318.67275269766  123.6917
4319.29103798444  124.7625
4319.90932327122  125.7691
4320.527608558  129.2423
4321.14589384478  134.5896
4321.76417913157  142.5523
4322.38246441835  148.6495
4323.00074970513  148.8366
4323.61903499191  149.7795
4324.23732027869  155.677
4324.85560556547  159.7957
4325.47389085225  163.4728
4326.09217613903  172.1702
4326.71046142581  176.5227
4327.32874671259  179.2755
4327.94703199937  183.8345
4328.56531728615  187.8674
4329.18360257293  188.8135
4329.80188785971  188.1762
4330.42017314649  191.4912
4331.03845843328  192.1749
4331.65674372006  187.0833
4332.27502900684  186.91
4332.89331429362  191.8453
4333.5115995804  187.675
4334.12988486718  174.3
4334.74817015396  163.3917
4335.36645544074  162.242
4335.98474072752  164.6232
4336.6030260143  159.1092
4337.22131130108  144.828
4337.83959658786  131.0683
4338.45788187464  125.8969
4339.07616716142  122.9724
4339.6944524482  118.9295
4340.31273773498  117.7646
4340.93102302177  118.8934
4341.54930830855  124.1691
4342.16759359533  139.5233
4342.78587888211  152.562
4343.40416416889  155.7967
4344.02244945567  160.6466
4344.64073474245  169.7086
4345.25902002923  179.6328
4345.87730531601  188.8178
4346.49559060279  195.0309
4347.11387588957  197.4986
4347.73216117635  200.4712
4348.35044646313  204.2896
4348.96873174991  205.0638
4349.58701703669  205.9583
4350.20530232348  205.7907
4350.82358761026  200.6625
4351.44187289704  190.4742
4352.06015818382  184.7477
4352.6784434706  187.6086
4353.29672875738  191.1841
4353.91501404416  192.2284
4354.53329933094  185.315
4355.15158461772  173.0022
4355.7698699045  164.3441
4356.38815519128  160.0425
4357.00644047806  158.9955
4357.62472576484  158.8979
4358.24301105162  156.4132
4358.8612963384  151.9441
4359.47958162518  148.468
4360.09786691197  147.2697
4360.71615219875  142.8897
4361.33443748553  139.1741
4361.95272277231  139.7862
4362.57100805909  138.1585
4363.18929334587  134.2801
4363.80757863265  133.8642
4364.42586391943  129.8323
4365.04414920621  125.2171
4365.66243449299  123.5976
4366.28071977977  118.068
4366.89900506655  110.4237
4367.51729035333  110.2389
4368.13557564011  111.672
4368.75386092689  108.6622
4369.37214621367  105.9585
4369.99043150046  105.8385
4370.60871678724  108.4413
4371.22700207402  108.3801
4371.8452873608  103.8045
4372.46357264758  101.0704
4373.08185793436  100.6616
4373.70014322114  102.6607
4374.31842850792  103.0744
4374.9367137947  98.30583
4375.55499908148  90.09094
4376.17328436826  83.9306
4376.79156965504  84.57574
4377.40985494182  87.60202
4378.0281402286  89.09071
4378.64642551538  95.62053
4379.26471080217  102.2041
4379.88299608895  102.4979
4380.50128137573  96.78758
4381.11956666251  91.95673
4381.73785194929  92.73999
4382.35613723607  91.86771
4382.97442252285  87.12786
4383.59270780963  88.62456
4384.21099309641  91.15193
4384.82927838319  87.42746
4385.44756366997  83.0871
4386.06584895675  83.92489
4386.68413424353  85.65018
4387.30241953031  84.67601
4387.92070481709  80.854
4388.53899010387  78.50948
4389.15727539065  80.70867
4389.77556067744  82.52123
4390.39384596422  85.07383
4391.012131251  92.80769
4391.63041653778  100.1088
4392.24870182456  100.8448
4392.86698711134  99.45706
4393.48527239812  99.2023
4394.1035576849  97.09731
4394.72184297168  92.96802
4395.34012825846  92.63606
4395.95841354524  90.36839
4396.57669883202  86.79609
4397.1949841188  88.11961
4397.81326940558  87.02726
4398.43155469236  79.49766
4399.04983997914  73.54092
4399.66812526593  75.38267
4400.28641055271  78.4167
4400.90469583949  79.17226
4401.52298112627  82.98051
4402.14126641305  83.50987
4402.75955169983  81.0358
4403.37783698661  83.70027
4403.99612227339  93.34148
4404.61440756017  102.076
4405.23269284695  100.3135
4405.85097813373  91.86919
4406.46926342051  86.7968
4407.08754870729  82.90302
4407.70583399407  79.77205
4408.32411928085  82.88341
4408.94240456764  84.90857
4409.56068985442  82.91587
4410.1789751412  84.62424
4410.79726042798  85.70586
4411.41554571476  81.56907
4412.03383100154  81.36464
4412.65211628832  85.02332
4413.2704015751  81.37065
4413.88868686188  74.41843
4414.50697214866  72.50245
4415.12525743544  76.31547
4415.74354272222  84.02164
4416.361828009  88.37314
4416.98011329578  92.00001
4417.59839858256  94.11005
4418.21668386934  85.53012
4418.83496915612  77.12335
4419.45325444291  75.88123
4420.07153972969  78.09808
4420.68982501647  80.67284
4421.30811030325  80.45444
4421.92639559003  78.29199
4422.54468087681  81.69176
4423.16296616359  86.27571
4423.78125145037  84.66676
4424.39953673715  82.00609
4425.01782202393  83.03101
4425.63610731071  79.72809
4426.25439259749  77.31956
4426.87267788427  81.49981
4427.49096317105  85.74408
4428.10924845784  88.48293
4428.72753374462  88.11794
4429.34581903139  83.90775
4429.96410431818  80.04448
4430.58238960496  82.75874
4431.20067489174  85.99003
4431.81896017852  82.32874
4432.4372454653  77.85042
4433.05553075208  80.27499
4433.67381603886  87.21495
4434.29210132564  91.78332
4434.91038661242  90.65842
4435.5286718992  87.23553
4436.14695718598  82.14082
4436.76524247276  76.57639
4437.38352775955  78.43126
4438.00181304632  88.46544
4438.62009833311  93.82285
4439.23838361989  91.41254
4439.85666890667  86.43628
4440.47495419345  84.50125
4441.09323948023  85.94591
4441.71152476701  86.1799
4442.32981005379  89.53896
4442.94809534057  91.50491
4443.56638062735  87.02031
4444.18466591413  81.96473
4444.80295120091  83.5112
4445.42123648769  86.46045
4446.03952177447  89.27011
4446.65780706125  97.87659
4447.27609234804  102.2894
4447.89437763481  98.67841
4448.5126629216  99.85582
4449.13094820838  100.0017
4449.74923349516  101.0464
4450.36751878194  107.4952
4450.98580406872  110.5837
4451.6040893555  109.0811
4452.22237464228  110.3663
4452.84065992906  110.2449
4453.45894521584  110.5146
4454.07723050262  112.7263
4454.6955157894  115.4908
4455.31380107618  114.9149
4455.93208636296  115.6804
4456.55037164974  118.4644
4457.16865693652  115.905
4457.78694222331  114.8993
4458.40522751009  118.3319
4459.02351279687  113.0311
4459.64179808365  103.5625
4460.26008337043  104.7011
4460.87836865721  111.1903
4461.49665394399  120.7766
4462.11493923077  124.5545
4462.73322451755  117.8698
4463.35150980433  111.2106
4463.96979509111  111.7009
4464.58808037789  112.4101
4465.20636566467  110.4234
4465.82465095145  110.0289
4466.44293623823  110.8263
4467.06122152502  106.6894
4467.6795068118  96.02726
4468.29779209858  86.79205
4468.91607738536  83.00877
4469.53436267214  83.97455
4470.15264795892  84.24156
4470.7709332457  81.00885
4471.38921853248  78.92836
4472.00750381926  84.04327
4472.62578910604  90.92017
4473.24407439282  90.77702
4473.8623596796  91.705
4474.48064496638  98.98631
4475.09893025316  104.6449
4475.71721553994  105.1256
4476.33550082673  106.7424
4476.95378611351  106.3892
4477.57207140029  107.1997
4478.19035668707  109.4903
4478.80864197385  111.0198
4479.42692726063  110.4314
4480.04521254741  109.2436
4480.66349783419  109.9591
4481.28178312097  112.1102
4481.90006840775  113.4538
4482.51835369453  111.5733
4483.13663898131  110.0039
4483.75492426809  111.4325
4484.37320955487  116.3969
4484.99149484165  124.662
4485.60978012843  122.1263
4486.22806541521  117.4079
4486.84635070199  117.7215
4487.46463598878  114.7154
4488.08292127556  111.5217
4488.70120656234  111.138
4489.31949184912  112.151
4489.9377771359  111.5449
4490.55606242268  107.3081
4491.17434770946  105.9818
4491.79263299624  108.7363
4492.41091828302  108.8767
4493.0292035698  106.3357
4493.64748885658  107.1356
4494.26577414336  107.5972
4494.88405943014  104.6643
4495.50234471692  103.0274
4496.1206300037  106.4788
4496.73891529049  106.2024
4497.35720057726  97.6416
4497.97548586405  90.03137
4498.59377115083  92.98376
4499.21205643761  101.1487
4499.83034172439  107.5611
4500.44862701117  107.7966
4501.06691229795  104.35
4501.68519758473  102.9051
4502.30348287151  102.8421
4502.92176815829  103.1216
4503.54005344507  102.3658
4504.15833873185  95.67516
4504.77662401863  87.78563
4505.39490930541  87.55348
4506.01319459219  91.4426
4506.63147987898  92.12383
4507.24976516576  86.69178
4507.86805045254  84.1843
4508.48633573932  91.08176
4509.1046210261  98.73252
4509.72290631288  98.24976
4510.34119159966  94.46707
4510.95947688644  88.93381
4511.57776217322  82.58153
4512.19604746  86.16548
4512.81433274678  96.15511
4513.43261803356  101.3764
4514.05090332034  99.85563
4514.66918860712  95.91075
4515.2874738939  93.99422
4515.90575918068  97.27977
4516.52404446747  101.2493
4517.14232975425  96.85863
4517.76061504103  87.82344
4518.37890032781  86.95457
4518.99718561459  90.93776
4519.61547090137  94.43812
4520.23375618815  93.71893
4520.85204147493  90.31763
4521.47032676171  87.03807
4522.08861204849  88.37118
4522.70689733527  90.34409
4523.32518262205  90.4696
4523.94346790883  93.11725
4524.56175319561  96.95888
4525.18003848239  100.3248
4525.79832376917  99.81261
4526.41660905596  98.2047
4527.03489434273  98.3001
4527.65317962952  93.65645
4528.2714649163  86.96846
4528.88975020308  89.80769
4529.50803548986  97.19149
4530.12632077664  101.8626
4530.74460606342  103.2533
4531.3628913502  100.0808
4531.98117663698  98.63666
4532.59946192376  98.25579
4533.21774721054  98.76093
4533.83603249732  102.8382
4534.4543177841  104.5061
4535.07260307088  101.719
4535.69088835766  102.002
4536.30917364445  99.22034
4536.92745893123  97.5238
4537.54574421801  99.01584
4538.16402950479  99.31018
4538.78231479157  98.18724
4539.40060007835  98.60931
4540.01888536513  101.3139
4540.63717065191  101.3626
4541.25545593869  97.31699
4541.87374122547  96.78075
4542.49202651225  101.785
4543.11031179903  106.3548
4543.72859708581  108.9398
4544.34688237259  107.4989
4544.96516765937  104.3484
4545.58345294615  106.0427
4546.20173823294  108.6341
4546.82002351972  103.508
4547.4383088065  94.33434
4548.05659409328  92.97005
4548.67487938006  99.05838
4549.29316466684  100.7326
4549.91144995362  99.48776
4550.5297352404  97.50403
4551.14802052718  93.61504
4551.76630581396  94.30862
4552.38459110074  96.02884
4553.00287638752  90.89322
4553.6211616743  89.61278
4554.23944696108  92.54768
4554.85773224786  92.43742
4555.47601753464  93.35661
4556.09430282143  92.99023
4556.71258810821  88.92281
4557.33087339499  88.72339
4557.94915868177  91.6047
4558.56744396855  92.34311
4559.18572925533  94.67372
4559.80401454211  97.07043
4560.42229982889  98.58913
4561.04058511567  99.78347
4561.65887040245  99.87352
4562.27715568923  98.46825
4562.89544097601  97.66083
4563.51372626279  101.1319
4564.13201154957  102.5647
4564.75029683635  97.35535
4565.36858212314  92.05759
4565.98686740992  95.36745
4566.6051526967  99.52568
4567.22343798348  96.30331
4567.84172327026  87.55987
4568.46000855704  83.85023
4569.07829384382  94.69676
4569.6965791306  104.3932
4570.31486441738  105.7123
4570.93314970416  104.7947
4571.55143499094  99.00467
4572.16972027772  93.35254
4572.7880055645  94.40938
4573.40629085128  102.9111
4574.02457613806  107.745
4574.64286142484  102.1399
4575.26114671162  99.46968
4575.8794319984  100.7703
4576.49771728519  100.7058
4577.11600257197  99.85533
4577.73428785875  100.8736
4578.35257314553  102.0552
4578.97085843231  100.0978
4579.58914371909  98.95087
4580.20742900587  98.70994
4580.82571429265  95.43843
4581.44399957943  92.0778
4582.06228486621  90.63808
4582.68057015299  94.04527
4583.29885543977  95.73858
4583.91714072655  94.52242
4584.53542601333  93.55881
4585.15371130012  94.9297
4585.77199658689  94.37048
4586.39028187368  98.21681
4587.00856716046  103.1324
4587.62685244724  101.3508
4588.24513773402  100.9787
4588.8634230208  104.9855
4589.48170830758  101.4397
4590.09999359436  96.60207
4590.71827888114  95.30952
4591.33656416792  94.89529
4591.9548494547  95.43524
4592.57313474148  98.05537
4593.19142002826  100.1521
4593.80970531504  97.18474
4594.42799060182  93.30985
4595.0462758886  96.02232
4595.66456117539  101.5978
4596.28284646217  103.9391
4596.90113174895  103.8804
4597.51941703573  100.4252
4598.13770232251  102.1582
4598.75598760929  101.2317
4599.37427289607  98.06723
4599.99255818285  99.40004
4600.61084346963  95.34583
4601.22912875641  87.52435
4601.84741404319  84.97015
4602.46569932997  83.98605
4603.08398461675  83.0266
4603.70226990353  89.56264
4604.32055519031  96.33301
4604.9388404771  95.82658
4605.55712576388  89.34671
4606.17541105066  85.79214
4606.79369633744  87.82059
4607.41198162422  90.02754
4608.030266911  93.71193
4608.64855219778  99.58604
4609.26683748456  102.4556
4609.88512277134  99.77084
4610.50340805812  91.88434
4611.1216933449  88.19988
4611.73997863168  88.75525
4612.35826391846  86.38972
4612.97654920524  89.17391
4613.59483449203  95.94492
4614.21311977881  96.88103
4614.83140506559  98.18084
4615.44969035237  99.50291
4616.06797563915  100.6722
4616.68626092593  100.7841
4617.30454621271  99.51913
4617.92283149949  98.86622
4618.54111678627  97.79211
4619.15940207305  92.88046
4619.77768735983  90.63094
4620.39597264661  90.95418
4621.01425793339  88.21726
4621.63254322017  86.0204
4622.25082850695  90.02733
4622.86911379373  95.12294
4623.48739908052  91.9012
4624.1056843673  85.69139
4624.72396965408  84.29358
4625.34225494086  89.2924
4625.96054022764  95.9877
4626.57882551442  101.2603
4627.1971108012  102.8362
4627.81539608798  99.60033
4628.43368137476  98.47537
4629.05196666154  99.74712
4629.67025194832  95.49794
4630.2885372351  94.50197
4630.90682252188  97.17247
4631.52510780866  94.89503
4632.14339309544  88.64111
4632.76167838222  84.58388
4633.37996366901  88.05495
4633.99824895579  92.27324
4634.61653424257  97.06957
4635.23481952935  101.2772
4635.85310481613  103.336
4636.47139010291  101.2601
4637.08967538969  96.3007
4637.70796067647  98.07062
4638.32624596325  97.77299
4638.94453125003  90.70601
4639.56281653681  86.77792
4640.18110182359  90.25777
4640.79938711037  99.34289
4641.41767239715  108.4344
4642.03595768393  107.898
4642.65424297071  99.20348
4643.27252825749  91.48463
4643.89081354427  92.41216
4644.50909883106  97.1726
4645.12738411784  99.26894
4645.74566940462  100.3854
4646.3639546914  96.59902
4646.98223997818  94.32331
4647.60052526496  93.24031
4648.21881055174  98.42091
4648.83709583852  109.2487
4649.4553811253  113.4297
4650.07366641208  111.3664
4650.69195169886  106.9763
4651.31023698564  105.7446
4651.92852227242  107.9135
4652.5468075592  107.3784
4653.16509284599  103.0976
4653.78337813277  98.15388
4654.40166341955  98.03916
4655.01994870633  99.97665
4655.63823399311  103.4942
4656.25651927989  107.389
4656.87480456667  104.8734
4657.49308985345  99.04604
4658.11137514023  102.9178
4658.72966042701  107.9312
4659.34794571379  103.7014
4659.96623100057  101.0581
4660.58451628735  103.9358
4661.20280157413  104.7679
4661.82108686091  102.782
4662.4393721477  105.9206
4663.05765743448  112.2684
4663.67594272126  111.2343
4664.29422800804  106.8461
4664.91251329482  109.2067
4665.5307985816  113.2768
4666.14908386838  111.5558
4666.76736915516  108.3813
4667.38565444194  105.2825
4668.00393972872  103.0184
4668.6222250155  101.477
4669.24051030228  104.5116
4669.85879558906  106.1911
4670.47708087584  107.3934
4671.09536616262  107.9678
4671.7136514494  105.706
4672.33193673618  110.6883
4672.95022202297  117.343
4673.56850730975  111.0309
4674.18679259653  104.0272
4674.80507788331  106.1689
4675.42336317009  111.0808
4676.04164845687  116.3629
4676.65993374365  120.1518
4677.27821903043  113.2027
4677.89650431721  100.9527
4678.51478960399  102.7535
4679.13307489077  109.5241
4679.75136017755  111.2118
4680.36964546433  110.3149
4680.98793075111  107.0094
4681.60621603789  101.2948
4682.22450132468  100.3871
4682.84278661146  106.9015
4683.46107189823  109.5311
4684.07935718502  111.8011
4684.6976424718  111.9166
4685.31592775858  109.6251
4685.93421304536  110.1419
4686.55249833214  112.9292
4687.17078361892  114.1409
4687.7890689057  113.5404
4688.40735419248  113.274
4689.02563947926  114.302
4689.64392476604  113.0272
4690.26221005282  108.3543
4690.8804953396  102.0538
4691.49878062638  99.18581
4692.11706591316  106.6129
4692.73535119994  117.0136
4693.35363648673  116.9968
4693.97192177351  109.5557
4694.59020706029  108.7164
4695.20849234707  112.6127
4695.82677763385  113.3452
4696.44506292063  110.687
4697.06334820741  108.7084
4697.68163349419  109.2464
4698.29991878097  109.3454
4698.91820406775  114.6155
4699.53648935453  117.3612
4700.15477464131  108.8193
4700.77305992809  103.9885
4701.39134521487  109.3714
4702.00963050165  112.836
4702.62791578844  112.2136
4703.24620107522  112.0198
4703.864486362  109.9928
4704.48277164878  107.2696
4705.10105693556  106.5928
4705.71934222234  109.5287
4706.33762750912  113.6009
4706.9559127959  114.5254
4707.57419808268  112.147
4708.19248336946  108.2237
4708.81076865624  103.7771
4709.42905394302  101.2939
4710.0473392298  104.6529
4710.66562451658  109.2118
4711.28390980336  108.9309
4711.90219509015  109.036
4712.52048037693  112.5797
4713.13876566371  113.7413
4713.75705095049  107.78
4714.37533623727  100.6349
4714.99362152405  96.87315
4715.61190681083  98.63966
4716.23019209761  105.1297
4716.84847738439  107.278
4717.46676267117  101.2638
4718.08504795795  102.3042
4718.70333324473  108.7765
4719.32161853151  116.6832
4719.93990381829  120.6042
4720.55818910507  117.865
4721.17647439185  110.0808
4721.79475967864  104.74
4722.41304496542  102.6528
4723.0313302522  102.4468
4723.64961553898  104.2208
4724.26790082576  106.9817
4724.88618611254  106.4122
4725.50447139932  106.5758
4726.1227566861  104.7439
4726.74104197288  100.5893
4727.35932725966  96.11992
4727.97761254644  95.76532
4728.59589783322  94.47047
4729.21418312  90.33757
4729.83246840678  94.47548
4730.45075369356  97.41316
4731.06903898034  92.27412
4731.68732426712  92.32214
4732.30560955391  94.87506
4732.92389484069  91.33947
4733.54218012747  88.01389
4734.16046541425  91.41736
4734.77875070103  93.56422
4735.39703598781  91.95421
4736.01532127459  93.12492
4736.63360656137  97.22606
4737.25189184815  97.91527
4737.87017713493  97.14705
4738.48846242171  96.91597
4739.10674770849  94.3728
4739.72503299527  91.71263
4740.34331828205  95.41948
4740.96160356883  101.7412
4741.57988885561  99.78937
4742.1981741424  90.92177
4742.81645942918  84.39453
4743.43474471596  82.87871
4744.05303000274  86.7332
4744.67131528952  89.76316
4745.2896005763  94.6615
4745.90788586308  102.0556
4746.52617114986  100.5471
4747.14445643664  93.61767
4747.76274172342  90.26437
4748.3810270102  90.02443
4748.99931229698  91.81886
4749.61759758376  95.26686
4750.23588287054  97.37835
4750.85416815732  93.00311
4751.4724534441  87.23312
4752.09073873089  88.19704
4752.70902401767  96.98351
4753.32730930445  100.9785
4753.94559459123  97.87597
4754.56387987801  95.30426
4755.18216516479  94.93932
4755.80045045157  94.0106
4756.41873573835  90.80334
4757.03702102513  91.08037
4757.65530631191  88.4619
4758.27359159869  85.51437
4758.89187688547  87.76909
4759.51016217225  88.56773
4760.12844745903  87.54912
4760.74673274581  87.41222
4761.36501803259  88.67114
4761.98330331938  90.60124
4762.60158860616  99.7596
4763.21987389294  107.2849
4763.83815917972  107.9849
4764.4564444665  101.8256
4765.07472975328  87.7977
4765.69301504006  81.17931
4766.31130032684  84.62463
4766.92958561362  86.6117
4767.5478709004  88.04208
4768.16615618718  93.9781
4768.78444147396  97.94038
4769.40272676074  98.04309
4770.02101204752  97.22174
4770.6392973343  97.23323
4771.25758262109  97.11786
4771.87586790787  98.12118
4772.49415319465  100.3765
4773.11243848143  94.11929
4773.73072376821  85.13804
4774.34900905499  84.08215
4774.96729434177  88.15474
4775.58557962855  89.04375
4776.20386491533  90.04979
4776.82215020211  92.71998
4777.44043548889  93.81725
4778.05872077567  93.36896
4778.67700606245  90.86084
4779.29529134923  90.48327
4779.91357663601  93.51597
4780.53186192279  92.60423
4781.15014720957  91.05022
4781.76843249636  90.84163
4782.38671778314  87.40064
4783.00500306992  84.72548
4783.6232883567  86.83975
4784.24157364348  88.4922
4784.85985893026  89.43924
4785.47814421704  88.90424
4786.09642950382  86.59081
4786.7147147906  83.25394
4787.33300007738  82.21901
4787.95128536416  83.64113
4788.56957065094  87.22992
4789.18785593772  92.40019
4789.8061412245  92.10315
4790.42442651129  89.42271
4791.04271179806  86.39999
4791.66099708485  81.62083
4792.27928237163  77.99444
4792.89756765841  81.63753
4793.51585294519  86.76917
4794.13413823197  85.5522
4794.75242351875  82.97178
4795.37070880553  82.31003
4795.98899409231  86.19987
4796.60727937909  92.15128
4797.22556466587  90.55224
4797.84384995265  89.64632
4798.46213523943  92.70491
4799.08042052621  92.43056
4799.69870581299  90.67088
4800.31699109978  90.58259
4800.93527638656  87.48289
4801.55356167334  83.13589
4802.17184696012  82.35649
4802.7901322469  85.38702
4803.40841753368  92.08125
4804.02670282046  95.70093
4804.64498810724  94.24756
4805.26327339402  92.02058
4805.8815586808  87.14146
4806.49984396758  86.46593
4807.11812925436  91.7879
4807.73641454114  97.82658
4808.35469982792  98.83253
4808.9729851147  93.78622
4809.59127040149  92.69059
4810.20955568826  96.56635
4810.82784097505  96.44156
4811.44612626183  95.31575
4812.06441154861  97.83519
4812.68269683539  100.1105
4813.30098212217  98.1664
4813.91926740895  97.02402
4814.53755269573  99.13504
4815.15583798251  99.61343
4815.77412326929  98.98871
4816.39240855607  100.3604
4817.01069384285  100.9352
4817.62897912963  100.5384
4818.24726441641  100.1424
4818.86554970319  96.0809
4819.48383498998  92.02782
4820.10212027676  94.17482
4820.72040556354  102.0173
4821.33869085032  107.4638
4821.9569761371  106.0201
4822.57526142388  105.2613
4823.19354671066  105.6639
4823.81183199744  104.0004
4824.43011728422  103.1072
4825.048402571  104.2428
4825.66668785778  107.3377
4826.28497314456  110.7264
4826.90325843134  112.5814
4827.52154371812  111.3532
4828.1398290049  115.4543
4828.75811429168  122.0652
4829.37639957847  120.4032
4829.99468486524  114.9215
4830.61297015203  113.6342
4831.23125543881  115.3707
4831.84954072559  118.6708
4832.46782601237  125.3956
4833.08611129915  130.7287
4833.70439658593  134.3483
4834.32268187271  141.0575
4834.94096715949  147.5928
4835.55925244627  153.4558
4836.17753773305  161.1235
4836.79582301983  166.4151
4837.41410830661  161.3866
4838.03239359339  154.8627
4838.65067888017  157.3712
4839.26896416696  163.9187
4839.88724945373  169.3666
4840.50553474052  176.2731
4841.1238200273  183.265
4841.74210531408  193.9826
4842.36039060086  204.5489
4842.97867588764  209.5977
4843.59696117442  214.1515
4844.2152464612  218.9207
4844.83353174798  218.0576
4845.45181703476  218.2733
4846.07010232154  224.4153
4846.68838760832  227.9586
4847.3066728951  229.5643
4847.92495818188  235.5425
4848.54324346866  238.5128
4849.16152875545  243.9861
4849.77981404223  258.1055
4850.39809932901  268.3218
4851.01638461579  268.9222
4851.63466990257  266.6583
4852.25295518935  267.3027
4852.87124047613  271.2422
4853.48952576291  272.7139
4854.10781104969  266.1795
4854.72609633647  255.7118
4855.34438162325  245.3611
4855.96266691003  229.7942
4856.58095219681  207.8561
4857.19923748359  195.0546
4857.81752277037  192.8731
4858.43580805715  189.0582
4859.05409334394  176.442
4859.67237863072  162.6941
4860.2906639175  153.6011
4860.90894920428  147.4419
4861.52723449106  148.6877
4862.14551977784  156.3493
4862.76380506462  166.4196
4863.3820903514  179.83
4864.00037563818  195.5039
4864.61866092496  210.483
4865.23694621174  224.1855
4865.85523149852  232.7092
4866.4735167853  243.2654
4867.09180207208  257.421
4867.71008735886  266.28
4868.32837264565  270.88
4868.94665793243  274.9927
4869.56494321921  274.7599
4870.18322850599  277.3842
4870.80151379277  286.6463
4871.41979907955  292.7267
4872.03808436633  287.272
4872.65636965311  276.9134
4873.27465493989  272.5658
4873.89294022667  271.4119
4874.51122551345  259.2313
4875.12951080023  247.45
4875.74779608701  250.2381
4876.36608137379  246.812
4876.98436666057  231.1595
4877.60265194735  221.2417
4878.22093723413  219.6798
4878.83922252092  215.5745
4879.4575078077  205.9123
4880.07579309448  198.4482
4880.69407838126  193.5093
4881.31236366804  186.535
4881.93064895482  184.7284
4882.5489342416  180.5003
4883.16721952838  176.1544
4883.78550481516  172.7225
4884.40379010194  169.9853
4885.02207538872  164.7146
4885.6403606755  162.6072
4886.25864596228  163.3937
4886.87693124906  159.9626
4887.49521653585  154.9028
4888.11350182263  147.8486
4888.7317871094  144.3799
4889.35007239619  143.697
4889.96835768297  140.2752
4890.58664296975  137.4676
4891.20492825653  140.6645
4891.82321354331  144.1012
4892.44149883009  139.4704
4893.05978411687  128.4614
4893.67806940365  122.9723
4894.29635469043  127.1671
4894.91463997721  127.7814
4895.53292526399  123.259
4896.15121055077  120.1848
4896.76949583755  115.4946
4897.38778112433  112.6195
4898.00606641112  109.4653
4898.6243516979  110.1415
4899.24263698468  114.9893
4899.86092227146  117.4244
4900.47920755824  118.0486
4901.09749284502  118.5415
4901.7157781318  119.6936
4902.33406341858  119.3397
4902.95234870536  121.3607
4903.57063399214  124.0636
4904.18891927892  125.0134
4904.8072045657  125.0126
4905.42548985248  125.3924
4906.04377513926  122.54
4906.66206042604  119.2117
4907.28034571282  114.9936
4907.89863099961  112.0043
4908.51691628639  114.5362
4909.13520157317  114.6357
4909.75348685995  112.2939
4910.37177214673  112.4717
4910.99005743351  111.1468
4911.60834272029  112.5974
4912.22662800707  113.2364
4912.84491329385  109.4346
4913.46319858063  108.5095
4914.08148386741  109.4933
4914.69976915419  111.551
4915.31805444097  113.3589
4915.93633972775  114.7388
4916.55462501453  115.9917
4917.17291030132  113.1849
4917.7911955881  109.2852
4918.40948087488  109.4201
4919.02776616166  107.9362
4919.64605144844  105.6053
4920.26433673522  103.61
4920.882622022  102.3182
4921.50090730878  101.2656
4922.11919259556  100.5639
4922.73747788234  96.37717
4923.35576316912  95.88843
4923.9740484559  95.62234
4924.59233374268  95.03295
4925.21061902946  97.1806
4925.82890431624  101.4233
4926.44718960302  101.1911
4927.06547488981  101.3392
4927.68376017659  103.1945
4928.30204546337  103.9409
4928.92033075015  106.175
4929.53861603693  105.968
4930.15690132371  104.1072
4930.77518661049  103.5445
4931.39347189727  103.6702
4932.01175718405  105.4544
4932.63004247083  102.814
4933.24832775761  99.19991
4933.86661304439  99.20328
4934.48489833117  103.3555
4935.10318361795  108.8171
4935.72146890473  108.9971
4936.33975419152  107.1874
4936.9580394783  109.0685
4937.57632476508  110.5092
4938.19461005186  112.1362
4938.81289533864  113.5995
4939.43118062542  110.868
4940.0494659122  105.6825
4940.66775119898  103.7555
4941.28603648576  105.0193
4941.90432177254  107.2288
4942.52260705932  106.9939
4943.1408923461  104.6084
4943.75917763288  105.6001
4944.37746291966  104.0747
4944.99574820644  102.9076
4945.61403349322  103.4625
4946.23231878  105.801
4946.85060406679  105.6337
4947.46888935357  102.858
4948.08717464035  102.8391
4948.70545992713  104.3039
4949.32374521391  102.6697
4949.94203050069  98.50763
4950.56031578747  95.03354
4951.17860107425  95.31428
4951.79688636103  98.17558
4952.41517164781  98.0155
4953.03345693459  96.77632
4953.65174222137  99.9014
4954.27002750815  100.5203
4954.88831279493  95.22337
4955.50659808171  92.66348
4956.12488336849  94.62241
4956.74316865527  95.8717
4957.36145394206  95.94608
4957.97973922884  95.94276
4958.59802451562  93.79294
4959.2163098024  90.05988
4959.83459508918  87.43398
4960.45288037596  87.94722
4961.07116566274  86.39613
4961.68945094952  87.08268
4962.3077362363  87.3462
4962.92602152308  89.21675
4963.54430680986  96.28555
4964.16259209664  97.19699
4964.78087738342  91.66156
4965.3991626702  90.5132
4966.01744795698  92.70316
4966.63573324377  94.82988
4967.25401853055  94.32584
4967.87230381733  92.37449
4968.49058910411  91.09833
4969.10887439089  89.79488
4969.72715967767  87.464
4970.34544496445  83.23886
4970.96373025123  84.6729
4971.58201553801  91.85016
4972.20030082479  97.33696
4972.81858611157  94.31448
4973.43687139835  84.02086
4974.05515668513  83.01048
4974.67344197191  88.04218
4975.29172725869  89.28039
4975.91001254548  85.53722
4976.52829783226  86.90057
4977.14658311904  92.15921
4977.76486840582  90.19406
4978.3831536926  87.78545
4979.00143897938  91.36481
4979.61972426616  95.55199
4980.23800955294  96.77058
4980.85629483972  92.79849
4981.4745801265  88.1879
4982.09286541328  85.91624
4982.71115070006  84.55582
4983.32943598684  87.62746
4983.94772127362  92.93587
4984.5660065604  95.27663
4985.18429184718  94.86679
4985.80257713397  90.81697
4986.42086242074  87.91226
4987.03914770753  89.42105
4987.65743299431  96.17204
4988.27571828109  102.2541
4988.89400356787  102.9944
4989.51228885465  99.76186
4990.13057414143  97.20271
4990.74885942821  98.11462
4991.36714471499  102.2157
4991.98543000177  104.2914
4992.60371528855  102.8763
4993.22200057533  99.41819
4993.84028586211  101.8359
4994.45857114889  105.775
4995.07685643567  105.1058
4995.69514172245  102.052
4996.31342700924  100.2231
4996.93171229602  98.17262
4997.5499975828  101.7727
4998.16828286958  110.5809
4998.78656815636  114.1674
4999.40485344314  113.9728
5000.02313872992  113.179
5000.6414240167  111.9255
5001.25970930348  112.182
5001.87799459026  111.8008
5002.49627987704  116.6544
5003.11456516382  117.2411
5003.7328504506  112.6534
5004.35113573738  108.6136
5004.96942102416  109.233
5005.58770631095  111.3581
5006.20599159773  116.6527
5006.82427688451  120.3744
5007.44256217129  113.8581
5008.06084745807  109.0963
5008.67913274485  109.1308
5009.29741803163  102.7576
5009.91570331841  96.996
5010.53398860519  95.96091
5011.15227389197  99.57101
5011.77055917875  103.2579
5012.38884446553  107.4558
5013.00712975231  108.2074
5013.62541503909  105.6234
5014.24370032587  107.3386
5014.86198561265  112.3059
5015.48027089944  105.916
5016.09855618622  95.82742
5016.716841473  96.37808
5017.33512675978  101.7165
5017.95341204656  108.0672
5018.57169733334  111.8778
5019.18998262012  114.0207
5019.8082679069  112.3609
5020.42655319368  107.9752
5021.04483848046  104.485
5021.66312376724  108.2327
5022.28140905402  109.3591
5022.8996943408  104.5833
5023.51797962758  105.1868
5024.13626491436  107.2833
5024.75455020115  107.0713
5025.37283548793  110.6949
5025.99112077471  116.915
5026.60940606149  119.2928
5027.22769134827  112.9709
5027.84597663505  107.3124
5028.46426192183  114.9303
5029.08254720861  122.7519
5029.70083249539  117.4489
5030.31911778217  113.5465
5030.93740306895  120.2075
5031.55568835573  123.4034
5032.17397364251  118.7432
5032.79225892929  117.4604
5033.41054421607  117.9097
5034.02882950286  118.889
5034.64711478963  120.031
5035.26540007642  117.9713
5035.8836853632  116.7203
5036.50197064998  122.8519
5037.12025593676  125.021
5037.73854122354  119.2877
5038.35682651032  116.5055
5038.9751117971  120.005
5039.59339708388  124.5233
5040.21168237066  121.1455
5040.82996765744  114.0929
5041.44825294422  114.7097
5042.066538231  119.2515
5042.68482351778  116.1151
5043.30310880456  112.2399
5043.92139409134  111.5786
5044.53967937813  111.6779
5045.15796466491  110.2416
5045.77624995169  103.7023
5046.39453523847  100.6289
5047.01282052525  104.283
5047.63110581203  109.0845
5048.24939109881  114.7068
5048.86767638559  116.8534
5049.48596167237  112.7903
5050.10424695915  108.1998
5050.72253224593  106.688
5051.34081753271  106.8204
5051.95910281949  102.9816
5052.57738810627  96.51799
5053.19567339305  96.06558
5053.81395867983  97.32887
5054.43224396661  95.4953
5055.0505292534  94.35224
5055.66881454018  97.48383
5056.28709982696  98.61279
5056.90538511374  100.8607
5057.52367040052  109.0509
5058.1419556873  114.8583
5058.76024097408  112.6458
5059.37852626086  106.9635
5059.99681154764  105.4033
5060.61509683442  104.8228
5061.2333821212  107.0187
5061.85166740798  109.4279
5062.46995269476  110.5532
5063.08823798154  111.2391
5063.70652326832  110.6175
5064.32480855511  107.5548
5064.94309384189  102.0319
5065.56137912867  105.3994
5066.17966441545  112.3436
5066.79794970223  110.5854
5067.41623498901  104.3091
5068.03452027579  104.4174
5068.65280556257  106.6559
5069.27109084935  105.1623
5069.88937613613  107.2028
5070.50766142291  107.2471
5071.12594670969  97.78398
5071.74423199647  93.43941
5072.36251728325  98.03053
5072.98080257004  103.7362
5073.59908785682  111.1772
5074.2173731436  114.2587
5074.83565843038  111.7428
5075.45394371716  108.1588
5076.07222900394  106.2824
5076.69051429072  103.8485
5077.3087995775  101.2786
5077.92708486428  100.8928
5078.54537015106  99.53784
5079.16365543784  99.47269
5079.78194072462  102.6344
5080.4002260114  104.4116
5081.01851129818  107.5162
5081.63679658496  110.9021
5082.25508187174  112.779
5082.87336715853  112.4571
5083.49165244531  109.3262
5084.10993773209  105.9399
5084.72822301887  103.5894
5085.34650830565  103.9037
5085.96479359243  103.2299
5086.58307887921  101.0212
5087.20136416599  101.7347
5087.81964945277  100.6741
5088.43793473955  97.38863
5089.05622002633  100.7257
5089.67450531311  111.1808
5090.29279059989  117.1869
5090.91107588667  113.71
5091.52936117345  107.6424
5092.14764646023  102.0389
5092.76593174701  99.12973
5093.3842170338  97.42151
5094.00250232058  106.9551
5094.62078760736  115.3061
5095.23907289414  107.8921
5095.85735818092  97.33633
5096.4756434677  99.36621
5097.09392875448  105.1991
5097.71221404126  106.11
5098.33049932804  104.6118
5098.94878461482  101.4775
5099.5670699016  96.1632
5100.18535518838  96.54427
5100.80364047516  101.4487
5101.42192576194  99.35379
5102.04021104872  101.0752
5102.6584963355  112.3075
5103.27678162229  119.1721
5103.89506690907  118.0373
5104.51335219585  111.4198
5105.13163748263  106.3166
5105.74992276941  108.088
5106.36820805619  112.0881
5106.98649334297  112.9171
5107.60477862975  115.2058
5108.22306391653  115.1722
5108.84134920331  114.3119
5109.45963449009  110.2094
5110.07791977687  103.5755
5110.69620506365  100.2382
5111.31449035043  99.66681
5111.93277563721  100.3917
5112.55106092399  106.037
5113.16934621078  112.2995
5113.78763149756  109.8033
5114.40591678434  102.7459
5115.02420207112  101.919
5115.6424873579  103.4491
5116.26077264468  104.557
5116.87905793146  107.7205
5117.49734321824  110.495
5118.11562850502  110.1155
5118.7339137918  110.261
5119.35219907858  107.8414
5119.97048436536  106.4188
5120.58876965214  104.8637
5121.20705493892  103.7462
5121.8253402257  102.18
5122.44362551249  101.6597
5123.06191079927  101.6073
5123.68019608605  105.6197
5124.29848137283  111.6718
5124.91676665961  111.3628
5125.53505194639  107.8456
5126.15333723317  103.6216
5126.77162251995  102.7396
5127.38990780673  106.0139
5128.00819309351  107.0257
5128.62647838029  106.594
5129.24476366707  110.8984
5129.86304895385  112.1918
5130.48133424063  107.2013
5131.09961952741  101.4125
5131.71790481419  101.0075
5132.33619010098  102.5274
5132.95447538776  103.639
5133.57276067454  103.8081
5134.19104596132  100.84
5134.8093312481  96.46672
5135.42761653488  93.28529
5136.04590182166  91.70374
5136.66418710844  95.7323
5137.28247239522  103.4025
5137.900757682  100.1712
5138.51904296878  91.87001
