3889.6630859375  28.12726
3890.28135323525  35.14581
3890.89962053299  32.56648
3891.51788783074  27.25422
3892.13615512848  54.12019
3892.75442242623  48.07201
3893.37268972397  42.7732
3893.99095702172  59.42745
3894.60922431946  41.08076
3895.22749161721  55.13011
3895.84575891495  43.97984
3896.4640262127  68.2458
3897.08229351044  69.4626
3897.70056080818  72.39944
3898.31882810593  60.71703
3898.93709540368  47.73356
3899.55536270142  58.75893
3900.17362999917  60.63749
3900.79189729691  42.21438
3901.41016459465  63.79115
3902.0284318924  52.86385
3902.64669919014  48.78938
3903.26496648789  59.03939
3903.88323378563  58.96813
3904.50150108338  62.69217
3905.11976838112  58.19707
3905.73803567887  38.09294
3906.35630297661  56.78135
3906.97457027436  66.68246
3907.5928375721  74.93504
3908.21110486985  67.59223
3908.82937216759  69.77415
3909.44763946534  52.78424
3910.06590676308  53.7893
3910.68417406083  56.41227
3911.30244135857  38.65663
3911.92070865632  62.02049
3912.53897595406  57.00576
3913.1572432518  60.1912
3913.77551054955  52.39747
3914.39377784729  53.39874
3915.01204514504  67.22926
3915.63031244278  53.31441
3916.24857974053  50.94565
3916.86684703827  66.88447
3917.48511433602  62.02519
3918.10338163376  50.72831
3918.72164893151  71.21041
3919.33991622925  56.96284
3919.958183527  68.11607
3920.57645082474  57.68491
3921.19471812249  49.05583
3921.81298542023  68.60412
3922.43125271798  61.41977
3923.04952001572  63.02695
3923.66778731346  62.15225
3924.28605461121  61.99576
3924.90432190896  75.37918
3925.5225892067  75.14242
3926.14085650444  55.81835
3926.75912380219  46.53355
3927.37739109993  71.40387
3927.99565839768  78.52192
3928.61392569542  68.40584
3929.23219299317  59.54441
3929.85046029091  60.15643
3930.46872758866  54.84473
3931.0869948864  49.12481
3931.70526218415  68.85052
3932.32352948189  63.36185
3932.94179677964  46.20773
3933.56006407738  74.41837
3934.17833137513  62.13698
3934.79659867287  52.79211
3935.41486597062  63.8637
3936.03313326836  66.77198
3936.65140056611  54.97604
3937.26966786385  53.77821
3937.88793516159  66.04787
3938.50620245934  65.30566
3939.12446975708  52.35583
3939.74273705483  55.87437
3940.36100435257  73.4165
3940.97927165032  77.21686
3941.59753894806  61.72588
3942.21580624581  65.46877
3942.83407354355  85.27285
3943.4523408413  91.36921
3944.07060813904  87.5535
3944.68887543679  92.54598
3945.30714273453  89.48815
3945.92541003228  74.74161
3946.54367733002  84.08273
3947.16194462777  99.17243
3947.78021192551  106.0484
3948.39847922326  78.62787
3949.016746521  72.24448
3949.63501381875  95.69356
3950.25328111649  101.0667
3950.87154841423  74.51087
3951.48981571198  93.36357
3952.10808300972  102.2413
3952.72635030747  89.83293
3953.34461760521  103.2627
3953.96288490296  111.5242
3954.5811522007  102.1616
3955.19941949845  94.23016
3955.81768679619  85.15634
3956.43595409394  107.9296
3957.05422139168  113.7068
3957.67248868943  94.83057
3958.29075598717  120.5218
3958.90902328492  106.7406
3959.52729058266  95.30953
3960.14555788041  117.3884
3960.76382517815  117.7398
3961.3820924759  107.7542
3962.00035977364  103.0195
3962.61862707138  116.3223
3963.23689436913  101.4741
3963.85516166687  109.1166
3964.47342896462  107.3967
3965.09169626236  112.5359
3965.70996356011  113.2509
3966.32823085785  120.8322
3966.9464981556  110.4509
3967.56476545334  95.32362
3968.18303275109  106.2669
3968.80130004883  95.924
3969.41956734658  81.77502
3970.03783464432  94.78889
3970.65610194207  66.08282
3971.27436923981  94.64114
3971.89263653756  91.77267
3972.5109038353  89.56866
3973.12917113305  87.40543
3973.74743843079  110.9772
3974.36570572853  86.05843
3974.98397302628  90.32972
3975.60224032402  101.953
3976.22050762177  106.6934
3976.83877491951  109.8144
3977.45704221726  97.52802
3978.075309515  108.6088
3978.69357681275  144.8105
3979.31184411049  121.4207
3979.93011140824  102.1441
3980.54837870598  111.645
3981.16664600373  101.9124
3981.78491330147  113.662
3982.40318059922  117.2439
3983.02144789696  98.0435
3983.63971519471  113.3114
3984.25798249245  119.8097
3984.8762497902  87.67245
3985.49451708794  98.47521
3986.11278438569  98.5934
3986.73105168343  81.22907
3987.34931898117  124.715
3987.96758627892  101.5128
3988.58585357666  91.86674
3989.20412087441  84.21561
3989.82238817215  86.16547
3990.4406554699  100.9123
3991.05892276764  108.5521
3991.67719006539  98.38903
3992.29545736313  89.62273
3992.91372466088  87.51024
3993.53199195862  66.63692
3994.15025925637  75.28471
3994.76852655411  88.09184
3995.38679385186  83.33857
3996.0050611496  84.6114
3996.62332844735  81.92506
3997.24159574509  100.0698
3997.85986304284  79.61345
3998.47813034058  73.30503
3999.09639763833  84.66115
3999.71466493607  67.77898
4000.33293223382  86.72649
4000.95119953156  71.67439
4001.5694668293  84.23219
4002.18773412705  91.36887
4002.80600142479  90.16359
4003.42426872254  61.70409
4004.04253602028  80.17556
4004.66080331803  73.56505
4005.27907061577  61.08524
4005.89733791352  63.04237
4006.51560521126  71.37846
4007.13387250901  73.35521
4007.75213980675  83.89039
4008.3704071045  78.20848
4008.98867440224  68.66839
4009.60694169999  84.1307
4010.22520899773  76.8227
4010.84347629548  87.90612
4011.46174359322  68.73271
4012.08001089096  75.56496
4012.69827818871  75.40545
4013.31654548645  70.71171
4013.9348127842  76.88005
4014.55308008194  56.29052
4015.17134737969  73.96574
4015.78961467743  68.64891
4016.40788197518  81.82453
4017.02614927292  96.06972
4017.64441657067  89.20012
4018.26268386841  86.15689
4018.88095116616  75.08479
4019.4992184639  77.7443
4020.11748576165  77.91817
4020.73575305939  65.44321
4021.35402035714  75.862
4021.97228765488  73.55024
4022.59055495263  57.57303
4023.20882225037  72.06485
4023.82708954812  71.99541
4024.44535684586  78.24805
4025.06362414361  72.54261
4025.68189144135  77.9738
4026.30015873909  64.80392
4026.91842603684  57.16931
4027.53669333458  82.50369
4028.15496063233  65.71555
4028.77322793007  71.99086
4029.39149522782  75.57333
4030.00976252556  72.70834
4030.62802982331  60.26873
4031.24629712105  66.67394
4031.8645644188  73.59482
4032.48283171654  83.48795
4033.10109901429  76.76127
4033.71936631203  86.30257
4034.33763360978  93.00329
4034.95590090752  69.17115
4035.57416820527  78.6822
4036.19243550301  72.37752
4036.81070280076  68.64506
4037.4289700985  84.3744
4038.04723739624  77.59994
4038.66550469399  72.61828
4039.28377199173  89.53079
4039.90203928948  61.52488
4040.52030658722  68.80049
4041.13857388497  73.59481
4041.75684118271  80.25127
4042.37510848046  79.18723
4042.9933757782  94.65017
4043.61164307595  94.25133
4044.22991037369  63.79378
4044.84817767144  62.28153
4045.46644496918  86.1986
4046.08471226693  101.2479
4046.70297956467  89.40021
4047.32124686242  58.73912
4047.93951416016  75.47214
4048.55778145791  79.50169
4049.17604875565  84.57501
4049.7943160534  86.02915
4050.41258335114  78.66821
4051.03085064888  69.45318
4051.64911794663  91.37135
4052.26738524437  66.44658
4052.88565254212  79.22151
4053.50391983986  67.30553
4054.12218713761  82.21057
4054.74045443535  59.46049
4055.3587217331  86.61629
4055.97698903084  80.40591
4056.59525632859  67.7432
4057.21352362633  82.45449
4057.83179092408  80.10452
4058.45005822182  65.06922
4059.06832551957  67.00227
4059.68659281731  59.12865
4060.30486011505  89.54124
4060.9231274128  106.6577
4061.54139471054  75.7473
4062.15966200829  82.78382
4062.77792930603  83.76405
4063.39619660378  66.33536
4064.01446390152  60.57949
4064.63273119927  82.59023
4065.25099849701  81.93863
4065.86926579476  59.75245
4066.4875330925  74.69453
4067.10580039025  91.80462
4067.72406768799  86.73876
4068.34233498574  63.01757
4068.96060228348  86.70504
4069.57886958123  116.81
4070.19713687897  94.85575
4070.81540417672  76.58013
4071.43367147446  74.26071
4072.05193877221  71.91444
4072.67020606995  89.4931
4073.2884733677  115.6424
4073.90674066544  102.9848
4074.52500796319  95.22124
4075.14327526093  84.53584
4075.76154255867  84.27775
4076.37980985642  84.71659
4076.99807715416  106.7334
4077.61634445191  106.6599
4078.23461174965  117.8001
4078.8528790474  100.2782
4079.47114634514  120.4736
4080.08941364289  128.4211
4080.70768094063  151.1432
4081.32594823838  114.5784
4081.94421553612  118.2669
4082.56248283387  107.3673
4083.18075013161  112.4476
4083.79901742936  150.3902
4084.4172847271  148.941
4085.03555202485  142.215
4085.65381932259  124.8864
4086.27208662034  117.9508
4086.89035391808  149.0002
4087.50862121583  147.2802
4088.12688851357  140.1516
4088.74515581131  165.9299
4089.36342310906  169.9745
4089.9816904068  144.3327
4090.59995770455  134.2527
4091.21822500229  145.886
4091.83649230004  160.7154
4092.45475959778  152.6691
4093.07302689553  177.2645
4093.69129419327  157.8594
4094.30956149102  145.846
4094.92782878876  164.8501
4095.54609608651  177.7094
4096.16436338425  163.532
4096.782630682  150.0486
4097.40089797974  141.0841
4098.01916527749  158.7191
4098.63743257523  163.5168
4099.25569987298  128.6701
4099.87396717072  129.6476
4100.49223446846  137.7912
4101.11050176621  113.3967
4101.72876906395  126.9494
4102.3470363617  130.1785
4102.96530365944  121.9353
4103.58357095719  123.7145
4104.20183825493  155.6625
4104.82010555268  152.8183
4105.43837285042  133.3239
4106.05664014817  120.2423
4106.67490744591  145.0525
4107.29317474366  148.4587
4107.9114420414  130.9938
4108.52970933915  150.5141
4109.14797663689  154.9656
4109.76624393464  162.2422
4110.38451123238  139.7533
4111.00277853013  142.2509
4111.62104582787  154.2289
4112.23931312562  165.2713
4112.85758042336  146.1586
4113.4758477211  145.5073
4114.09411501885  170.9232
4114.71238231659  170.5072
4115.33064961434  138.4716
4115.94891691208  135.2903
4116.56718420983  147.5085
4117.18545150757  171.6978
4117.80371880532  152.9653
4118.42198610306  131.1689
4119.04025340081  143.0641
4119.65852069855  145.233
4120.2767879963  125.8226
4120.89505529404  110.7068
4121.51332259179  118.57
4122.13158988953  129.4606
4122.74985718728  114.5843
4123.36812448502  99.62392
4123.98639178277  93.77841
4124.60465908051  118.6989
4125.22292637825  132.7619
4125.841193676  114.2138
4126.45946097374  106.5792
4127.07772827149  105.9249
4127.69599556923  101.6466
4128.31426286698  108.6994
4128.93253016472  119.8254
4129.55079746247  98.07433
4130.16906476021  106.0144
4130.78733205796  87.29151
4131.4055993557  102.8854
4132.02386665345  112.7836
4132.64213395119  94.88871
4133.26040124894  99.93947
4133.87866854668  98.04236
4134.49693584443  105.2121
4135.11520314217  92.61308
4135.73347043992  105.6713
4136.35173773766  91.89937
4136.97000503541  83.13897
4137.58827233315  108.9969
4138.2065396309  91.00143
4138.82480692864  84.67021
4139.44307422638  77.12566
4140.06134152413  52.73475
4140.67960882187  100.9986
4141.29787611962  95.77731
4141.91614341736  81.51359
4142.53441071511  89.03188
4143.15267801285  81.2914
4143.7709453106  86.02154
4144.38921260834  92.66418
4145.00747990609  99.50626
4145.62574720383  79.84571
4146.24401450158  88.60973
4146.86228179932  94.58916
4147.48054909707  83.97106
4148.09881639481  76.37529
4148.71708369256  81.46114
4149.3353509903  94.43503
4149.95361828805  71.47804
4150.57188558579  77.14243
4151.19015288353  84.80646
4151.80842018128  89.23165
4152.42668747902  74.73705
4153.04495477677  89.85088
4153.66322207451  89.16875
4154.28148937226  81.5818
4154.89975667  78.56639
4155.51802396775  87.4864
4156.13629126549  80.80052
4156.75455856324  67.48434
4157.37282586098  78.62764
4157.99109315873  93.72244
4158.60936045647  88.86203
4159.22762775421  85.03204
4159.84589505196  95.8748
4160.4641623497  96.44879
4161.08242964745  62.95934
4161.70069694519  87.20496
4162.31896424294  87.23575
4162.93723154069  70.48404
4163.55549883843  75.76249
4164.17376613618  91.32745
4164.79203343392  81.55788
4165.41030073166  88.59212
4166.02856802941  77.21629
4166.64683532715  80.2404
4167.2651026249  94.60687
4167.88336992264  82.78098
4168.50163722039  86.75604
4169.11990451813  75.45877
4169.73817181588  77.72
4170.35643911362  110.2327
4170.97470641137  111.4272
4171.59297370911  107.4315
4172.21124100686  94.93602
4172.8295083046  75.70002
4173.44777560234  68.59378
4174.06604290009  68.34097
4174.68431019783  81.84218
4175.30257749558  71.22217
4175.92084479332  45.87089
4176.53911209107  81.90505
4177.15737938881  82.17169
4177.77564668656  76.48394
4178.3939139843  64.94731
4179.01218128205  66.5008
4179.63044857979  79.08018
4180.24871587754  82.44459
4180.86698317528  91.60869
4181.48525047303  89.54398
4182.10351777077  80.35773
4182.72178506852  93.3071
4183.34005236626  92.16835
4183.95831966401  83.90703
4184.57658696175  76.67831
4185.1948542595  77.25191
4185.81312155724  102.7224
4186.43138885499  96.5784
4187.04965615273  69.77306
4187.66792345047  89.62153
4188.28619074822  76.27615
4188.90445804596  80.03403
4189.52272534371  74.14709
4190.14099264145  87.7087
4190.7592599392  86.80974
4191.37752723694  51.24171
4191.99579453469  70.05825
4192.61406183243  68.18625
4193.23232913018  76.77206
4193.85059642792  79.54237
4194.46886372567  101.8072
4195.08713102341  98.24916
4195.70539832116  82.09331
4196.3236656189  88.02768
4196.94193291665  101.9883
4197.56020021439  74.04667
4198.17846751214  82.62059
4198.79673480988  102.2333
4199.41500210762  74.69418
4200.03326940537  81.70169
4200.65153670311  86.06871
4201.26980400086  64.18006
4201.8880712986  72.78407
4202.50633859635  75.78339
4203.12460589409  84.49966
4203.74287319184  93.717
4204.36114048958  71.86494
4204.97940778733  72.70693
4205.59767508507  92.54028
4206.21594238282  91.73703
4206.83420968056  83.56406
4207.45247697831  89.81431
4208.07074427605  63.13727
4208.6890115738  75.45811
4209.30727887154  85.2637
4209.92554616929  52.89715
4210.54381346703  74.04662
4211.16208076478  100.2322
4211.78034806252  92.7999
4212.39861536026  75.37117
4213.01688265801  66.01945
4213.63514995575  73.43726
4214.2534172535  87.02981
4214.87168455124  85.62289
4215.48995184899  89.25857
4216.10821914673  93.67469
4216.72648644448  57.55294
4217.34475374222  87.15972
4217.96302103997  95.08001
4218.58128833771  84.13558
4219.19955563546  91.45656
4219.8178229332  76.70928
4220.43609023095  77.40601
4221.05435752869  58.65477
4221.67262482644  82.40417
4222.29089212418  88.26965
4222.90915942193  79.18635
4223.52742671967  77.18567
4224.14569401741  90.46266
4224.76396131516  90.7869
4225.3822286129  91.30555
4226.00049591065  91.76505
4226.61876320839  78.99074
4227.23703050614  78.82651
4227.85529780388  85.70155
4228.47356510163  81.65298
4229.09183239937  97.75498
4229.71009969712  100.3628
4230.32836699486  80.53577
4230.94663429261  77.49316
4231.56490159035  71.36138
4232.1831688881  71.78448
4232.80143618584  70.151
4233.41970348359  84.43365
4234.03797078133  99.29023
4234.65623807908  84.76939
4235.27450537682  85.00812
4235.89277267456  69.01669
4236.51103997231  65.97895
4237.12930727005  81.98451
4237.7475745678  80.67386
4238.36584186554  95.02016
4238.98410916329  92.97109
4239.60237646103  95.48406
4240.22064375878  68.34275
4240.83891105652  76.98389
4241.45717835427  83.56352
4242.07544565201  86.674
4242.69371294976  95.47697
4243.3119802475  69.34958
4243.93024754525  76.68251
4244.54851484299  86.22421
4245.16678214074  82.00751
4245.78504943848  69.98126
4246.40331673623  78.72307
4247.02158403397  78.10863
4247.63985133172  86.78001
4248.25811862946  78.47983
4248.87638592721  78.8302
4249.49465322495  73.49617
4250.11292052269  83.97125
4250.73118782044  66.84652
4251.34945511818  64.50097
4251.96772241593  77.52051
4252.58598971367  80.97816
4253.20425701142  72.52764
4253.82252430916  89.14961
4254.44079160691  82.35088
4255.05905890465  65.88188
4255.6773262024  78.98234
4256.29559350014  62.70468
4256.91386079789  73.79755
4257.53212809563  102.8761
4258.15039539338  81.83514
4258.76866269112  72.28535
4259.38692998887  80.56335
4260.00519728661  75.27409
4260.62346458436  74.52827
4261.2417318821  88.13389
4261.85999917985  76.37714
4262.47826647759  88.22518
4263.09653377533  114.6056
4263.71480107308  104.4817
4264.33306837082  79.58618
4264.95133566857  71.64511
4265.56960296631  80.02103
4266.18787026406  72.46422
4266.8061375618  86.52096
4267.42440485955  84.74868
4268.04267215729  72.93859
4268.66093945504  102.421
4269.27920675278  74.03726
4269.89747405053  77.72569
4270.51574134827  90.44041
4271.13400864602  94.27856
4271.75227594376  95.70674
4272.37054324151  90.4322
4272.98881053925  56.90678
4273.607077837  81.03469
4274.22534513474  69.71218
4274.84361243248  63.05417
4275.46187973023  81.90495
4276.08014702797  82.10972
4276.69841432572  73.16586
4277.31668162346  61.63413
4277.93494892121  66.11018
4278.55321621895  86.88947
4279.1714835167  90.19442
4279.78975081444  69.62169
4280.40801811219  83.65025
4281.02628540993  82.00538
4281.64455270768  88.88197
4282.26282000542  83.69524
4282.88108730317  85.23337
4283.49935460091  74.63073
4284.11762189866  104.0233
4284.7358891964  105.5361
4285.35415649415  82.88232
4285.97242379189  88.48006
4286.59069108963  92.58543
4287.20895838738  94.43456
4287.82722568512  91.77187
4288.44549298287  90.64175
4289.06376028061  75.6447
4289.68202757836  77.77258
4290.3002948761  103.4212
4290.91856217385  111.5959
4291.53682947159  93.88496
4292.15509676934  89.288
4292.77336406708  92.48496
4293.39163136483  100.6908
4294.00989866257  74.70039
4294.62816596032  76.47854
4295.24643325806  87.69824
4295.86470055581  85.70176
4296.48296785355  82.55939
4297.1012351513  77.00414
4297.71950244904  92.87821
4298.33776974678  75.68427
4298.95603704453  73.08884
4299.57430434227  88.10967
4300.19257164002  87.42965
4300.81083893776  83.56962
4301.42910623551  81.36001
4302.04737353325  88.73026
4302.665640831  77.71705
4303.28390812874  96.09618
4303.90217542649  84.39295
4304.52044272423  78.05222
4305.13871002198  83.67715
4305.75697731972  79.53712
4306.37524461747  93.1236
4306.99351191521  121.5911
4307.61177921296  108.1984
4308.2300465107  86.2651
4308.84831380845  125.1788
4309.46658110619  120.3773
4310.08484840394  94.87656
4310.70311570168  83.22983
4311.32138299943  103.9168
4311.93965029717  98.21753
4312.55791759491  82.43487
4313.17618489266  97.57894
4313.7944521904  104.3455
4314.41271948815  106.4023
4315.03098678589  118.818
4315.64925408364  108.0891
4316.26752138138  103.0842
4316.88578867913  114.6408
4317.50405597687  121.672
4318.12232327462  130.1964
4318.74059057236  143.9173
4319.35885787011  127.4699
4319.97712516785  132.1704
4320.5953924656  122.3321
4321.21365976334  133.6426
4321.83192706108  153.5918
4322.45019435883  155.5855
4323.06846165657  147.8547
4323.68672895432  166.5695
4324.30499625206  164.3526
4324.92326354981  160.9683
4325.54153084755  172.1363
4326.1597981453  163.4236
4326.77806544304  173.7021
4327.39633274079  165.0159
4328.01460003853  175.9052
4328.63286733628  178.837
4329.25113463402  161.5929
4329.86940193177  200.0191
4330.48766922951  192.563
4331.10593652726  173.1366
4331.724203825  185.1882
4332.34247112275  187.526
4332.96073842049  184.6805
4333.57900571824  154.0647
4334.19727301598  159.2259
4334.81554031373  157.0845
4335.43380761147  160.5715
4336.05207490921  169.0567
4336.67034220696  152.7493
4337.2886095047  171.3294
4337.90687680245  119.683
4338.52514410019  123.8149
4339.14341139794  149.433
4339.76167869568  129.1634
4340.37994599343  126.3552
4340.99821329117  138.6207
4341.61648058892  118.0778
4342.23474788666  116.0383
4342.85301518441  141.7258
4343.47128248215  134.8663
4344.0895497799  164.4013
4344.70781707764  163.7274
4345.32608437539  152.1261
4345.94435167313  162.8807
4346.56261897088  166.3572
4347.18088626862  158.2944
4347.79915356637  161.0675
4348.41742086411  175.8808
4349.03568816185  193.0809
4349.6539554596  199.4513
4350.27222275734  197.3289
4350.89049005509  179.801
4351.50875735283  182.5544
4352.12702465058  168.7336
4352.74529194832  165.6689
4353.36355924607  171.7242
4353.98182654381  164.4378
4354.60009384156  179.4097
4355.2183611393  187.0179
4355.83662843705  166.4265
4356.45489573479  141.4954
4357.07316303254  141.1614
4357.69143033028  147.9093
4358.30969762803  124.8263
4358.92796492577  147.4028
4359.54623222352  140.8384
4360.16449952126  153.2684
4360.78276681901  134.1427
4361.40103411675  155.595
4362.01930141449  127.4003
4362.63756871224  145.2468
4363.25583600998  124.7572
4363.87410330773  101.6238
4364.49237060547  119.8059
4365.11063790322  126.8124
4365.72890520096  119.2179
4366.34717249871  114.0799
4366.96543979645  118.1815
4367.5837070942  105.1491
4368.20197439194  98.2517
4368.82024168969  102.9198
4369.43850898743  111.0111
4370.05677628518  103.4311
4370.67504358292  88.94127
4371.29331088067  85.25105
4371.91157817841  85.46172
4372.52984547616  80.35088
4373.1481127739  127.025
4373.76638007165  114.0145
4374.38464736939  96.59591
4375.00291466713  86.77663
4375.62118196488  111.4641
4376.23944926262  101.7815
4376.85771656037  120.2988
4377.47598385811  102.9156
4378.09425115586  99.53642
4378.7125184536  77.86827
4379.33078575135  97.66666
4379.94905304909  116.712
4380.56732034684  91.62997
4381.18558764458  97.41678
4381.80385494233  91.38765
4382.42212224007  70.80798
4383.04038953782  81.41444
4383.65865683556  87.76143
4384.2769241333  92.21695
4384.89519143105  79.18452
4385.51345872879  87.65921
4386.13172602654  91.6326
4386.74999332428  86.36158
4387.36826062203  93.27821
4387.98652791977  103.4788
4388.60479521752  101.4784
4389.22306251526  95.05482
4389.84132981301  83.62888
4390.45959711075  82.50677
4391.0778644085  91.9557
4391.69613170624  91.92822
4392.31439900399  80.83075
4392.93266630173  74.08429
4393.55093359948  88.22048
4394.16920089722  94.4187
4394.78746819497  93.14113
4395.40573549271  87.06015
4396.02400279046  94.43694
4396.6422700882  81.00543
4397.26053738595  71.5949
4397.87880468369  99.12214
4398.49707198143  76.93387
4399.11533927918  86.05695
4399.73360657692  96.70185
4400.35187387467  94.67303
4400.97014117241  91.21844
4401.58840847016  79.6667
4402.2066757679  78.46874
4402.82494306565  89.14076
4403.44321036339  64.00849
4404.06147766114  72.86044
4404.67974495888  56.06947
4405.29801225663  65.70769
4405.91627955437  93.06978
4406.53454685212  77.49701
4407.15281414986  80.07715
4407.77108144761  89.45846
4408.38934874535  96.04047
4409.0076160431  52.97161
4409.62588334084  67.60946
4410.24415063859  79.78535
4410.86241793633  76.74987
4411.48068523408  102.5753
4412.09895253182  73.44846
4412.71721982956  63.22387
4413.33548712731  68.37605
4413.95375442505  61.36223
4414.5720217228  73.675
4415.19028902054  89.35567
4415.80855631829  84.58765
4416.42682361603  70.39315
4417.04509091378  90.25695
4417.66335821152  80.72026
4418.28162550927  70.48574
4418.89989280701  78.21698
4419.51816010476  74.44077
4420.1364274025  70.27234
4420.75469470025  92.45876
4421.37296199799  66.89559
4421.99122929574  62.16381
4422.60949659348  92.83515
4423.22776389123  92.00027
4423.84603118897  82.76421
4424.46429848672  74.80109
4425.08256578446  71.98568
4425.70083308221  84.27294
4426.31910037995  100.3009
4426.93736767769  66.48963
4427.55563497544  83.48414
4428.17390227318  92.2239
4428.79216957093  67.71766
4429.41043686867  84.68186
4430.02870416642  78.38261
4430.64697146416  59.47553
4431.26523876191  60.7653
4431.88350605965  59.17967
4432.5017733574  68.54246
4433.12004065514  85.28324
4433.73830795289  76.01482
4434.35657525063  80.6188
4434.97484254837  85.99432
4435.59310984612  77.25301
4436.21137714387  70.00507
4436.82964444161  82.23198
4437.44791173936  77.30769
4438.0661790371  72.75098
4438.68444633485  79.15343
4439.30271363259  68.5797
4439.92098093033  79.45898
4440.53924822808  73.72574
4441.15751552582  89.65526
4441.77578282357  69.99005
4442.39405012131  70.83832
4443.01231741906  83.205
4443.6305847168  79.2066
4444.24885201455  84.84325
4444.86711931229  98.96006
4445.48538661004  105.1608
4446.10365390778  90.32482
4446.72192120553  78.02312
4447.34018850327  75.46935
4447.95845580102  91.83077
4448.57672309876  84.8899
4449.1949903965  82.44794
4449.81325769425  80.10026
4450.43152499199  117.6029
4451.04979228974  104.67
4451.66805958748  115.8875
4452.28632688523  84.10972
4452.90459418297  76.00126
4453.52286148072  119.3858
4454.14112877846  112.854
4454.75939607621  99.00764
4455.37766337395  109.6577
4455.9959306717  94.36395
4456.61419796944  98.24026
4457.23246526719  105.816
4457.85073256493  102.9322
4458.46899986268  136.8187
4459.08726716042  85.71432
4459.70553445817  124.7215
4460.32380175591  119.9414
4460.94206905366  110.2942
4461.5603363514  111.8492
4462.17860364914  136.6055
4462.79687094689  127.8482
4463.41513824464  108.6569
4464.03340554238  115.0692
4464.65167284012  100.1391
4465.26994013787  91.43845
4465.88820743561  79.48656
4466.50647473336  90.1858
4467.1247420311  97.8378
4467.74300932885  88.93822
4468.36127662659  93.89709
4468.97954392434  97.99017
4469.59781122208  76.76373
4470.21607851983  76.66138
4470.83434581757  103.8182
4471.45261311532  98.44807
4472.07088041306  69.06633
4472.68914771081  100.5442
4473.30741500855  94.37505
4473.9256823063  80.75859
4474.54394960404  82.15253
4475.16221690178  72.57053
4475.78048419953  79.27309
4476.39875149727  103.1904
4477.01701879502  94.90073
4477.63528609276  113.5539
4478.25355339051  108.3646
4478.87182068825  83.90905
4479.490087986  100.4216
4480.10835528374  94.67322
4480.72662258149  97.62671
4481.34488987923  95.97993
4481.96315717698  98.81554
4482.58142447472  107.7761
4483.19969177247  127.7712
4483.81795907021  93.14653
4484.43622636796  111.009
4485.0544936657  123.7325
4485.67276096344  106.519
4486.29102826119  91.10696
4486.90929555893  107.387
4487.52756285668  104.2085
4488.14583015442  119.3433
4488.76409745217  103.4073
4489.38236474991  108.2752
4490.00063204766  97.90342
4490.6188993454  102.1961
4491.23716664315  133.7798
4491.85543394089  129.5985
4492.47370123864  123.9095
4493.09196853638  110.698
4493.71023583413  108.1983
4494.32850313187  101.5854
4494.94677042962  116.7741
4495.56503772736  103.2263
4496.18330502511  104.4489
4496.80157232285  102.4841
4497.4198396206  74.03051
4498.03810691834  104.3592
4498.65637421608  117.3157
4499.27464151383  121.1975
4499.89290881157  113.8313
4500.51117610932  87.50327
4501.12944340706  101.6867
4501.74771070481  87.88416
4502.36597800255  83.16749
4502.9842453003  115.8012
4503.60251259804  120.9411
4504.22077989579  100.5861
4504.83904719353  100.699
4505.45731449128  104.7128
4506.07558178902  114.9076
4506.69384908677  85.4883
4507.31211638451  91.5173
4507.93038368226  83.15239
4508.54865098  81.99501
4509.16691827775  99.12972
4509.78518557549  118.4255
4510.40345287324  92.85903
4511.02172017098  94.32866
4511.63998746872  106.0742
4512.25825476647  71.36218
4512.87652206421  94.91975
4513.49478936196  88.99309
4514.1130566597  112.7808
4514.73132395745  113.5808
4515.34959125519  102.3512
4515.96785855294  106.7706
4516.58612585068  91.77174
4517.20439314843  95.5889
4517.82266044617  89.34476
4518.44092774392  73.24996
4519.05919504166  77.68535
4519.67746233941  101.3806
4520.29572963715  89.01614
4520.9139969349  93.01969
4521.53226423264  91.43957
4522.15053153039  97.921
4522.76879882813  95.37701
4523.38706612588  94.12899
4524.00533342362  107.0759
4524.62360072136  106.8528
4525.24186801911  73.90868
4525.86013531685  82.4064
4526.4784026146  99.33203
4527.09666991234  80.41098
4527.71493721009  59.82329
4528.33320450783  103.0851
4528.95147180558  95.50631
4529.56973910332  78.57234
4530.18800640107  93.07533
4530.80627369881  90.01987
4531.42454099656  101.9748
4532.0428082943  99.86068
4532.66107559205  99.36118
4533.27934288979  96.33195
4533.89761018754  86.8728
4534.51587748528  78.25305
4535.13414478303  100.6189
4535.75241208077  98.01567
4536.37067937852  92.01933
4536.98894667626  80.33476
4537.607213974  88.02309
4538.22548127175  115.406
4538.84374856949  85.19515
4539.46201586724  102.0729
4540.08028316498  127.791
4540.69855046273  113.4785
4541.31681776047  112.5002
4541.93508505822  98.52663
4542.55335235596  97.37004
4543.17161965371  109.2176
4543.78988695145  98.27496
4544.4081542492  96.57977
4545.02642154694  113.8227
4545.64468884469  107.8454
4546.26295614243  88.58441
4546.88122344018  90.21795
4547.49949073792  94.25372
4548.11775803567  99.13309
4548.73602533341  86.46395
4549.35429263115  94.70653
4549.9725599289  104.177
4550.59082722664  97.616
4551.20909452439  84.56192
4551.82736182213  100.6049
4552.44562911988  89.8774
4553.06389641762  107.7579
4553.68216371537  98.78876
4554.30043101311  87.12337
4554.91869831086  72.6891
4555.5369656086  86.5852
4556.15523290635  76.96072
4556.77350020409  91.18413
4557.39176750184  100.2886
4558.01003479958  97.54072
4558.62830209733  98.11562
4559.24656939507  91.84119
4559.86483669282  90.93641
4560.48310399056  74.68186
4561.1013712883  96.04307
4561.71963858605  97.09412
4562.33790588379  100.8981
4562.95617318154  98.42602
4563.57444047928  81.55579
4564.19270777703  86.38454
4564.81097507477  98.4478
4565.42924237252  115.2448
4566.04750967026  103.0641
4566.66577696801  92.72549
4567.28404426575  92.86598
4567.9023115635  94.25703
4568.52057886124  108.7171
4569.13884615899  104.3823
4569.75711345673  116.2715
4570.37538075448  108.3428
4570.99364805222  117.8149
4571.61191534997  95.39462
4572.23018264771  109.5587
4572.84844994546  114.5784
4573.4667172432  83.11328
4574.08498454094  106.1965
4574.70325183869  60.50179
4575.32151913643  94.42278
4575.93978643418  78.78463
4576.55805373192  84.91316
4577.17632102967  106.044
4577.79458832741  91.319
4578.41285562516  91.10043
4579.0311229229  91.00367
4579.64939022065  75.87512
4580.26765751839  116.8305
4580.88592481614  105.8285
4581.50419211388  89.05487
4582.12245941163  96.60294
4582.74072670937  113.6961
4583.35899400711  97.49459
4583.97726130486  110.494
4584.5955286026  114.0931
4585.21379590035  101.5471
4585.83206319809  77.98882
4586.45033049584  76.12106
4587.06859779359  98.81062
4587.68686509133  83.90702
4588.30513238907  105.8466
4588.92339968682  113.1976
4589.54166698456  111.4441
4590.15993428231  80.0787
4590.77820158005  79.19329
4591.3964688778  85.71545
4592.01473617554  79.95609
4592.63300347329  125.1338
4593.25127077103  101.4941
4593.86953806878  113.8946
4594.48780536652  124.0048
4595.10607266427  109.3088
4595.72433996201  84.43326
4596.34260725976  99.22363
4596.9608745575  108.0344
4597.57914185525  90.32839
4598.19740915299  76.72937
4598.81567645073  107.6012
4599.43394374848  73.5685
4600.05221104622  79.53368
4600.67047834397  90.08181
4601.28874564171  101.1753
4601.90701293946  86.66956
4602.5252802372  126.3917
4603.14354753495  105.0615
4603.76181483269  99.10518
4604.38008213044  107.5233
4604.99834942818  95.5699
4605.61661672593  104.3098
4606.23488402367  109.5214
4606.85315132142  102.612
4607.47141861916  104.2812
4608.08968591691  103.6109
4608.70795321465  107.0513
4609.3262205124  121.4104
4609.94448781014  139.3959
4610.56275510789  91.19799
4611.18102240563  101.1653
4611.79928970337  86.13036
4612.41755700112  102.2454
4613.03582429886  104.3383
4613.65409159661  85.10722
4614.27235889435  90.76715
4614.8906261921  117.9441
4615.50889348984  111.7841
4616.12716078759  107.9886
4616.74542808533  113.9035
4617.36369538308  116.8082
4617.98196268082  86.98072
4618.60022997857  96.78607
4619.21849727631  117.8577
4619.83676457406  109.5581
4620.4550318718  97.67185
4621.07329916955  116.3079
4621.69156646729  77.34939
4622.30983376504  104.4149
4622.92810106278  115.0863
4623.54636836052  81.87687
4624.16463565827  107.2865
4624.78290295601  77.81813
4625.40117025376  70.10883
4626.0194375515  96.74168
4626.63770484925  112.1068
4627.25597214699  91.86146
4627.87423944474  67.05162
4628.49250674248  63.74666
4629.11077404023  104.5325
4629.72904133797  102.9457
4630.34730863572  84.52536
4630.96557593346  83.50349
4631.58384323121  86.72678
4632.20211052895  126.465
4632.8203778267  104.9961
4633.43864512444  106.775
4634.05691242219  95.88754
4634.67517971993  93.6867
4635.29344701768  105.1126
4635.91171431542  126.1821
4636.52998161316  97.0384
4637.14824891091  97.40041
4637.76651620865  95.954
4638.3847835064  82.44633
4639.00305080414  86.47703
4639.62131810189  96.01923
4640.23958539963  114.0349
4640.85785269738  90.73343
4641.47611999512  112.725
4642.09438729287  100.6778
4642.71265459061  90.77308
4643.33092188836  85.98833
4643.9491891861  99.88764
4644.56745648385  97.2962
4645.18572378159  98.18808
4645.80399107934  102.2941
4646.42225837708  104.5418
4647.04052567483  88.59957
4647.65879297257  85.80537
4648.27706027031  117.2261
4648.89532756806  116.5466
4649.5135948658  92.2009
4650.13186216355  103.1615
4650.75012946129  93.27303
4651.36839675904  107.0966
4651.98666405678  111.2711
4652.60493135453  116.6242
4653.22319865227  122.591
4653.84146595002  122.1017
4654.45973324776  103.1892
4655.07800054551  118.8932
4655.69626784325  101.3922
4656.314535141  104.2862
4656.93280243874  73.33919
4657.55106973649  92.76102
4658.16933703423  90.49622
4658.78760433198  98.51646
4659.40587162972  105.8037
4660.02413892747  98.89773
4660.64240622521  112.1831
4661.26067352296  131.992
4661.8789408207  132.1128
4662.49720811844  119.779
4663.11547541619  103.1948
4663.73374271393  92.69008
4664.35201001168  116.0762
4664.97027730942  129.6909
4665.58854460717  109.796
4666.20681190491  91.70248
4666.82507920266  98.3122
4667.4433465004  115.3774
4668.06161379815  124.7678
4668.67988109589  90.18459
4669.29814839364  104.8797
4669.91641569138  101.9374
4670.53468298913  115.8961
4671.15295028687  102.5889
4671.77121758462  92.65411
4672.38948488236  112.7889
4673.00775218011  108.2117
4673.62601947785  116.6489
4674.24428677559  107.1108
4674.86255407334  119.5983
4675.48082137108  111.0919
4676.09908866883  97.62792
4676.71735596657  111.5449
4677.33562326432  103.699
4677.95389056206  110.3983
4678.57215785981  102.0987
4679.19042515755  93.87527
4679.8086924553  113.7794
4680.42695975304  91.48793
4681.04522705079  118.5911
4681.66349434853  99.76343
4682.28176164627  105.0055
4682.90002894402  119.1747
4683.51829624177  105.8593
4684.13656353951  88.74435
4684.75483083726  100.592
4685.373098135  115.7579
4685.99136543275  132.2052
4686.60963273049  127.2926
4687.22790002824  88.09314
4687.84616732598  108.1973
4688.46443462372  99.72158
4689.08270192147  120.6101
4689.70096921921  96.23204
4690.31923651696  113.9534
4690.9375038147  116.1516
4691.55577111245  93.63793
4692.17403841019  137.9628
4692.79230570794  129.9963
4693.41057300568  106.9414
4694.02884030343  99.56335
4694.64710760117  90.93256
4695.26537489892  115.3646
4695.88364219666  136.5505
4696.50190949441  114.8176
4697.12017679215  85.38116
4697.7384440899  119.9753
4698.35671138764  110.1718
4698.97497868538  96.59917
4699.59324598313  129.0237
4700.21151328087  106.1328
4700.82978057862  93.89738
4701.44804787636  100.9648
4702.06631517411  101.76
4702.68458247185  93.36427
4703.3028497696  109.5434
4703.92111706734  110.5099
4704.53938436509  94.00918
4705.15765166283  104.9105
4705.77591896058  121.1634
4706.39418625832  101.8919
4707.01245355607  106.4549
4707.63072085381  110.3909
4708.24898815156  110.3037
4708.8672554493  103.4603
4709.48552274705  127.4424
4710.10379004479  103.781
4710.72205734253  103.0529
4711.34032464028  124.4854
4711.95859193802  105.6463
4712.57685923577  103.843
4713.19512653351  136.2773
4713.81339383126  130.9786
4714.431661129  95.82392
4715.04992842675  98.80082
4715.66819572449  95.44619
4716.28646302224  88.73655
4716.90473031998  96.43752
4717.52299761773  93.14027
4718.14126491547  97.74232
4718.75953221322  105.0716
4719.37779951096  99.23006
4719.99606680871  107.132
4720.61433410645  101.7503
4721.2326014042  96.3387
4721.85086870194  118.8698
4722.46913599968  110.5065
4723.08740329743  121.5355
4723.70567059518  108.3906
4724.32393789292  92.63609
4724.94220519066  73.98717
4725.56047248841  103.2487
4726.17873978615  103.8378
4726.7970070839  102.6629
4727.41527438164  82.88456
4728.03354167939  80.3984
4728.65180897713  106.4963
4729.27007627488  103.995
4729.88834357262  89.84406
4730.50661087037  82.25362
4731.12487816811  118.3523
4731.74314546586  94.78371
4732.3614127636  104.7486
4732.97968006135  84.17387
4733.59794735909  94.2198
4734.21621465684  99.95052
4734.83448195458  82.82599
4735.45274925232  108.2673
4736.07101655007  101.438
4736.68928384782  95.42768
4737.30755114556  78.90266
4737.9258184433  67.138
4738.54408574105  85.05784
4739.16235303879  100.3623
4739.78062033654  144.4731
4740.39888763428  112.0963
4741.01715493203  98.46317
4741.63542222977  92.00958
4742.25368952752  96.58772
4742.87195682526  96.74498
4743.49022412301  101.5674
4744.10849142075  95.32815
4744.7267587185  89.39462
4745.34502601624  86.22067
4745.96329331399  91.00677
4746.58156061173  94.65409
4747.19982790947  73.85927
4747.81809520722  84.18945
4748.43636250496  98.64114
4749.05462980271  96.16003
4749.67289710046  86.4078
4750.2911643982  104.0152
4750.90943169594  101.0393
4751.52769899369  95.62875
4752.14596629143  76.21228
4752.76423358918  105.5858
4753.38250088692  91.91403
4754.00076818467  83.99375
4754.61903548241  93.63847
4755.23730278016  78.73988
4755.8555700779  69.92793
4756.47383737565  107.3875
4757.09210467339  87.29552
4757.71037197114  86.82167
4758.32863926888  101.0038
4758.94690656662  91.68128
4759.56517386437  122.226
4760.18344116211  86.01811
4760.80170845986  98.19028
4761.4199757576  96.59367
4762.03824305535  81.94263
4762.65651035309  74.1963
4763.27477765084  77.89362
4763.89304494858  81.32663
4764.51131224633  98.28806
4765.12957954407  77.39875
4765.74784684182  83.03271
4766.36611413956  85.05466
4766.98438143731  123.1293
4767.60264873505  95.03699
4768.2209160328  77.23212
4768.83918333054  96.52701
4769.45745062829  77.7545
4770.07571792603  86.34543
4770.69398522378  91.129
4771.31225252152  85.52075
4771.93051981927  83.19933
4772.54878711701  99.55717
4773.16705441475  93.07108
4773.7853217125  79.51238
4774.40358901024  89.74406
4775.02185630799  101.1585
4775.64012360573  98.52416
4776.25839090348  101.6738
4776.87665820122  95.03593
4777.49492549897  101.9447
4778.11319279671  92.25484
4778.73146009446  92.62957
4779.3497273922  73.2881
4779.96799468995  96.21791
4780.58626198769  93.23865
4781.20452928544  99.50285
4781.82279658318  91.50671
4782.44106388093  81.53511
4783.05933117867  88.76111
4783.67759847642  107.9827
4784.29586577416  84.82786
4784.91413307191  75.4191
4785.53240036965  84.15241
4786.15066766739  117.9206
4786.76893496514  103.9836
4787.38720226288  99.84105
4788.00546956063  89.52558
4788.62373685837  80.79504
4789.24200415612  76.70103
4789.86027145386  84.43665
4790.47853875161  81.80261
4791.09680604935  109.4097
4791.7150733471  127.8106
4792.33334064484  99.82341
4792.95160794259  87.10831
4793.56987524033  81.52497
4794.18814253808  78.82934
4794.80640983582  89.02594
4795.42467713357  93.24117
4796.04294443131  92.88291
4796.66121172906  84.84444
4797.2794790268  70.01588
4797.89774632454  89.7317
4798.51601362229  97.29393
4799.13428092003  86.15522
4799.75254821778  65.58864
4800.37081551552  98.88241
4800.98908281327  102.0917
4801.60735011101  97.71378
4802.22561740876  121.0112
4802.8438847065  75.7514
4803.46215200425  92.3477
4804.08041930199  100.1115
4804.69868659974  110.1573
4805.31695389748  92.9513
4805.93522119523  102.7975
4806.55348849297  84.45777
4807.17175579072  56.53155
4807.79002308846  80.43936
4808.40829038621  100.5396
4809.02655768395  108.9294
4809.64482498169  93.25766
4810.26309227944  113.4889
4810.88135957718  107.9106
4811.49962687493  95.98831
4812.11789417267  68.48289
4812.73616147042  88.16973
4813.35442876816  96.04324
4813.97269606591  100.5022
4814.59096336365  100.0889
4815.2092306614  85.53565
4815.82749795914  110.4245
4816.44576525689  115.246
4817.06403255463  100.1851
4817.68229985238  97.20381
4818.30056715012  110.3288
4818.91883444787  91.12331
4819.53710174561  104.1665
4820.15536904336  78.14708
4820.7736363411  64.65952
4821.39190363884  111.4992
4822.01017093659  103.6179
4822.62843823433  118.4076
4823.24670553208  108.8288
4823.86497282982  113.3147
4824.48324012757  82.48438
4825.10150742531  103.2343
4825.71977472306  118.8029
4826.3380420208  111.7003
4826.95630931855  118.8499
4827.57457661629  143.0984
4828.19284391404  124.3122
4828.81111121178  124.6266
4829.42937850953  134.8348
4830.04764580727  120.4716
4830.66591310502  117.9916
4831.28418040276  127.0738
4831.90244770051  144.839
4832.52071499825  160.7342
4833.138982296  138.4062
4833.75724959374  137.3264
4834.37551689149  148.8362
4834.99378418923  136.7495
4835.61205148697  128.7976
4836.23031878472  162.8009
4836.84858608246  147.6642
4837.46685338021  162.2858
4838.08512067795  150.6812
4838.7033879757  160.7092
4839.32165527344  155.1744
4839.93992257119  149.1873
4840.55818986893  156.5378
4841.17645716668  187.3505
4841.79472446442  203.0489
4842.41299176217  171.4265
4843.03125905991  183.9608
4843.64952635766  178.515
4844.2677936554  203.604
4844.88606095314  200.5774
4845.50432825089  214.3734
4846.12259554863  201.9782
4846.74086284638  215.049
4847.35913014413  202.4458
4847.97739744187  219.5368
4848.59566473961  218.7948
4849.21393203736  237.6245
4849.8321993351  231.3448
4850.45046663285  246.0715
4851.06873393059  217.8764
4851.68700122834  237.5404
4852.30526852608  248.6503
4852.92353582383  259.2603
4853.54180312157  241.6037
4854.16007041932  239.3467
4854.77833771706  240.0447
4855.39660501481  243.2491
4856.01487231255  244.4038
4856.6331396103  228.8706
4857.25140690804  217.1833
4857.86967420579  206.0535
4858.48794150353  222.798
4859.10620880127  221.2613
4859.72447609902  233.9072
4860.34274339677  196.027
4860.96101069451  194.6787
4861.57927799225  183.2003
4862.19754529  179.2304
4862.81581258774  168.3031
4863.43407988549  163.9291
4864.05234718323  174.2703
4864.67061448098  175.2935
4865.28888177872  170.4287
4865.90714907647  172.1545
4866.52541637421  179.9612
4867.14368367196  199.7509
4867.7619509697  225.232
4868.38021826745  213.7578
4868.99848556519  216.0927
4869.61675286294  222.5922
4870.23502016068  236.4574
4870.85328745843  237.1698
4871.47155475617  240.5328
4872.08982205391  218.4991
4872.70808935166  243.2021
4873.3263566494  228.2488
4873.94462394715  249.051
4874.56289124489  241.0329
4875.18115854264  218.7397
4875.79942584038  203.0334
4876.41769313813  208.371
4877.03596043587  187.4527
4877.65422773362  223.2899
4878.27249503136  194.698
4878.89076232911  185.355
4879.50902962685  184.9725
4880.1272969246  175.3459
4880.74556422234  168.3261
4881.36383152009  148.5994
4881.98209881783  178.0196
4882.60036611558  161.4239
4883.21863341332  197.1292
4883.83690071107  142.4981
4884.45516800881  159.7474
4885.07343530655  156.9002
4885.6917026043  150.6375
4886.30996990204  152.8603
4886.92823719979  148.5407
4887.54650449753  139.3848
4888.16477179528  168.7383
4888.78303909302  156.2962
4889.40130639077  133.582
4890.01957368851  163.0945
4890.63784098626  135.9953
4891.256108284  117.1349
4891.87437558175  121.9217
4892.49264287949  133.4298
4893.11091017724  129.165
4893.72917747498  128.2354
4894.34744477273  119.8568
4894.96571207047  140.8409
4895.58397936822  143.1964
4896.20224666596  137.6124
4896.82051396371  141.471
4897.43878126145  112.6933
4898.05704855919  106.4676
4898.67531585694  109.7089
4899.29358315468  105.0441
4899.91185045243  131.2432
4900.53011775017  161.082
4901.14838504792  125.6054
4901.76665234566  116.3781
4902.38491964341  101.2778
4903.00318694115  137.8951
4903.6214542389  126.5864
4904.23972153664  86.79729
4904.85798883439  114.5826
4905.47625613213  85.60238
4906.09452342988  94.60381
4906.71279072762  127.92
4907.33105802536  101.5549
4907.94932532311  127.3948
4908.56759262085  115.2235
4909.1858599186  117.8705
4909.80412721634  87.85345
4910.42239451409  96.83105
4911.04066181183  116.0066
4911.65892910958  126.7641
4912.27719640732  110.1158
4912.89546370507  108.4156
4913.51373100281  126.9648
4914.13199830056  110.9923
4914.7502655983  120.39
4915.36853289605  95.05451
4915.98680019379  94.98423
4916.60506749154  101.096
4917.22333478928  113.3505
4917.84160208703  90.29704
4918.45986938477  88.68318
4919.07813668252  95.75741
4919.69640398026  86.81075
4920.31467127801  111.348
4920.93293857575  100.841
4921.55120587349  104.0087
4922.16947317124  108.8536
4922.78774046898  101.5547
4923.40600776673  132.692
4924.02427506447  93.39062
4924.64254236222  82.47358
4925.26080965996  91.28059
4925.87907695771  89.36234
4926.49734425545  81.23742
4927.1156115532  101.0981
4927.73387885094  104.1793
4928.35214614869  90.29645
4928.97041344643  99.77863
4929.58868074418  103.3466
4930.20694804192  97.61817
4930.82521533967  100.9324
4931.44348263741  87.34571
4932.06174993516  95.48185
4932.6800172329  115.6479
4933.29828453065  96.06022
4933.91655182839  120.4258
4934.53481912614  114.4817
4935.15308642388  142.4022
4935.77135372162  105.046
4936.38962101937  115.1476
4937.00788831711  110.8928
4937.62615561486  96.31213
4938.2444229126  111.2706
4938.86269021035  102.2969
4939.48095750809  119.8186
4940.09922480584  98.63474
4940.71749210358  83.56248
4941.33575940133  114.433
4941.95402669907  109.3291
4942.57229399682  107.782
4943.19056129456  99.24648
4943.80882859231  122.7795
4944.42709589005  99.2641
4945.0453631878  102.8726
4945.66363048554  104.8592
4946.28189778329  115.3279
4946.90016508103  106.6148
4947.51843237877  100.7205
4948.13669967652  78.14307
4948.75496697426  101.6709
4949.37323427201  110.4818
4949.99150156975  89.54207
4950.6097688675  89.09303
4951.22803616524  76.77132
4951.84630346299  105.6629
4952.46457076073  97.63422
4953.08283805848  77.40962
4953.70110535622  108.7206
4954.31937265397  102.7207
4954.93763995171  104.3893
4955.55590724946  109.4862
4956.1741745472  116.9024
4956.79244184495  87.17263
4957.41070914269  88.39049
4958.02897644044  89.20701
4958.64724373818  80.51136
4959.26551103593  90.75495
4959.88377833367  88.0633
4960.50204563141  90.38177
4961.12031292916  94.47733
4961.7385802269  98.57288
4962.35684752465  102.6684
4962.97511482239  98.89294
4963.59338212014  95.01629
4964.21164941788  77.54623
4964.82991671563  100.34
4965.44818401337  93.09115
4966.06645131112  97.67011
4966.68471860886  100.5576
4967.30298590661  80.08138
4967.92125320435  82.11319
4968.5395205021  95.48331
4969.15778779984  75.76919
4969.77605509758  109.4954
4970.39432239533  123.0404
4971.01258969307  86.08266
4971.63085699082  113.217
4972.24912428856  84.53506
4972.86739158631  80.93003
4973.48565888405  95.21226
4974.1039261818  92.31679
4974.72219347954  112.3929
4975.34046077729  95.50964
4975.95872807503  100.4157
4976.57699537278  95.71911
4977.19526267052  87.51252
4977.81352996827  101.31
4978.43179726601  110.099
4979.05006456376  76.96084
4979.6683318615  75.83555
4980.28659915925  83.28735
4980.90486645699  99.91614
4981.52313375474  93.19949
4982.14140105248  118.9433
4982.75966835022  100.7197
4983.37793564797  97.9807
4983.99620294572  107.6976
4984.61447024346  102.1372
4985.2327375412  101.3274
4985.85100483895  94.97507
4986.46927213669  107.6857
4987.08753943444  103.772
4987.70580673218  98.63745
4988.32407402993  120.6039
4988.94234132767  118.9278
4989.56060862542  91.4733
4990.17887592316  113.0738
4990.79714322091  106.9289
4991.41541051865  91.02471
4992.0336778164  110.0152
4992.65194511414  92.90609
4993.27021241189  105.2686
4993.88847970963  117.352
4994.50674700738  129.7994
4995.12501430512  99.93103
4995.74328160286  73.40113
4996.36154890061  103.857
4996.97981619836  75.25501
4997.5980834961  87.32008
4998.21635079384  96.37852
4998.83461809159  82.79191
4999.45288538933  90.66202
5000.07115268708  106.4729
5000.68941998482  117.0495
5001.30768728257  117.5406
5001.92595458031  115.6508
5002.54422187806  128.2105
5003.1624891758  108.8651
5003.78075647355  106.8763
5004.39902377129  102.9571
5005.01729106904  113.2036
5005.63555836678  127.9789
5006.25382566453  97.47334
5006.87209296227  107.7065
5007.49036026002  124.6466
5008.10862755776  116.3389
5008.7268948555  129.8113
5009.34516215325  127.4587
5009.963429451  108.602
5010.58169674874  126.7072
5011.19996404649  127.007
5011.81823134423  98.7159
5012.43649864197  114.5544
5013.05476593972  97.21352
5013.67303323746  104.3964
5014.29130053521  111.852
5014.90956783295  114.5379
5015.5278351307  101.0769
5016.14610242844  89.77525
5016.76436972619  101.1888
5017.38263702393  105.7782
5018.00090432168  94.98862
5018.61917161942  111.2912
5019.23743891717  104.2409
5019.85570621491  97.07912
5020.47397351266  101.6705
5021.0922408104  130.3359
5021.71050810814  84.22565
5022.32877540589  97.82142
5022.94704270363  113.1939
5023.56531000138  101.219
5024.18357729912  93.14009
5024.80184459687  100.0881
5025.42011189461  99.09803
5026.03837919236  109.8928
5026.6566464901  98.8797
5027.27491378785  138.7442
5027.89318108559  137.2962
5028.51144838334  118.2152
5029.12971568108  109.9602
5029.74798297883  141.9163
5030.36625027657  132.7857
5030.98451757432  117.5395
5031.60278487206  118.5245
5032.22105216981  110.3447
5032.83931946755  118.3437
5033.4575867653  95.20821
5034.07585406304  105.2571
5034.69412136078  133.5782
5035.31238865853  114.9288
5035.93065595627  124.8469
5036.54892325402  115.0937
5037.16719055176  120.2317
5037.78545784951  107.5191
5038.40372514725  134.6024
5039.021992445  98.82816
5039.64025974274  135.1504
5040.25852704049  132.213
5040.87679433823  119.77
5041.49506163598  95.3538
5042.11332893372  107.7695
5042.73159623147  101.2762
5043.34986352921  93.64059
5043.96813082696  81.3541
5044.5863981247  104.5634
5045.20466542245  88.34875
5045.82293272019  110.4583
5046.44120001794  103.7841
5047.05946731568  106.771
5047.67773461343  111.732
5048.29600191117  100.1379
5048.91426920891  113.7246
5049.53253650666  100.0993
5050.1508038044  95.02959
5050.76907110215  123.7271
5051.38733839989  111.5073
5052.00560569764  134.0678
5052.62387299538  85.5247
5053.24214029313  104.6819
5053.86040759087  119.4542
5054.47867488862  94.9378
5055.09694218636  102.4134
5055.71520948411  87.97198
5056.33347678185  103.2721
5056.9517440796  85.78349
5057.57001137734  115.7482
5058.18827867509  80.18945
5058.80654597283  101.8877
5059.42481327057  92.32327
5060.04308056832  96.86096
5060.66134786606  109.0299
5061.27961516381  74.19952
5061.89788246155  109.4597
5062.5161497593  91.83442
5063.13441705704  96.74581
5063.75268435479  97.81445
5064.37095165253  111.0263
5064.98921895028  130.3303
5065.60748624802  125.8427
5066.22575354577  101.1771
5066.84402084351  116.3781
5067.46228814126  98.78235
5068.080555439  77.94199
5068.69882273675  109.5134
5069.31709003449  101.8015
5069.93535733224  98.96629
5070.55362462998  104.6207
5071.17189192772  106.5648
5071.79015922547  108.405
5072.40842652321  111.721
5073.02669382096  112.6981
5073.6449611187  108.2467
5074.26322841645  104.4144
5074.88149571419  96.8269
5075.49976301194  89.47043
5076.11803030968  116.41
5076.73629760743  90.48283
5077.35456490517  114.9629
5077.97283220292  122.6709
5078.59109950066  96.61005
5079.20936679841  112.2338
5079.82763409615  92.86989
5080.4459013939  90.10605
5081.06416869164  86.75818
5081.68243598939  85.25042
5082.30070328713  108.9774
5082.91897058488  86.39028
5083.53723788262  98.13268
5084.15550518036  102.6655
5084.77377247811  90.11707
5085.39203977586  99.61632
5086.0103070736  106.4636
5086.62857437134  109.0204
5087.24684166909  108.2146
5087.86510896683  118.8682
5088.48337626458  110.242
5089.10164356232  96.91821
5089.71991086007  96.75679
5090.33817815781  104.0416
5090.95644545556  98.19727
5091.5747127533  110.1031
5092.19298005105  89.3805
5092.81124734879  95.18526
5093.42951464654  83.97606
5094.04778194428  126.9495
5094.66604924203  89.14587
5095.28431653977  122.8103
5095.90258383752  103.9208
5096.52085113526  101.8302
5097.139118433  99.44704
5097.75738573075  83.83936
5098.37565302849  113.8942
5098.99392032624  100.1088
5099.61218762398  94.74127
5100.23045492173  118.8803
5100.84872221947  86.45644
5101.46698951722  110.8435
5102.08525681496  118.3595
5102.70352411271  90.63298
5103.32179141045  94.87331
5103.9400587082  99.87944
5104.55832600594  105.9613
5105.17659330369  98.21266
5105.79486060143  109.7831
5106.41312789918  103.0337
5107.03139519692  122.8872
5107.64966249467  77.05121
5108.26792979241  107.357
5108.88619709016  97.46792
5109.5044643879  89.2533
5110.12273168565  102.3333
5110.74099898339  92.79025
5111.35926628114  91.9127
5111.97753357888  105.9891
5112.59580087662  93.2557
5113.21406817437  101.8243
5113.83233547211  119.1778
5114.45060276986  109.7559
5115.0688700676  104.5342
5115.68713736535  103.5286
5116.30540466309  107.6627
5116.92367196084  116.9732
5117.54193925858  108.6753
5118.16020655633  81.84799
5118.77847385407  96.49067
5119.39674115182  100.9396
5120.01500844956  69.00231
5120.63327574731  91.22746
5121.25154304505  99.52723
5121.8698103428  101.9289
5122.48807764054  90.86661
5123.10634493829  81.0925
5123.72461223603  77.61529
5124.34287953377  120.5306
5124.96114683152  104.0538
5125.57941412926  106.9394
5126.19768142701  106.8169
5126.81594872475  120.4353
5127.4342160225  97.5249
5128.05248332024  103.4587
5128.67075061799  96.15582
5129.28901791573  99.98714
5129.90728521348  97.98901
5130.52555251122  85.45891
5131.14381980897  116.8027
5131.76208710671  89.08644
5132.38035440446  126.557
5132.9986217022  119.2325
5133.61688899995  105.7541
5134.23515629769  100.992
5134.85342359544  106.3329
5135.47169089318  98.44128
5136.08995819092  96.06923
5136.70822548867  97.79312
5137.32649278641  100.2507
5137.94476008416  88.78055
5138.5630273819  100.4487
