3889.91088867188  47.97029
3890.52901780606  51.11692
3891.14714694024  54.50938
3891.76527607442  58.64917
3892.3834052086  63.71255
3893.00153434277  49.75247
3893.61966347695  46.97717
3894.23779261113  75.04631
3894.85592174531  67.21252
3895.47405087949  81.40211
3896.09218001367  82.26168
3896.71030914784  76.95756
3897.32843828202  83.86587
3897.9465674162  74.16544
3898.56469655038  86.14232
3899.18282568456  86.20938
3899.80095481873  89.26328
3900.41908395291  91.15252
3901.03721308709  75.13747
3901.65534222127  75.08862
3902.27347135545  77.78061
3902.89160048963  78.85892
3903.5097296238  59.00657
3904.12785875798  74.1819
3904.74598789216  104.9724
3905.36411702634  70.72612
3905.98224616052  75.06601
3906.60037529469  88.49073
3907.21850442887  77.36796
3907.83663356305  103.0038
3908.45476269723  68.29556
3909.07289183141  90.51749
3909.69102096559  80.39417
3910.30915009976  64.28361
3910.92727923394  65.26572
3911.54540836812  64.67688
3912.1635375023  60.35143
3912.78166663648  70.30637
3913.39979577065  60.29338
3914.01792490483  68.30068
3914.63605403901  68.38478
3915.25418317319  67.49381
3915.87231230737  61.69288
3916.49044144155  73.31377
3917.10857057572  79.38725
3917.7266997099  70.71582
3918.34482884408  80.30378
3918.96295797826  85.26296
3919.58108711244  65.90657
3920.19921624661  75.27909
3920.81734538079  79.94048
3921.43547451497  72.0488
3922.05360364915  58.61644
3922.67173278333  85.68687
3923.2898619175  99.96066
3923.90799105168  82.11555
3924.52612018586  83.17448
3925.14424932004  83.79587
3925.76237845422  75.98493
3926.3805075884  75.69102
3926.99863672257  66.68674
3927.61676585675  81.90119
3928.23489499093  101.4251
3928.85302412511  78.24715
3929.47115325929  54.33584
3930.08928239346  62.68076
3930.70741152764  73.2186
3931.32554066182  76.11588
3931.943669796  82.7776
3932.56179893018  81.04237
3933.17992806436  98.22868
3933.79805719853  87.33305
3934.41618633271  66.70563
3935.03431546689  88.67161
3935.65244460107  65.97971
3936.27057373525  63.58609
3936.88870286942  78.59395
3937.5068320036  76.31158
3938.12496113778  77.62427
3938.74309027196  90.97089
3939.36121940614  83.74054
3939.97934854032  95.59148
3940.59747767449  93.91009
3941.21560680867  99.99735
3941.83373594285  98.42439
3942.45186507703  95.7047
3943.06999421121  104.6909
3943.68812334538  111.7323
3944.30625247956  102.2641
3944.92438161374  95.89735
3945.54251074792  106.5631
3946.1606398821  116.104
3946.77876901628  112.9042
3947.39689815045  95.92339
3948.01502728463  115.2474
3948.63315641881  94.51294
3949.25128555299  121.2396
3949.86941468717  113.1872
3950.48754382134  103.5661
3951.10567295552  95.02476
3951.7238020897  124.2831
3952.34193122388  103.1601
3952.96006035806  106.8028
3953.57818949223  110.441
3954.19631862641  121.5922
3954.81444776059  131.5833
3955.43257689477  133.3197
3956.05070602895  130.1447
3956.66883516313  114.0142
3957.2869642973  134.6295
3957.90509343148  146.1741
3958.52322256566  142.3931
3959.14135169984  137.9099
3959.75948083402  115.2292
3960.37760996819  130.1899
3960.99573910237  137.0832
3961.61386823655  144.1467
3962.23199737073  113.2926
3962.85012650491  114.4499
3963.46825563909  116.1067
3964.08638477326  127.8913
3964.70451390744  126.2922
3965.32264304162  119.3252
3965.9407721758  91.66594
3966.55890130998  74.8305
3967.17703044415  72.88741
3967.79515957833  88.06879
3968.41328871251  93.74774
3969.03141784669  99.99953
3969.64954698087  111.3643
3970.26767611504  107.133
3970.88580524922  115.9464
3971.5039343834  120.9777
3972.12206351758  105.949
3972.74019265176  116.6513
3973.35832178594  127.2474
3973.97645092011  124.3014
3974.59458005429  126.2231
3975.21270918847  126.9494
3975.83083832265  132.2482
3976.44896745683  128.4432
3977.067096591  127.2314
3977.68522572518  133.7882
3978.30335485936  133.7447
3978.92148399354  145.6648
3979.53961312772  120.8762
3980.1577422619  127.2456
3980.77587139607  133.4257
3981.39400053025  119.9797
3982.01212966443  124.2961
3982.63025879861  146.4362
3983.24838793279  149.8397
3983.86651706696  144.8316
3984.48464620114  125.8661
3985.10277533532  108.0745
3985.7209044695  129.1246
3986.33903360368  112.5243
3986.95716273786  123.9856
3987.57529187203  101.3725
3988.19342100621  116.5603
3988.81155014039  111.7359
3989.42967927457  108.3958
3990.04780840875  112.817
3990.66593754292  95.03243
3991.2840666771  110.9042
3991.90219581128  112.1797
3992.52032494546  113.1863
3993.13845407964  86.30824
3993.75658321382  90.10777
3994.37471234799  115.3388
3994.99284148217  103.7918
3995.61097061635  97.29067
3996.22909975053  100.6752
3996.84722888471  90.85915
3997.46535801888  93.96889
3998.08348715306  77.94547
3998.70161628724  88.08034
3999.31974542142  91.51826
3999.9378745556  82.93656
4000.55600368978  102.8489
4001.17413282395  84.86176
4001.79226195813  91.97087
4002.41039109231  97.00995
4003.02852022649  80.52556
4003.64664936067  109.2107
4004.26477849484  94.29329
4004.88290762902  88.06251
4005.5010367632  103.4088
4006.11916589738  124.426
4006.73729503156  100.302
4007.35542416574  97.05136
4007.97355329991  84.06556
4008.59168243409  77.80087
4009.20981156827  97.09503
4009.82794070245  82.32094
4010.44606983663  83.74624
4011.0641989708  86.27399
4011.68232810498  81.46424
4012.30045723916  84.80935
4012.91858637334  103.4029
4013.53671550752  93.18862
4014.1548446417  90.96442
4014.77297377587  98.18092
4015.39110291005  110.9109
4016.00923204423  98.67042
4016.62736117841  98.24361
4017.24549031259  88.25932
4017.86361944676  85.65333
4018.48174858094  90.06353
4019.09987771512  99.81982
4019.7180068493  99.2551
4020.33613598348  85.49316
4020.95426511765  98.70512
4021.57239425183  95.59995
4022.19052338601  85.95097
4022.80865252019  90.82895
4023.42678165437  74.24062
4024.04491078855  77.44786
4024.66303992272  88.81625
4025.2811690569  80.70345
4025.89929819108  77.67722
4026.51742732526  100.5128
4027.13555645944  97.79691
4027.75368559361  93.84629
4028.37181472779  93.44314
4028.98994386197  94.38403
4029.60807299615  119.1873
4030.22620213033  75.87895
4030.84433126451  105.2974
4031.46246039868  115.0742
4032.08058953286  71.85192
4032.69871866704  100.8957
4033.31684780122  118.6535
4033.9349769354  107.1003
4034.55310606957  105.8745
4035.17123520375  103.5891
4035.78936433793  107.4304
4036.40749347211  104.2506
4037.02562260629  118.4339
4037.64375174047  125.6485
4038.26188087464  94.11037
4038.88001000882  82.5788
4039.498139143  82.245
4040.11626827718  95.08197
4040.73439741136  83.80087
4041.35252654553  76.87632
4041.97065567971  92.96584
4042.58878481389  72.83829
4043.20691394807  86.74953
4043.82504308225  96.22385
4044.44317221643  79.45692
4045.0613013506  106.1535
4045.67943048478  106.2277
4046.29755961896  88.09863
4046.91568875314  103.6758
4047.53381788732  82.72751
4048.15194702149  90.43366
4048.77007615567  104.2666
4049.38820528985  79.99339
4050.00633442403  99.3508
4050.62446355821  107.7313
4051.24259269238  87.8534
4051.86072182656  76.36951
4052.47885096074  99.00673
4053.09698009492  90.76573
4053.7151092291  85.35749
4054.33323836328  91.91965
4054.95136749745  110.3758
4055.56949663163  85.94994
4056.18762576581  89.69746
4056.80575489999  76.38837
4057.42388403417  107.5322
4058.04201316834  86.87748
4058.66014230252  72.08983
4059.2782714367  89.66122
4059.89640057088  95.55573
4060.51452970506  74.1074
4061.13265883924  74.96042
4061.75078797341  89.68875
4062.36891710759  90.78773
4062.98704624177  104.2495
4063.60517537595  120.1858
4064.22330451013  108.0243
4064.84143364431  99.5318
4065.45956277848  108.9214
4066.07769191266  93.13532
4066.69582104684  113.7824
4067.31395018102  115.2085
4067.9320793152  120.7183
4068.55020844937  106.4798
4069.16833758355  97.9021
4069.78646671773  123.115
4070.40459585191  104.2986
4071.02272498609  111.921
4071.64085412026  134.6376
4072.25898325444  116.013
4072.87711238862  108.4797
4073.4952415228  115.0828
4074.11337065698  102.798
4074.73149979115  121.7747
4075.34962892533  145.7965
4075.96775805951  136.7535
4076.58588719369  151.6336
4077.20401632787  141.5904
4077.82214546205  117.1032
4078.44027459622  115.2706
4079.0584037304  138.6494
4079.67653286458  127.2097
4080.29466199876  139.3784
4080.91279113294  132.8617
4081.53092026711  141.7641
4082.14904940129  163.8783
4082.76717853547  180.7533
4083.38530766965  153.1874
4084.00343680383  162.321
4084.62156593801  158.4733
4085.23969507218  157.9469
4085.85782420636  163.319
4086.47595334054  178.36
4087.09408247472  166.8317
4087.7122116089  169.8487
4088.33034074307  188.2312
4088.94846987725  209.5177
4089.56659901143  206.585
4090.18472814561  188.8602
4090.80285727979  186.9289
4091.42098641397  185.1361
4092.03911554814  183.7235
4092.65724468232  178.6373
4093.2753738165  168.4506
4093.89350295068  193.6662
4094.51163208485  156.2609
4095.12976121903  179.1018
4095.74789035321  182.0972
4096.36601948739  171.9052
4096.98414862157  156.1348
4097.60227775575  144.7582
4098.22040688993  111.0067
4098.8385360241  122.4843
4099.45666515828  121.7096
4100.07479429246  116.6761
4100.69292342664  117.9669
4101.31105256082  134.5623
4101.92918169499  131.4971
4102.54731082917  129.1924
4103.16543996335  136.1089
4103.78356909753  157.6993
4104.40169823171  174.6349
4105.01982736588  151.4504
4105.63795650006  179.7382
4106.25608563424  171.0476
4106.87421476842  181.3602
4107.4923439026  183.361
4108.11047303678  194.6213
4108.72860217095  206.3518
4109.34673130513  178.5274
4109.96486043931  180.1417
4110.58298957349  199.9191
4111.20111870767  190.7362
4111.81924784185  206.9724
4112.43737697602  179.2289
4113.0555061102  170.8351
4113.67363524438  181.9835
4114.29176437856  195.0719
4114.90989351274  213.0811
4115.52802264692  185.4078
4116.14615178109  165.1479
4116.76428091527  170.6879
4117.38241004945  169.1744
4118.00053918363  156.68
4118.6186683178  142.2302
4119.23679745198  167.7225
4119.85492658616  168.2716
4120.47305572034  151.9623
4121.09118485452  164.2243
4121.7093139887  143.404
4122.32744312287  139.423
4122.94557225705  164.6869
4123.56370139123  150.1846
4124.18183052541  141.3654
4124.79995965959  133.3078
4125.41808879376  133.4123
4126.03621792794  148.1642
4126.65434706212  138.1691
4127.2724761963  117.6269
4127.89060533048  131.2119
4128.50873446466  134.5712
4129.12686359883  125.9517
4129.74499273301  133.8126
4130.36312186719  114.3363
4130.98125100137  121.91
4131.59938013555  126.31
4132.21750926972  111.2561
4132.8356384039  131.461
4133.45376753808  104.2796
4134.07189667226  135.8699
4134.69002580644  116.8344
4135.30815494062  120.4752
4135.92628407479  114.1622
4136.54441320897  105.7099
4137.16254234315  104.2125
4137.78067147733  111.375
4138.39880061151  110.5969
4139.01692974568  121.359
4139.63505887986  113.7756
4140.25318801404  109.6256
4140.87131714822  88.22128
4141.4894462824  100.2889
4142.10757541657  113.3067
4142.72570455075  123.3237
4143.34383368493  105.1492
4143.96196281911  87.74617
4144.58009195329  92.10659
4145.19822108747  89.54482
4145.81635022164  102.9355
4146.43447935582  104.6132
4147.05260849  112.0069
4147.67073762418  127.4558
4148.28886675836  92.64883
4148.90699589254  120.8413
4149.52512502671  102.235
4150.14325416089  101.8021
4150.76138329507  114.2375
4151.37951242925  85.67688
4151.99764156343  70.92862
4152.6157706976  84.3134
4153.23389983178  124.407
4153.85202896596  105.2643
4154.47015810014  102.7794
4155.08828723432  112.1552
4155.7064163685  101.5843
4156.32454550267  111.5812
4156.94267463685  103.3329
4157.56080377103  85.57333
4158.17893290521  89.15704
4158.79706203939  110.098
4159.41519117356  99.22309
4160.03332030774  87.6078
4160.65144944192  119.2902
4161.2695785761  88.46107
4161.88770771028  91.38209
4162.50583684445  93.68475
4163.12396597863  85.85662
4163.74209511281  100.2231
4164.36022424699  84.36856
4164.97835338117  99.77767
4165.59648251534  77.41586
4166.21461164952  82.37844
4166.8327407837  83.52046
4167.45086991788  90.17686
4168.06899905206  79.7188
4168.68712818624  80.76371
4169.30525732041  98.60996
4169.92338645459  105.7544
4170.54151558877  100.8617
4171.15964472295  103.4901
4171.77777385713  89.43479
4172.39590299131  84.18745
4173.01403212548  93.01131
4173.63216125966  82.70667
4174.25029039384  92.94532
4174.86841952802  92.91256
4175.4865486622  79.31012
4176.10467779637  86.97511
4176.72280693055  80.4465
4177.34093606473  98.94215
4177.95906519891  74.26044
4178.57719433309  87.52338
4179.19532346726  107.0758
4179.81345260144  109.2366
4180.43158173562  102.7882
4181.0497108698  99.63091
4181.66784000398  115.6361
4182.28596913816  94.25826
4182.90409827233  86.41217
4183.52222740651  102.7181
4184.14035654069  106.534
4184.75848567487  101.1951
4185.37661480905  89.81
4185.99474394322  90.50291
4186.6128730774  84.12907
4187.23100221158  88.47819
4187.84913134576  89.49136
4188.46726047994  80.45869
4189.08538961412  87.39103
4189.70351874829  90.2321
4190.32164788247  97.36538
4190.93977701665  111.1313
4191.55790615083  97.76604
4192.17603528501  89.5746
4192.79416441919  100.9052
4193.41229355336  96.55809
4194.03042268754  101.6265
4194.64855182172  82.24683
4195.2666809559  97.22758
4195.88481009007  93.16229
4196.50293922425  92.37923
4197.12106835843  106.1674
4197.73919749261  109.3076
4198.35732662679  115.6292
4198.97545576097  117.2528
4199.59358489514  113.4046
4200.21171402932  95.96773
4200.8298431635  95.9873
4201.44797229768  99.99274
4202.06610143186  89.88972
4202.68423056603  93.91788
4203.30235970021  94.58057
4203.92048883439  103.1666
4204.53861796857  98.78975
4205.15674710275  93.20901
4205.77487623693  97.90424
4206.3930053711  85.02891
4207.01113450528  101.4201
4207.62926363946  91.30284
4208.24739277364  85.95702
4208.86552190782  98.43462
4209.48365104199  74.59026
4210.10178017617  95.76685
4210.71990931035  93.24585
4211.33803844453  100.2422
4211.95616757871  82.16897
4212.57429671289  100.2426
4213.19242584706  108.6756
4213.81055498124  100.7499
4214.42868411542  100.8926
4215.0468132496  101.4277
4215.66494238378  87.803
4216.28307151795  76.76266
4216.90120065213  86.11919
4217.51932978631  94.22498
4218.13745892049  87.30798
4218.75558805467  109.1554
4219.37371718884  117.8246
4219.99184632302  95.96676
4220.6099754572  101.1923
4221.22810459138  85.3466
4221.84623372556  112.8313
4222.46436285974  96.96284
4223.08249199391  86.65249
4223.70062112809  117.3333
4224.31875026227  80.21968
4224.93687939645  99.98865
4225.55500853063  99.07868
4226.1731376648  83.97507
4226.79126679898  83.34102
4227.40939593316  99.57172
4228.02752506734  93.63816
4228.64565420152  103.5658
4229.2637833357  94.28614
4229.88191246987  102.6194
4230.50004160405  113.0955
4231.11817073823  84.45065
4231.73629987241  86.06549
4232.35442900659  88.78433
4232.97255814077  86.79987
4233.59068727494  89.419
4234.20881640912  93.36122
4234.8269455433  91.83728
4235.44507467748  107.6709
4236.06320381166  110.3189
4236.68133294583  104.2007
4237.29946208001  97.8914
4237.91759121419  86.99168
4238.53572034837  101.9543
4239.15384948255  78.89972
4239.77197861673  109.8097
4240.3901077509  96.70522
4241.00823688508  95.85221
4241.62636601926  95.06294
4242.24449515344  83.05824
4242.86262428761  76.02625
4243.48075342179  101.1857
4244.09888255597  96.1069
4244.71701169015  92.68758
4245.33514082433  83.37859
4245.95326995851  89.87484
4246.57139909268  111.9749
4247.18952822686  105.6381
4247.80765736104  91.55336
4248.42578649522  112.4379
4249.0439156294  127.3181
4249.66204476357  85.90905
4250.28017389775  103.0868
4250.89830303193  100.8433
4251.51643216611  126.2526
4252.13456130029  112.6184
4252.75269043447  77.44765
4253.37081956864  111.3512
4253.98894870282  88.85493
4254.607077837  93.3009
4255.22520697118  98.21587
4255.84333610536  77.97764
4256.46146523954  89.30978
4257.07959437371  71.9205
4257.69772350789  96.14046
4258.31585264207  103.2925
4258.93398177625  93.06235
4259.55211091043  89.53161
4260.1702400446  89.44411
4260.78836917878  101.8916
4261.40649831296  99.43057
4262.02462744714  88.82261
4262.64275658132  76.25999
4263.26088571549  84.28197
4263.87901484967  89.58695
4264.49714398385  89.14972
4265.11527311803  93.97601
4265.73340225221  84.11796
4266.35153138639  85.73129
4266.96966052056  89.70025
4267.58778965474  96.15302
4268.20591878892  106.1084
4268.8240479231  84.30144
4269.44217705728  96.31964
4270.06030619146  110.9692
4270.67843532563  101.0163
4271.29656445981  86.75858
4271.91469359399  90.63929
4272.53282272817  119.385
4273.15095186235  115.6822
4273.76908099652  92.07294
4274.3872101307  105.9805
4275.00533926488  110.5673
4275.62346839906  104.9247
4276.24159753324  96.01916
4276.85972666741  97.4878
4277.47785580159  89.12991
4278.09598493577  82.5489
4278.71411406995  106.3006
4279.33224320413  104.8196
4279.9503723383  103.6767
4280.56850147248  111.3341
4281.18663060666  101.3813
4281.80475974084  108.6629
4282.42288887502  112.4228
4283.0410180092  98.12484
4283.65914714337  96.84603
4284.27727627755  105.6302
4284.89540541173  86.5472
4285.51353454591  92.08259
4286.13166368009  101.1739
4286.74979281426  101.6641
4287.36792194844  86.26096
4287.98605108262  85.95894
4288.6041802168  96.14312
4289.22230935098  104.3492
4289.84043848516  101.9571
4290.45856761933  118.7065
4291.07669675351  108.8666
4291.69482588769  96.54029
4292.31295502187  96.82053
4292.93108415605  102.9318
4293.54921329022  119.5455
4294.1673424244  90.4576
4294.78547155858  98.94043
4295.40360069276  109.0903
4296.02172982694  99.11633
4296.63985896112  107.4325
4297.25798809529  108.3513
4297.87611722947  123.4873
4298.49424636365  116.437
4299.11237549783  111.5192
4299.73050463201  102.0743
4300.34863376618  100.8625
4300.96676290036  90.92035
4301.58489203454  94.26183
4302.20302116872  103.5332
4302.8211503029  100.1965
4303.43927943708  104.9944
4304.05740857125  125.7611
4304.67553770543  104.6187
4305.29366683961  110.9871
4305.91179597379  126.8891
4306.52992510797  104.9084
4307.14805424214  120.0195
4307.76618337632  130.7169
4308.3843125105  116.6786
4309.00244164468  137.1969
4309.62057077886  129.8725
4310.23869991303  132.5343
4310.85682904721  119.9051
4311.47495818139  108.2736
4312.09308731557  140.8701
4312.71121644975  149.9158
4313.32934558393  156.4249
4313.9474747181  161.5662
4314.56560385228  140.9029
4315.18373298646  143.7581
4315.80186212064  159.8799
4316.41999125482  156.5283
4317.038120389  175.016
4317.65624952317  134.465
4318.27437865735  153.2626
4318.89250779153  184.3201
4319.51063692571  169.5541
4320.12876605989  141.1338
4320.74689519406  184.9581
4321.36502432824  167.9837
4321.98315346242  174.4241
4322.6012825966  198.7255
4323.21941173078  180.9474
4323.83754086496  195.073
4324.45566999913  197.0554
4325.07379913331  196.7594
4325.69192826749  183.1338
4326.31005740167  188.3736
4326.92818653585  221.4637
4327.54631567002  239.1
4328.1644448042  221.6393
4328.78257393838  186.0137
4329.40070307256  187.0193
4330.01883220674  204.0213
4330.63696134091  218.5456
4331.25509047509  216.6797
4331.87321960927  207.5154
4332.49134874345  185.9061
4333.10947787763  179.3156
4333.7276070118  175.7227
4334.34573614598  160.4583
4334.96386528016  168.9062
4335.58199441434  144.332
4336.20012354852  134.3877
4336.8182526827  149.6199
4337.43638181687  119.7081
4338.05451095105  122.3399
4338.67264008523  132.5072
4339.29076921941  129.6349
4339.90889835359  125.7822
4340.52702748777  151.3277
4341.14515662194  158.5792
4341.76328575612  185.656
4342.3814148903  176.5269
4342.99954402448  180.0518
4343.61767315866  195.7581
4344.23580229283  186.8432
4344.85393142701  174.4887
4345.47206056119  191.5888
4346.09018969537  203.0553
4346.70831882955  197.5492
4347.32644796372  201.0361
4347.9445770979  212.4754
4348.56270623208  197.1804
4349.18083536626  217.4243
4349.79896450044  228.1113
4350.41709363462  203.6984
4351.03522276879  211.9749
4351.65335190297  223.387
4352.27148103715  216.2623
4352.88961017133  217.9912
4353.50773930551  218.9503
4354.12586843968  201.2358
4354.74399757386  198.8713
4355.36212670804  186.7169
4355.98025584222  172.0276
4356.5983849764  198.211
4357.21651411057  154.1982
4357.83464324475  178.8364
4358.45277237893  176.6011
4359.07090151311  173.0862
4359.68903064729  162.5455
4360.30715978147  172.144
4360.92528891564  129.554
4361.54341804982  160.9583
4362.161547184  178.5907
4362.77967631818  144.5376
4363.39780545236  157.4623
4364.01593458653  139.0504
4364.63406372071  139.9628
4365.25219285489  146.839
4365.87032198907  132.9286
4366.48845112325  148.4312
4367.10658025743  138.3732
4367.7247093916  135.962
4368.34283852578  128.68
4368.96096765996  132.009
4369.57909679414  134.8968
4370.19722592832  115.5202
4370.81535506249  109.5288
4371.43348419667  122.0369
4372.05161333085  141.1375
4372.66974246503  132.8506
4373.28787159921  118.5886
4373.90600073339  119.315
4374.52412986756  123.3038
4375.14225900174  118.5441
4375.76038813592  107.607
4376.3785172701  99.4824
4376.99664640428  114.3465
4377.61477553845  103.4475
4378.23290467263  102.7004
4378.85103380681  118.5096
4379.46916294099  147.0145
4380.08729207517  138.8607
4380.70542120935  129.1775
4381.32355034352  101.4518
4381.9416794777  117.1326
4382.55980861188  110.419
4383.17793774606  99.82863
4383.79606688024  130.178
4384.41419601441  115.3596
4385.03232514859  112.3794
4385.65045428277  98.69764
4386.26858341695  102.8128
4386.88671255113  90.4015
4387.5048416853  86.27345
4388.12297081948  111.4691
4388.74109995366  113.8819
4389.35922908784  99.47206
4389.97735822202  101.089
4390.5954873562  115.8887
4391.21361649037  112.2827
4391.83174562455  94.27654
4392.44987475873  81.1032
4393.06800389291  82.71167
4393.68613302709  106.1437
4394.30426216126  93.12452
4394.92239129544  93.66435
4395.54052042962  96.2324
4396.1586495638  102.6562
4396.77677869798  122.8955
4397.39490783216  109.8023
4398.01303696633  101.2393
4398.63116610051  100.099
4399.24929523469  109.9499
4399.86742436887  105.6955
4400.48555350305  94.92228
4401.10368263723  122.0081
4401.7218117714  121.7779
4402.33994090558  97.27493
4402.95807003976  91.60468
4403.57619917394  105.0103
4404.19432830812  126.4647
4404.81245744229  107.2924
4405.43058657647  101.5827
4406.04871571065  88.83147
4406.66684484483  105.0164
4407.28497397901  98.13286
4407.90310311318  114.4875
4408.52123224736  113.9762
4409.13936138154  96.64922
4409.75749051572  108.9983
4410.3756196499  100.9208
4410.99374878407  98.04365
4411.61187791825  104.4088
4412.23000705243  88.5583
4412.84813618661  99.79327
4413.46626532079  112.5003
4414.08439445497  90.28921
4414.70252358914  93.91631
4415.32065272332  89.87962
4415.9387818575  94.20197
4416.55691099168  120.0094
4417.17504012586  108.8432
4417.79316926003  109.1432
4418.41129839421  106.0423
4419.02942752839  92.88747
4419.64755666257  94.75512
4420.26568579675  114.6083
4420.88381493093  93.36918
4421.5019440651  95.91102
4422.12007319928  91.63975
4422.73820233346  90.80943
4423.35633146764  87.83757
4423.97446060182  76.67299
4424.592589736  115.9065
4425.21071887017  87.17321
4425.82884800435  90.00007
4426.44697713853  119.4187
4427.06510627271  133.3959
4427.68323540689  102.6516
4428.30136454106  104.4046
4428.91949367524  94.18797
4429.53762280942  94.36823
4430.1557519436  100.6006
4430.77388107778  95.71001
4431.39201021195  108.7593
4432.01013934613  126.3797
4432.62826848031  128.8274
4433.24639761449  79.89138
4433.86452674867  101.3206
4434.48265588284  99.51617
4435.10078501702  106.166
4435.7189141512  102.9566
4436.33704328538  88.84431
4436.95517241956  98.68016
4437.57330155374  87.36668
4438.19143068791  97.93108
4438.80955982209  107.899
4439.42768895627  99.72989
4440.04581809045  107.1196
4440.66394722463  110.3133
4441.2820763588  103.8195
4441.90020549298  107.7303
4442.51833462716  102.8493
4443.13646376134  107.5089
4443.75459289552  104.8312
4444.3727220297  108.3456
4444.99085116387  87.06262
4445.60898029805  125.224
4446.22710943223  145.6984
4446.84523856641  107.1014
4447.46336770059  121.2576
4448.08149683476  107.6857
4448.69962596894  110.6308
4449.31775510312  127.976
4449.9358842373  110.8605
4450.55401337148  132.6341
4451.17214250566  150.6607
4451.79027163984  132.6939
4452.40840077401  126.3194
4453.02652990819  103.0599
4453.64465904237  111.9933
4454.26278817655  134.9986
4454.88091731073  118.7335
4455.4990464449  117.4329
4456.11717557908  143.3794
4456.73530471326  120.4978
4457.35343384744  123.3851
4457.97156298162  115.3856
4458.58969211579  88.24636
4459.20782124997  135.0868
4459.82595038415  127.347
4460.44407951833  133.9398
4461.06220865251  134.5516
4461.68033778669  125.3143
4462.29846692086  132.516
4462.91659605504  124.6932
4463.53472518922  135.0997
4464.1528543234  117.9508
4464.77098345758  91.47248
4465.38911259175  109.1783
4466.00724172593  115.9899
4466.62537086011  94.58427
4467.24349999429  102.3187
4467.86162912847  78.39041
4468.47975826265  85.43879
4469.09788739682  102.7342
4469.716016531  105.1575
4470.33414566518  106.1803
4470.95227479936  97.54822
4471.57040393354  114.5052
4472.18853306771  107.1741
4472.80666220189  108.2475
4473.42479133607  129.8871
4474.04292047025  114.7472
4474.66104960443  101.7697
4475.27917873861  119.8278
4475.89730787278  117.8516
4476.51543700696  106.7392
4477.13356614114  118.2143
4477.75169527532  126.9089
4478.3698244095  136.5276
4478.98795354367  118.7991
4479.60608267785  101.8526
4480.22421181203  113.656
4480.84234094621  122.4242
4481.46047008039  117.669
4482.07859921456  113.3685
4482.69672834874  126.6455
4483.31485748292  143.2244
4483.9329866171  132.9649
4484.55111575128  143.4286
4485.16924488546  121.4201
4485.78737401963  116.4548
4486.40550315381  133.1178
4487.02363228799  129.2141
4487.64176142217  139.5451
4488.25989055635  124.7984
4488.87801969052  107.3463
4489.4961488247  145.5764
4490.11427795888  142.2926
4490.73240709306  131.3214
4491.35053622724  138.0786
4491.96866536142  127.049
4492.58679449559  129.7518
4493.20492362977  119.8546
4493.82305276395  126.2958
4494.44118189813  117.3808
4495.05931103231  128.6569
4495.67744016648  99.31159
4496.29556930066  127.442
4496.91369843484  127.1308
4497.53182756902  138.2245
4498.1499567032  117.9179
4498.76808583737  105.1479
4499.38621497155  120.8527
4500.00434410573  115.9347
4500.62247323991  105.2799
4501.24060237409  112.7344
4501.85873150827  96.68167
4502.47686064244  110.9986
4503.09498977662  115.4424
4503.7131189108  89.84077
4504.33124804498  93.81867
4504.94937717916  104.465
4505.56750631334  133.4474
4506.18563544751  113.5417
4506.80376458169  113.921
4507.42189371587  117.4888
4508.04002285005  102.9643
4508.65815198423  109.6718
4509.2762811184  96.98964
4509.89441025258  99.25359
4510.51253938676  107.4216
4511.13066852094  111.491
4511.74879765512  105.8802
4512.36692678929  120.2779
4512.98505592347  98.63654
4513.60318505765  96.54181
4514.22131419183  107.3365
4514.83944332601  102.3603
4515.45757246018  117.7782
4516.07570159436  109.4665
4516.69383072854  111.0919
4517.31195986272  89.66199
4517.9300889969  102.9402
4518.54821813108  125.1917
4519.16634726525  114.1952
4519.78447639943  113.4787
4520.40260553361  92.63248
4521.02073466779  117.8023
4521.63886380197  91.44019
4522.25699293615  109.5845
4522.87512207032  113.6668
4523.4932512045  84.05308
4524.11138033868  91.01321
4524.72950947286  83.54263
4525.34763860704  111.5391
4525.96576774121  119.9913
4526.58389687539  112.4664
4527.20202600957  119.5354
4527.82015514375  99.60616
4528.43828427793  122.3884
4529.05641341211  109.2712
4529.67454254628  95.78773
4530.29267168046  105.2423
4530.91080081464  116.9777
4531.52892994882  135.7636
4532.147059083  123.9374
4532.76518821717  103.4517
4533.38331735135  129.4664
4534.00144648553  111.6661
4534.61957561971  99.56353
4535.23770475389  117.7427
4535.85583388807  110.272
4536.47396302224  119.2163
4537.09209215642  108.8332
4537.7102212906  105.0889
4538.32835042478  149.0096
4538.94647955895  110.6172
4539.56460869313  129.0974
4540.18273782731  108.9006
4540.80086696149  116.9634
4541.41899609567  111.2925
4542.03712522985  85.89221
4542.65525436403  107.8315
4543.2733834982  116.0455
4543.89151263238  99.48816
4544.50964176656  105.7943
4545.12777090074  109.1932
4545.74590003492  102.7699
4546.36402916909  116.3759
4546.98215830327  126.4677
4547.60028743745  102.509
4548.21841657163  110.0494
4548.83654570581  109.9353
4549.45467483998  94.87215
4550.07280397416  95.35201
4550.69093310834  94.02863
4551.30906224252  103.7399
4551.9271913767  108.0473
4552.54532051088  105.578
4553.16344964505  113.0228
4553.78157877923  129.6037
4554.39970791341  120.4722
4555.01783704759  109.2928
4555.63596618177  109.2223
4556.25409531594  118.0909
4556.87222445012  114.953
4557.4903535843  119.721
4558.10848271848  118.0618
4558.72661185266  114.324
4559.34474098684  115.358
4559.96287012101  114.4012
4560.58099925519  113.5707
4561.19912838937  100.993
4561.81725752355  101.9909
4562.43538665773  108.6933
4563.0535157919  100.5375
4563.67164492608  104.8457
4564.28977406026  120.3983
4564.90790319444  123.9003
4565.52603232862  122.7572
4566.14416146279  113.1741
4566.76229059697  76.73128
4567.38041973115  82.6021
4567.99854886533  130.7337
4568.61667799951  106.9873
4569.23480713369  102.6925
4569.85293626786  114.1437
4570.47106540204  123.1242
4571.08919453622  128.0646
4571.7073236704  117.834
4572.32545280458  127.2946
4572.94358193875  104.6799
4573.56171107293  105.4522
4574.17984020711  98.84373
4574.79796934129  126.0861
4575.41609847547  125.7325
4576.03422760965  111.007
4576.65235674382  100.4492
4577.270485878  116.973
4577.88861501218  99.79638
4578.50674414636  117.4242
4579.12487328054  109.1265
4579.74300241471  117.5062
4580.36113154889  95.96564
4580.97926068307  124.285
4581.59738981725  101.2963
4582.21551895143  82.091
4582.83364808561  124.4761
4583.45177721978  98.168
4584.06990635396  106.9981
4584.68803548814  109.587
4585.30616462232  98.58368
4585.9242937565  109.7822
4586.54242289067  101.9424
4587.16055202485  106.803
4587.77868115903  118.684
4588.39681029321  124.4507
4589.01493942739  107.4429
4589.63306856156  99.35434
4590.25119769574  134.8666
4590.86932682992  118.4633
4591.4874559641  120.7631
4592.10558509828  113.9318
4592.72371423246  117.1841
4593.34184336663  93.71065
4593.95997250081  107.0277
4594.57810163499  115.3722
4595.19623076917  109.593
4595.81435990335  108.4666
4596.43248903752  100.2749
4597.0506181717  111.8686
4597.66874730588  113.4533
4598.28687644006  105.0297
4598.90500557424  101.856
4599.52313470842  101.1099
4600.14126384259  113.1307
4600.75939297677  148.3257
4601.37752211095  105.0876
4601.99565124513  105.9971
4602.61378037931  118.999
4603.23190951348  125.2064
4603.85003864766  97.01892
4604.46816778184  111.8221
4605.08629691602  102.1656
4605.7044260502  107.7481
4606.32255518438  123.4059
4606.94068431855  116.0015
4607.55881345273  113.7969
4608.17694258691  111.537
4608.79507172109  112.9316
4609.41320085527  105.2516
4610.03132998944  89.39108
4610.64945912362  99.9155
4611.2675882578  96.89346
4611.88571739198  108.064
4612.50384652616  112.9372
4613.12197566034  99.29312
4613.74010479451  84.57943
4614.35823392869  106.2285
4614.97636306287  89.6634
4615.59449219705  113.0323
4616.21262133123  96.94724
4616.8307504654  120.4143
4617.44887959958  118.3671
4618.06700873376  95.45757
4618.68513786794  88.83342
4619.30326700212  102.4004
4619.9213961363  100.6743
4620.53952527047  117.7813
4621.15765440465  108.7151
4621.77578353883  111.0364
4622.39391267301  107.841
4623.01204180718  105.3361
4623.63017094136  105.2882
4624.24830007554  117.9957
4624.86642920972  122.5685
4625.4845583439  101.9605
4626.10268747808  124.3266
4626.72081661225  130.2013
4627.33894574643  97.22634
4627.95707488061  103.1392
4628.57520401479  106.0041
4629.19333314897  111.4385
4629.81146228315  95.34891
4630.42959141732  122.018
4631.0477205515  110.9824
4631.66584968568  116.9099
4632.28397881986  105.956
4632.90210795404  119.7831
4633.52023708821  89.08864
4634.13836622239  102.5588
4634.75649535657  126.9301
4635.37462449075  122.0314
4635.99275362493  122.0704
4636.61088275911  112.0873
4637.22901189328  113.0415
4637.84714102746  117.3954
4638.46527016164  106.7906
4639.08339929582  113.0668
4639.70152843  96.19006
4640.31965756417  107.6958
4640.93778669835  119.4173
4641.55591583253  120.3517
4642.17404496671  133.1869
4642.79217410089  105.4093
4643.41030323507  93.20822
4644.02843236924  88.2849
4644.64656150342  118.2857
4645.2646906376  122.0166
4645.88281977178  121.5677
4646.50094890596  133.9428
4647.11907804013  121.2405
4647.73720717431  124.8269
4648.35533630849  121.7854
4648.97346544267  119.697
4649.59159457685  110.6801
4650.20972371102  112.0105
4650.8278528452  122.4091
4651.44598197938  131.7345
4652.06411111356  118.6048
4652.68224024774  107.3702
4653.30036938192  109.7641
4653.91849851609  125.7542
4654.53662765027  104.5593
4655.15475678445  129.6251
4655.77288591863  110.2345
4656.39101505281  113.2543
4657.00914418698  136.0161
4657.62727332116  135.1943
4658.24540245534  128.5509
4658.86353158952  140.2654
4659.4816607237  131.2707
4660.09978985788  132.2006
4660.71791899205  132.5598
4661.33604812623  139.1871
4661.95417726041  116.6564
4662.57230639459  121.1208
4663.19043552877  122.3512
4663.80856466294  122.4673
4664.42669379712  122.3039
4665.0448229313  116.9915
4665.66295206548  135.3547
4666.28108119966  156.3866
4666.89921033384  123.6396
4667.51733946801  116.1684
4668.13546860219  132.3544
4668.75359773637  128.2352
4669.37172687055  123.8503
4669.98985600473  107.64
4670.6079851389  125.4832
4671.22611427308  98.3793
4671.84424340726  102.9055
4672.46237254144  106.8871
4673.08050167562  104.7156
4673.69863080979  115.2342
4674.31675994397  115.4232
4674.93488907815  108.4466
4675.55301821233  143.6373
4676.17114734651  127.7166
4676.78927648069  140.2314
4677.40740561486  107.9712
4678.02553474904  110.0737
4678.64366388322  124.2415
4679.2617930174  112.3104
4679.87992215158  116.139
4680.49805128575  122.2582
4681.11618041993  113.4723
4681.73430955411  116.1695
4682.35243868829  115.1099
4682.97056782247  126.0981
4683.58869695665  135.86
4684.20682609082  119.6678
4684.824955225  128.3889
4685.44308435918  121.4267
4686.06121349336  110.0394
4686.67934262754  112.8671
4687.29747176171  135.3467
4687.91560089589  120.644
4688.53373003007  123.2593
4689.15185916425  129.8914
4689.76998829843  124.3135
4690.38811743261  119.376
4691.00624656678  138.35
4691.62437570096  120.446
4692.24250483514  98.0466
4692.86063396932  126.8388
4693.4787631035  141.4106
4694.09689223767  126.587
4694.71502137185  115.7396
4695.33315050603  111.3907
4695.95127964021  116.5942
4696.56940877439  128.5387
4697.18753790857  113.8834
4697.80566704274  131.3007
4698.42379617692  126.6942
4699.0419253111  106.5867
4699.66005444528  121.1783
4700.27818357946  132.9938
4700.89631271363  125.6336
4701.51444184781  128.1545
4702.13257098199  136.8008
4702.75070011617  129.942
4703.36882925035  118.4626
4703.98695838452  140.1033
4704.6050875187  134.8125
4705.22321665288  122.4409
4705.84134578706  103.0815
4706.45947492124  118.8597
4707.07760405541  121.042
4707.69573318959  125.5337
4708.31386232377  125.7974
4708.93199145795  126.6622
4709.55012059213  123.0456
4710.16824972631  119.6648
4710.78637886049  106.1463
4711.40450799466  112.7747
4712.02263712884  111.9377
4712.64076626302  97.52554
4713.2588953972  128.5869
4713.87702453138  132.0265
4714.49515366555  126.3045
4715.11328279973  113.1712
4715.73141193391  114.8951
4716.34954106809  116.1407
4716.96767020227  97.74813
4717.58579933644  96.82166
4718.20392847062  148.8391
4718.8220576048  132.2573
4719.44018673898  121.7239
4720.05831587316  106.1907
4720.67644500734  111.3103
4721.29457414151  123.1997
4721.91270327569  123.4493
4722.53083240987  107.312
4723.14896154405  124.3971
4723.76709067823  109.8854
4724.3852198124  112.94
4725.00334894658  118.6247
4725.62147808076  107.4435
4726.23960721494  117.3629
4726.85773634912  101.2299
4727.4758654833  84.33494
4728.09399461747  152.3456
4728.71212375165  117.173
4729.33025288583  123.7354
4729.94838202001  128.3014
4730.56651115418  124.2696
4731.18464028836  115.4987
4731.80276942254  115.1954
4732.42089855672  91.22531
4733.0390276909  99.75636
4733.65715682508  111.2161
4734.27528595926  104.3351
4734.89341509343  118.0753
4735.51154422761  106.73
4736.12967336179  116.1522
4736.74780249597  115.5257
4737.36593163015  101.2361
4737.98406076432  126.0969
4738.6021898985  105.0253
4739.22031903268  94.56871
4739.83844816686  120.1843
4740.45657730104  110.3462
4741.07470643521  100.5512
4741.69283556939  108.5139
4742.31096470357  124.8826
4742.92909383775  110.8072
4743.54722297193  118.8997
4744.16535210611  109.8302
4744.78348124028  125.8485
4745.40161037446  100.0495
4746.01973950864  112.8276
4746.63786864282  112.2755
4747.255997777  117.9604
4747.87412691117  123.0187
4748.49225604535  120.7082
4749.11038517953  94.7942
4749.72851431371  100.5561
4750.34664344789  106.7634
4750.96477258207  131.3777
4751.58290171624  127.691
4752.20103085042  121.768
4752.8191599846  97.9754
4753.43728911878  91.66303
4754.05541825296  116.331
4754.67354738713  87.14208
4755.29167652131  122.3621
4755.90980565549  98.68694
4756.52793478967  127.5598
4757.14606392385  100.4477
4757.76419305802  112.9342
4758.3823221922  88.15167
4759.00045132638  117.0758
4759.61858046056  117.4128
4760.23670959474  119.3977
4760.85483872892  103.5014
4761.47296786309  100.8683
4762.09109699727  95.02731
4762.70922613145  118.299
4763.32735526563  95.66491
4763.94548439981  102.9204
4764.56361353398  115.9952
4765.18174266816  127.5774
4765.79987180234  110.3052
4766.41800093652  117.577
4767.0361300707  100.6332
4767.65425920488  112.3068
4768.27238833905  115.6388
4768.89051747323  114.3529
4769.50864660741  113.9874
4770.12677574159  91.14012
4770.74490487577  121.9976
4771.36303400994  106.2302
4771.98116314412  87.27635
4772.5992922783  95.5437
4773.21742141248  109.0591
4773.83555054666  112.7435
4774.45367968084  110.3778
4775.07180881501  98.37035
4775.68993794919  94.72144
4776.30806708337  108.8565
4776.92619621755  114.8704
4777.54432535173  100.3547
4778.1624544859  98.50054
4778.78058362008  96.57076
4779.39871275426  132.3932
4780.01684188844  93.89268
4780.63497102262  121.422
4781.25310015679  86.50053
4781.87122929097  108.0489
4782.48935842515  91.7521
4783.10748755933  109.6718
4783.72561669351  100.5438
4784.34374582769  98.63332
4784.96187496186  104.2741
4785.58000409604  100.5048
4786.19813323022  108.9039
4786.8162623644  112.1348
4787.43439149858  89.74275
4788.05252063276  110.5783
4788.67064976693  114.0866
4789.28877890111  128.2579
4789.90690803529  121.3082
4790.52503716947  105.9458
4791.14316630364  100.6935
4791.76129543782  111.6538
4792.379424572  85.48924
4792.99755370618  82.81096
4793.61568284036  86.08353
4794.23381197454  99.55859
4794.85194110871  112.5758
4795.47007024289  106.9292
4796.08819937707  121.3665
4796.70632851125  109.942
4797.32445764543  105.2559
4797.94258677961  107.5119
4798.56071591378  112.849
4799.17884504796  110.0418
4799.79697418214  104.858
4800.41510331632  92.44048
4801.0332324505  104.5625
4801.65136158467  97.48477
4802.26949071885  102.6961
4802.88761985303  90.66357
4803.50574898721  107.4249
4804.12387812139  105.7411
4804.74200725557  105.0113
4805.36013638974  105.2282
4805.97826552392  129.8217
4806.5963946581  109.2548
4807.21452379228  117.666
4807.83265292646  118.3577
4808.45078206063  114.5706
4809.06891119481  96.63554
4809.68704032899  113.071
4810.30516946317  103.8555
4810.92329859735  95.467
4811.54142773153  101.3588
4812.1595568657  119.5818
4812.77768599988  109.4962
4813.39581513406  114.0951
4814.01394426824  136.8503
4814.63207340242  138.0815
4815.25020253659  110.6523
4815.86833167077  92.79715
4816.48646080495  100.8104
4817.10458993913  98.55615
4817.72271907331  122.8611
4818.34084820748  125.1378
4818.95897734166  139.3135
4819.57710647584  151.5661
4820.19523561002  120.7034
4820.8133647442  141.7127
4821.43149387838  151.5354
4822.04962301255  104.7461
4822.66775214673  110.5096
4823.28588128091  133.4305
4823.90401041509  131.3771
4824.52213954927  132.5114
4825.14026868344  139.2981
4825.75839781762  127.5616
4826.3765269518  132.6685
4826.99465608598  142.8522
4827.61278522016  142.0862
4828.23091435434  147.0434
4828.84904348851  121.136
4829.46717262269  146.3517
4830.08530175687  149.4625
4830.70343089105  151.1446
4831.32156002523  147.1619
4831.9396891594  150.3308
4832.55781829358  166.9359
4833.17594742776  168.8676
4833.79407656194  165.1144
4834.41220569612  143.8566
4835.0303348303  184.6659
4835.64846396447  176.7765
4836.26659309865  181.1689
4836.88472223283  171.9394
4837.50285136701  181.6512
4838.12098050119  162.4319
4838.73910963536  211.2659
4839.35723876954  169.3173
4839.97536790372  180.5381
4840.5934970379  210.3564
4841.21162617208  217.3865
4841.82975530625  219.4267
4842.44788444043  217.1241
4843.06601357461  208.3516
4843.68414270879  246.0811
4844.30227184297  243.7951
4844.92040097715  264.5639
4845.53853011132  252.7026
4846.1566592455  235.8229
4846.77478837968  262.0856
4847.39291751386  280.9046
4848.01104664804  271.0478
4848.62917578221  255.876
4849.24730491639  285.0208
4849.86543405057  264.8758
4850.48356318475  268.2901
4851.10169231893  271.925
4851.71982145311  292.3707
4852.33795058728  285.8521
4852.95607972146  264.5348
4853.57420885564  269.3367
4854.19233798982  243.1748
4854.810467124  247.1317
4855.42859625817  187.3839
4856.04672539235  221.5997
4856.66485452653  166.2523
4857.28298366071  169.6961
4857.90111279489  156.5477
4858.51924192906  167.2881
4859.13737106324  152.2518
4859.75550019742  163.0442
4860.3736293316  177.9391
4860.99175846578  174.143
4861.60988759996  193.2415
4862.22801673413  218.9574
4862.84614586831  210.4529
4863.46427500249  222.3273
4864.08240413667  204.5356
4864.70053327085  215.3981
4865.31866240503  227.5925
4865.9367915392  240.1001
4866.55492067338  265.4152
4867.17304980756  283.3654
4867.79117894174  256.3045
4868.40930807592  261.9817
4869.0274372101  289.5204
4869.64556634427  295.9951
4870.26369547845  302.8046
4870.88182461263  284.191
4871.49995374681  255.4821
4872.11808288099  282.0598
4872.73621201516  262.9796
4873.35434114934  256.1705
4873.97247028352  264.9083
4874.5905994177  239.157
4875.20872855187  245.9643
4875.82685768605  253.7007
4876.44498682023  260.4188
4877.06311595441  232.8994
4877.68124508859  220.2675
4878.29937422277  242.2607
4878.91750335694  216.3897
4879.53563249112  218.9402
4880.1537616253  200.303
4880.77189075948  199.1518
4881.39001989366  209.5474
4882.00814902784  202.9923
4882.62627816201  172.7555
4883.24440729619  186.0124
4883.86253643037  200.1866
4884.48066556455  169.6828
4885.09879469873  169.1581
4885.7169238329  182.2811
4886.33505296708  149.6818
4886.95318210126  171.5165
4887.57131123544  171.0918
4888.18944036962  147.8008
4888.8075695038  173.9596
4889.42569863797  170.8522
4890.04382777215  149.5347
4890.66195690633  125.8708
4891.28008604051  154.5491
4891.89821517469  158.5963
4892.51634430886  126.7722
4893.13447344304  128.1131
4893.75260257722  138.7559
4894.3707317114  160.1573
4894.98886084558  165.1111
4895.60698997976  139.2303
4896.22511911393  129.2111
4896.84324824811  123.2984
4897.46137738229  138.4735
4898.07950651647  145.7342
4898.69763565065  132.633
4899.31576478482  129.1962
4899.933893919  135.7041
4900.55202305318  154.2275
4901.17015218736  128.5734
4901.78828132154  134.4907
4902.40641045572  115.2488
4903.02453958989  131.4071
4903.64266872407  111.9882
4904.26079785825  130.9023
4904.87892699243  126.6003
4905.49705612661  122.3681
4906.11518526078  114.7176
4906.73331439496  132.866
4907.35144352914  143.5687
4907.96957266332  117.9385
4908.5877017975  112.4691
4909.20583093168  103.9081
4909.82396006585  143.6126
4910.44208920003  118.6894
4911.06021833421  131.9025
4911.67834746839  138.0181
4912.29647660257  134.4376
4912.91460573674  108.91
4913.53273487092  119.3229
4914.1508640051  137.2922
4914.76899313928  109.453
4915.38712227346  121.5161
4916.00525140763  119.85
4916.62338054181  108.9197
4917.24150967599  119.6893
4917.85963881017  96.51149
4918.47776794435  120.1981
4919.09589707853  97.80624
4919.7140262127  83.48335
4920.33215534688  133.7055
4920.95028448106  121.2453
4921.56841361524  111.1323
4922.18654274942  94.34801
4922.80467188359  110.0567
4923.42280101777  97.7904
4924.04093015195  139.9681
4924.65905928613  109.7759
4925.27718842031  125.5008
4925.89531755449  123.1602
4926.51344668866  122.7021
4927.13157582284  134.1487
4927.74970495702  115.7106
4928.3678340912  116.4807
4928.98596322538  125.7292
4929.60409235956  130.5299
4930.22222149373  119.9679
4930.84035062791  129.5024
4931.45847976209  114.6693
4932.07660889627  138.7019
4932.69473803045  112.4224
4933.31286716462  115.6562
4933.9309962988  132.9862
4934.54912543298  114.7307
4935.16725456716  127.6477
4935.78538370134  127.7805
4936.40351283552  108.5792
4937.02164196969  113.2754
4937.63977110387  133.2841
4938.25790023805  121.6661
4938.87602937223  91.63396
4939.4941585064  125.0348
4940.11228764058  131.6417
4940.73041677476  99.16513
4941.34854590894  117.1875
4941.96667504312  102.9847
4942.5848041773  112.0287
4943.20293331147  107.6039
4943.82106244565  126.5591
4944.43919157983  144.147
4945.05732071401  121.1967
4945.67544984819  109.2313
4946.29357898236  110.6435
4946.91170811654  133.4434
4947.52983725072  116.2874
4948.1479663849  107.3995
4948.76609551908  119.709
4949.38422465326  111.52
4950.00235378743  103.6425
4950.62048292161  101.6907
4951.23861205579  114.0957
4951.85674118997  115.6117
4952.47487032415  98.13621
4953.09299945833  127.5225
4953.7111285925  103.4066
4954.32925772668  122.3569
4954.94738686086  111.1847
4955.56551599504  121.291
4956.18364512922  139.0012
4956.80177426339  102.7291
4957.41990339757  101.1249
4958.03803253175  104.1269
4958.65616166593  122.6875
4959.27429080011  116.7833
4959.89241993428  94.66904
4960.51054906846  87.42989
4961.12867820264  118.6015
4961.74680733682  127.9151
4962.364936471  105.7059
4962.98306560517  123.8768
4963.60119473935  98.51986
4964.21932387353  125.6088
4964.83745300771  103.7832
4965.45558214189  92.84267
4966.07371127607  109.9503
4966.69184041024  109.678
4967.30996954442  112.3675
4967.9280986786  119.8661
4968.54622781278  96.64907
4969.16435694696  101.564
4969.78248608113  102.9732
4970.40061521531  110.7587
4971.01874434949  121.0353
4971.63687348367  116.4401
4972.25500261785  109.5719
4972.87313175203  109.7682
4973.4912608862  103.166
4974.10939002038  92.70071
4974.72751915456  100.9819
4975.34564828874  102.8489
4975.96377742292  79.20805
4976.5819065571  103.2829
4977.20003569127  102.673
4977.81816482545  88.84215
4978.43629395963  112.9644
4979.05442309381  123.8518
4979.67255222799  111.0201
4980.29068136216  119.9851
4980.90881049634  97.01561
4981.52693963052  97.97242
4982.1450687647  101.2904
4982.76319789888  109.1741
4983.38132703305  111.7235
4983.99945616723  114.495
4984.61758530141  124.9393
4985.23571443559  118.3415
4985.85384356977  105.3151
4986.47197270395  105.6586
4987.09010183812  113.9616
4987.7082309723  111.7004
4988.32636010648  103.3646
4988.94448924066  126.1636
4989.56261837484  94.78759
4990.18074750901  117.0099
4990.79887664319  107.2129
4991.41700577737  105.2704
4992.03513491155  123.7165
4992.65326404573  119.8779
4993.27139317991  115.1296
4993.88952231408  129.1399
4994.50765144826  134.8264
4995.12578058244  108.7616
4995.74390971662  136.1845
4996.3620388508  116.0689
4996.98016798497  121.3976
4997.59829711915  116.2935
4998.21642625333  110.9165
4998.83455538751  127.2454
4999.45268452169  128.4343
5000.07081365587  116.6032
5000.68894279004  120.0324
5001.30707192422  127.655
5001.9252010584  125.7514
5002.54333019258  127.405
5003.16145932676  118.4595
5003.77958846093  123.8401
5004.39771759511  114.6052
5005.01584672929  138.8886
5005.63397586347  90.22684
5006.25210499765  134.5044
5006.87023413183  140.8707
5007.488363266  108.0274
5008.10649240018  129.0727
5008.72462153436  108.5986
5009.34275066854  146.7533
5009.96087980272  106.5246
5010.57900893689  133.0008
5011.19713807107  105.1021
5011.81526720525  115.1669
5012.43339633943  126.5023
5013.05152547361  104.5708
5013.66965460779  94.40604
5014.28778374196  104.3548
5014.90591287614  131.8247
5015.52404201032  105.4132
5016.1421711445  104.2419
5016.76030027868  103.9279
5017.37842941285  124.8311
5017.99655854703  135.2352
5018.61468768121  105.9663
5019.23281681539  114.3708
5019.85094594957  110.9874
5020.46907508375  124.0606
5021.08720421792  132.3136
5021.7053333521  121.3322
5022.32346248628  133.2312
5022.94159162046  114.6298
5023.55972075464  134.6489
5024.17784988881  107.7051
5024.79597902299  127.4108
5025.41410815717  121.2752
5026.03223729135  129.1183
5026.65036642553  138.9145
5027.26849555971  138.8912
5027.88662469388  116.1372
5028.50475382806  121.5639
5029.12288296224  128.1865
5029.74101209642  147.4542
5030.3591412306  122.3403
5030.97727036477  115.41
5031.59539949895  139.2961
5032.21352863313  144.6262
5032.83165776731  119.1802
5033.44978690149  133.8834
5034.06791603566  147.5055
5034.68604516984  140.7538
5035.30417430402  114.7419
5035.9223034382  115.9098
5036.54043257238  130.3784
5037.15856170656  145.6613
5037.77669084073  111.7434
5038.39481997491  120.6459
5039.01294910909  141.5965
5039.63107824327  125.5655
5040.24920737745  139.7433
5040.86733651162  105.9498
5041.4854656458  111.9672
5042.10359477998  112.0889
5042.72172391416  105.394
5043.33985304834  127.8511
5043.95798218252  113.9396
5044.57611131669  123.4911
5045.19424045087  126.7412
5045.81236958505  126.6964
5046.43049871923  108.7338
5047.04862785341  130.3398
5047.66675698758  105.6087
5048.28488612176  122.3785
5048.90301525594  92.52189
5049.52114439012  103.5119
5050.1392735243  117.2843
5050.75740265847  118.488
5051.37553179265  116.0715
5051.99366092683  117.4148
5052.61179006101  122.0271
5053.22991919519  134.4947
5053.84804832937  123.8377
5054.46617746354  118.0517
5055.08430659772  128.1892
5055.7024357319  133.8624
5056.32056486608  112.5614
5056.93869400026  134.9973
5057.55682313444  128.2675
5058.17495226861  85.8392
5058.79308140279  119.5084
5059.41121053697  105.5634
5060.02933967115  131.5499
5060.64746880533  96.69422
5061.2655979395  123.3365
5061.88372707368  126.2343
5062.50185620786  125.6256
5063.11998534204  122.4776
5063.73811447622  113.1752
5064.35624361039  120.9998
5064.97437274457  110.7382
5065.59250187875  135.6091
5066.21063101293  113.3833
5066.82876014711  121.0328
5067.44688928128  109.174
5068.06501841546  109.9103
5068.68314754964  118.8658
5069.30127668382  117.9298
5069.919405818  101.7887
5070.53753495218  123.055
5071.15566408635  86.5978
5071.77379322053  115.2179
5072.39192235471  112.577
5073.01005148889  124.7751
5073.62818062307  109.2304
5074.24630975724  119.8856
5074.86443889142  123.4443
5075.4825680256  113.3897
5076.10069715978  125.5479
5076.71882629396  127.6948
5077.33695542814  112.8946
5077.95508456231  118.7453
5078.57321369649  117.0683
5079.19134283067  104.7098
5079.80947196485  113.377
5080.42760109903  133.2981
5081.04573023321  117.5159
5081.66385936738  136.4016
5082.28198850156  121.7254
5082.90011763574  108.1066
5083.51824676992  134.4036
5084.1363759041  99.58205
5084.75450503827  119.9964
5085.37263417245  107.9647
5085.99076330663  118.0135
5086.60889244081  123.3464
5087.22702157499  110.3795
5087.84515070916  109.4279
5088.46327984334  128.8547
5089.08140897752  124.2825
5089.6995381117  114.752
5090.31766724588  103.0758
5090.93579638006  109.2021
5091.55392551423  108.3544
5092.17205464841  114.546
5092.79018378259  104.8617
5093.40831291677  128.3127
5094.02644205095  124.0635
5094.64457118513  135.9843
5095.2627003193  106.3199
5095.88082945348  149.7215
5096.49895858766  135.3215
5097.11708772184  137.4805
5097.73521685601  106.446
5098.35334599019  114.3487
5098.97147512437  126.475
5099.58960425855  125.2895
5100.20773339273  93.36182
5100.82586252691  132.1875
5101.44399166108  109.0224
5102.06212079526  134.1162
5102.68024992944  118.673
5103.29837906362  118.6602
5103.9165081978  123.3923
5104.53463733198  119.5007
5105.15276646615  122.3687
5105.77089560033  100.8653
5106.38902473451  136.235
5107.00715386869  129.1797
5107.62528300287  134.8991
5108.24341213704  123.0265
5108.86154127122  118.4626
5109.4796704054  133.6679
5110.09779953958  122.162
5110.71592867376  142.8564
5111.33405780793  117.7574
5111.95218694211  123.5035
5112.57031607629  155.4749
5113.18844521047  133.3091
5113.80657434465  142.7092
5114.42470347883  131.4606
5115.042832613  125.0044
5115.66096174718  118.2744
5116.27909088136  105.7971
5116.89722001554  98.03053
5117.51534914972  126.9058
5118.13347828389  98.38121
5118.75160741807  112.2716
5119.36973655225  106.1426
5119.98786568643  119.6251
5120.60599482061  111.5368
5121.22412395479  108.6381
5121.84225308896  125.3754
5122.46038222314  125.393
5123.07851135732  112.0366
5123.6966404915  101.7025
5124.31476962568  120.6934
5124.93289875985  119.7964
5125.55102789403  111.6644
5126.16915702821  123.0179
5126.78728616239  137.4839
5127.40541529657  106.8901
5128.02354443075  117.5311
5128.64167356492  100.4696
5129.2598026991  132.9959
5129.87793183328  103.5793
5130.49606096746  124.9426
5131.11419010164  125.3491
5131.73231923581  142.5269
5132.35044836999  116.0742
5132.96857750417  124.3804
5133.58670663835  129.068
5134.20483577253  124.2643
5134.82296490671  123.8081
5135.44109404088  115.3448
5136.05922317506  89.47287
5136.67735230924  142.0894
5137.29548144342  102.1035
5137.9136105776  126.4557
5138.53173971177  127.1184
