3888.4111328125  69.17995
3889.02888214589  40.7004
3889.64663147927  57.96409
3890.26438081265  72.86217
3890.88213014603  76.1939
3891.49987947941  77.96413
3892.11762881279  72.49134
3892.73537814618  63.53288
3893.35312747956  78.68036
3893.97087681294  88.36742
3894.58862614632  52.00402
3895.2063754797  100.5027
3895.82412481308  78.83741
3896.44187414647  81.87759
3897.05962347985  101.0938
3897.67737281323  92.54639
3898.29512214661  75.87945
3898.91287147999  61.407
3899.53062081337  90.2746
3900.14837014676  96.72701
3900.76611948014  73.46455
3901.38386881352  80.54708
3902.0016181469  69.23011
3902.61936748028  78.65576
3903.23711681366  83.47014
3903.85486614705  78.36386
3904.47261548043  57.35646
3905.09036481381  85.8679
3905.70811414719  100.2719
3906.32586348057  73.00623
3906.94361281395  92.8031
3907.56136214733  104.9971
3908.17911148072  88.41428
3908.7968608141  95.49976
3909.41461014748  76.24255
3910.03235948086  69.3211
3910.65010881424  75.11839
3911.26785814763  72.35209
3911.88560748101  63.7821
3912.50335681439  71.26402
3913.12110614777  69.88755
3913.73885548115  66.84914
3914.35660481453  73.07825
3914.97435414792  77.2466
3915.5921034813  59.81998
3916.20985281468  64.96643
3916.82760214806  89.73875
3917.44535148144  73.2652
3918.06310081482  53.73484
3918.68085014821  60.60147
3919.29859948159  60.93881
3919.91634881497  79.5592
3920.53409814835  87.72904
3921.15184748173  81.29502
3921.76959681511  83.61572
3922.38734614849  86.11958
3923.00509548188  83.63712
3923.62284481526  83.26958
3924.24059414864  92.05503
3924.85834348202  84.48672
3925.4760928154  103.4339
3926.09384214879  100.498
3926.71159148217  93.39421
3927.32934081555  84.47249
3927.94709014893  83.10602
3928.56483948231  92.46421
3929.18258881569  81.88754
3929.80033814907  83.84476
3930.41808748246  69.44615
3931.03583681584  88.93186
3931.65358614922  88.18882
3932.2713354826  65.35514
3932.88908481598  73.03855
3933.50683414936  86.69111
3934.12458348275  82.77607
3934.74233281613  86.13917
3935.36008214951  109.3226
3935.97783148289  96.78157
3936.59558081627  91.3756
3937.21333014965  112.4891
3937.83107948304  89.04671
3938.44882881642  116.0581
3939.0665781498  109.5688
3939.68432748318  79.37372
3940.30207681656  94.46954
3940.91982614994  88.32412
3941.53757548333  109.796
3942.15532481671  113.4735
3942.77307415009  97.776
3943.39082348347  108.5123
3944.00857281685  120.5231
3944.62632215023  107.5749
3945.24407148362  93.66859
3945.861820817  108.9568
3946.47957015038  90.08045
3947.09731948376  91.65044
3947.71506881714  105.6016
3948.33281815052  89.12175
3948.95056748391  97.79866
3949.56831681729  108.1375
3950.18606615067  104.8907
3950.80381548405  133.9883
3951.42156481743  125.3829
3952.03931415081  122.021
3952.6570634842  114.0846
3953.27481281758  124.0123
3953.89256215096  127.1113
3954.51031148434  134.0311
3955.12806081772  143.7142
3955.7458101511  147.5528
3956.36355948449  148.1327
3956.98130881787  124.6835
3957.59905815125  124.174
3958.21680748463  147.8091
3958.83455681801  151.6129
3959.45230615139  160.2164
3960.07005548478  157.2914
3960.68780481816  128.8379
3961.30555415154  125.6793
3961.92330348492  128.4324
3962.5410528183  118.5922
3963.15880215168  129.1476
3963.77655148507  144.6344
3964.39430081845  132.6551
3965.01205015183  129.959
3965.62979948521  130.4631
3966.24754881859  123.4968
3966.86529815197  132.4709
3967.48304748536  109.376
3968.10079681874  98.82281
3968.71854615212  136.5596
3969.3362954855  117.8095
3969.95404481888  108.6956
3970.57179415226  145.2556
3971.18954348565  156.3316
3971.80729281903  125.5413
3972.42504215241  118.8932
3973.04279148579  145.8944
3973.66054081917  142.7829
3974.27829015255  166.6882
3974.89603948594  160.2793
3975.51378881932  150.1995
3976.1315381527  166.0124
3976.74928748608  162.8422
3977.36703681946  160.7468
3977.98478615284  137.3043
3978.60253548623  140.0732
3979.22028481961  161.8846
3979.83803415299  155.2135
3980.45578348637  171.7579
3981.07353281975  160.0166
3981.69128215313  139.4226
3982.30903148652  125.3852
3982.9267808199  130.4645
3983.54453015328  137.2253
3984.16227948666  144.216
3984.78002882004  138.491
3985.39777815342  120.6644
3986.01552748681  103.8283
3986.63327682019  123.8072
3987.25102615357  134.6698
3987.86877548695  127.5976
3988.48652482033  128.2651
3989.10427415371  124.0099
3989.72202348709  115.0461
3990.33977282048  126.746
3990.95752215386  119.0044
3991.57527148724  84.6991
3992.19302082062  100.2191
3992.810770154  115.6665
3993.42851948739  74.4876
3994.04626882077  109.092
3994.66401815415  87.30975
3995.28176748753  81.86579
3995.89951682091  85.49494
3996.51726615429  101.2841
3997.13501548768  107.5145
3997.75276482106  79.25956
3998.37051415444  90.379
3998.98826348782  105.5459
3999.6060128212  92.55749
4000.22376215458  80.78794
4000.84151148797  95.17765
4001.45926082135  92.06891
4002.07701015473  112.541
4002.69475948811  105.1296
4003.31250882149  95.66904
4003.93025815487  90.34402
4004.54800748826  91.75041
4005.16575682164  109.0756
4005.78350615502  100.9471
4006.4012554884  104.5111
4007.01900482178  91.22307
4007.63675415516  91.03839
4008.25450348855  95.20202
4008.87225282193  94.77375
4009.49000215531  105.622
4010.10775148869  114.6338
4010.72550082207  94.1637
4011.34325015545  116.7687
4011.96099948884  124.0203
4012.57874882222  93.87102
4013.1964981556  88.89832
4013.81424748898  102.831
4014.43199682236  89.77131
4015.04974615574  102.1873
4015.66749548912  107.746
4016.28524482251  108.9209
4016.90299415589  99.1188
4017.52074348927  81.02798
4018.13849282265  100.0215
4018.75624215603  122.9821
4019.37399148942  114.1067
4019.9917408228  78.51116
4020.60949015618  89.2762
4021.22723948956  66.63648
4021.84498882294  72.92784
4022.46273815632  87.91871
4023.0804874897  100.3508
4023.69823682309  105.4973
4024.31598615647  89.89696
4024.93373548985  96.94208
4025.55148482323  79.1192
4026.16923415661  87.40262
4026.78698349  96.02755
4027.40473282338  83.40407
4028.02248215676  100.4543
4028.64023149014  93.14784
4029.25798082352  99.56258
4029.8757301569  93.43382
4030.49347949029  100.8783
4031.11122882367  106.8543
4031.72897815705  98.18962
4032.34672749043  103.4189
4032.96447682381  106.4187
4033.58222615719  104.0474
4034.19997549057  105.0449
4034.81772482396  84.83907
4035.43547415734  90.67076
4036.05322349072  117.8062
4036.6709728241  88.68653
4037.28872215748  78.94211
4037.90647149086  103.4136
4038.52422082425  111.2221
4039.14197015763  95.68097
4039.75971949101  97.32786
4040.37746882439  112.8195
4040.99521815777  102.9308
4041.61296749115  98.66344
4042.23071682454  101.4872
4042.84846615792  115.0849
4043.4662154913  100.6327
4044.08396482468  86.06139
4044.70171415806  95.67224
4045.31946349144  103.8552
4045.93721282483  98.84316
4046.55496215821  91.45625
4047.17271149159  110.4985
4047.79046082497  116.8334
4048.40821015835  102.9377
4049.02595949173  110.2275
4049.64370882512  98.59982
4050.2614581585  105.9531
4050.87920749188  100.9118
4051.49695682526  93.72404
4052.11470615864  101.8225
4052.73245549202  78.13757
4053.35020482541  85.7147
4053.96795415879  98.57672
4054.58570349217  108.1452
4055.20345282555  78.13628
4055.82120215893  70.53455
4056.43895149231  86.36829
4057.05670082569  94.45921
4057.67445015908  92.92869
4058.29219949246  108.8626
4058.90994882584  108.6795
4059.52769815922  110.246
4060.1454474926  115.4068
4060.76319682599  106.1626
4061.38094615937  93.23425
4061.99869549275  108.8875
4062.61644482613  75.25297
4063.23419415951  100.9767
4063.85194349289  121.4502
4064.46969282628  82.82458
4065.08744215966  101.0866
4065.70519149304  106.3896
4066.32294082642  114.0964
4066.9406901598  126.0624
4067.55843949318  116.6514
4068.17618882657  119.2002
4068.79393815995  111.7634
4069.41168749333  111.1085
4070.02943682671  120.9147
4070.64718616009  120.9792
4071.26493549347  106.8459
4071.88268482686  111.948
4072.50043416024  131.2974
4073.11818349362  118.2803
4073.735932827  117.7275
4074.35368216038  136.007
4074.97143149376  125.2324
4075.58918082714  123.3039
4076.20693016053  135.9059
4076.82467949391  138.8352
4077.44242882729  144.473
4078.06017816067  110.2344
4078.67792749405  115.8636
4079.29567682744  137.9897
4079.91342616082  152.4285
4080.5311754942  148.9617
4081.14892482758  140.985
4081.76667416096  162.9706
4082.38442349434  159.0552
4083.00217282772  151.01
4083.61992216111  170.7086
4084.23767149449  150.4751
4084.85542082787  146.6823
4085.47317016125  167.1297
4086.09091949463  163.5903
4086.70866882802  194.9202
4087.3264181614  195.3194
4087.94416749478  202.2655
4088.56191682816  179.2277
4089.17966616154  208.3645
4089.79741549492  219.1002
4090.41516482831  200.7931
4091.03291416169  236.5149
4091.65066349507  225.3241
4092.26841282845  193.1141
4092.88616216183  214.0755
4093.50391149521  241.7947
4094.12166082859  217.8249
4094.73941016198  186.502
4095.35715949536  194.6448
4095.97490882874  210.6882
4096.59265816212  205.8699
4097.2104074955  197.4662
4097.82815682889  171.3082
4098.44590616227  157.4535
4099.06365549565  159.6453
4099.68140482903  155.2845
4100.29915416241  163.8803
4100.91690349579  158.979
4101.53465282918  155.041
4102.15240216256  167.5677
4102.77015149594  144.2718
4103.38790082932  191.8924
4104.0056501627  193.3483
4104.62339949608  193.9645
4105.24114882947  190.3929
4105.85889816285  214.2382
4106.47664749623  224.5939
4107.09439682961  202.5241
4107.71214616299  218.4297
4108.32989549637  218.8798
4108.94764482975  208.8348
4109.56539416314  210.5526
4110.18314349652  223.9932
4110.8008928299  211.5771
4111.41864216328  209.5559
4112.03639149666  224.1889
4112.65414083004  191.1124
4113.27189016343  196.3446
4113.88963949681  213.5031
4114.50738883019  196.0999
4115.12513816357  194.5155
4115.74288749695  174.0943
4116.36063683033  187.1637
4116.97838616372  183.7322
4117.5961354971  157.6144
4118.21388483048  173.9618
4118.83163416386  194.6119
4119.44938349724  172.9686
4120.06713283062  151.2235
4120.68488216401  159.5829
4121.30263149739  159.9696
4121.92038083077  154.1847
4122.53813016415  158.8955
4123.15587949753  146.5153
4123.77362883091  142.0871
4124.3913781643  144.2878
4125.00912749768  134.0561
4125.62687683106  141.8275
4126.24462616444  121.6787
4126.86237549782  143.1217
4127.4801248312  136.471
4128.09787416459  145.0992
4128.71562349797  140.569
4129.33337283135  119.6996
4129.95112216473  116.2506
4130.56887149811  123.3709
4131.18662083149  114.6643
4131.80437016488  112.0593
4132.42211949826  122.8199
4133.03986883164  140.7804
4133.65761816502  110.5939
4134.2753674984  125.9077
4134.89311683178  132.9568
4135.51086616516  99.40376
4136.12861549855  117.8797
4136.74636483193  118.4807
4137.36411416531  104.425
4137.98186349869  105.4596
4138.59961283207  118.1989
4139.21736216546  100.5942
4139.83511149884  120.2192
4140.45286083222  95.66781
4141.0706101656  91.58528
4141.68835949898  100.0131
4142.30610883236  91.50145
4142.92385816575  105.0808
4143.54160749913  93.69644
4144.15935683251  89.37413
4144.77710616589  116.1616
4145.39485549927  97.93086
4146.01260483265  106.0603
4146.63035416604  99.43517
4147.24810349942  116.9141
4147.8658528328  101.1734
4148.48360216618  94.01881
4149.10135149956  121.1294
4149.71910083294  107.4789
4150.33685016633  97.31302
4150.95459949971  95.62537
4151.57234883309  109.3171
4152.19009816647  106.4659
4152.80784749985  95.7775
4153.42559683323  112.9715
4154.04334616661  88.78836
4154.6610955  95.49875
4155.27884483338  114.5159
4155.89659416676  91.09881
4156.51434350014  92.36591
4157.13209283352  86.64893
4157.74984216691  108.5308
4158.36759150029  102.7995
4158.98534083367  106.7507
4159.60309016705  104.4355
4160.22083950043  119.7438
4160.83858883381  110.184
4161.4563381672  101.2289
4162.07408750058  104.122
4162.69183683396  109.3935
4163.30958616734  109.8425
4163.92733550072  93.45927
4164.5450848341  94.34447
4165.16283416749  112.1739
4165.78058350087  104.2622
4166.39833283425  116.9669
4167.01608216763  98.7261
4167.63383150101  73.13664
4168.25158083439  91.4539
4168.86933016778  88.55499
4169.48707950116  85.21152
4170.10482883454  117.8056
4170.72257816792  95.09286
4171.3403275013  109.0631
4171.95807683468  104.2348
4172.57582616806  103.4523
4173.19357550145  97.43504
4173.81132483483  88.32465
4174.42907416821  91.47101
4175.04682350159  86.00284
4175.66457283497  102.3772
4176.28232216836  118.9241
4176.90007150174  118.4255
4177.51782083512  116.4783
4178.1355701685  92.18122
4178.75331950188  107.2243
4179.37106883526  106.6024
4179.98881816864  86.41095
4180.60656750203  97.67388
4181.22431683541  72.29955
4181.84206616879  90.20698
4182.45981550217  79.69527
4183.07756483555  109.0856
4183.69531416893  129.3095
4184.31306350232  87.10569
4184.9308128357  95.95308
4185.54856216908  92.25083
4186.16631150246  114.124
4186.78406083584  105.4775
4187.40181016922  103.7027
4188.01955950261  104.8653
4188.63730883599  109.8386
4189.25505816937  85.82749
4189.87280750275  82.33236
4190.49055683613  104.3578
4191.10830616951  89.01871
4191.7260555029  86.39874
4192.34380483628  112.8421
4192.96155416966  110.1002
4193.57930350304  83.12344
4194.19705283642  85.21307
4194.8148021698  86.77093
4195.43255150319  95.76511
4196.05030083657  95.88387
4196.66805016995  103.6083
4197.28579950333  109.0839
4197.90354883671  87.0265
4198.52129817009  118.9904
4199.13904750348  113.6153
4199.75679683686  96.02473
4200.37454617024  90.70971
4200.99229550362  78.68805
4201.610044837  138.9368
4202.22779417038  93.27348
4202.84554350376  84.2262
4203.46329283715  93.15994
4204.08104217053  94.64651
4204.69879150391  86.17171
4205.31654083729  75.68702
4205.93429017067  85.80726
4206.55203950406  87.82117
4207.16978883744  104.5253
4207.78753817082  112.9211
4208.4052875042  107.6137
4209.02303683758  85.78464
4209.64078617096  72.45124
4210.25853550435  97.73808
4210.87628483773  115.5323
4211.49403417111  104.968
4212.11178350449  116.3332
4212.72953283787  97.71208
4213.34728217125  99.83688
4213.96503150463  88.23304
4214.58278083802  106.1709
4215.2005301714  76.79084
4215.81827950478  108.45
4216.43602883816  91.57475
4217.05377817154  92.33193
4217.67152750493  99.48211
4218.28927683831  86.29642
4218.90702617169  92.1167
4219.52477550507  83.52158
4220.14252483845  99.87018
4220.76027417183  118.5605
4221.37802350522  108.1852
4221.9957728386  88.74043
4222.61352217198  77.1109
4223.23127150536  84.03844
4223.84902083874  81.79932
4224.46677017212  89.44152
4225.08451950551  97.85832
4225.70226883889  98.35916
4226.32001817227  76.91148
4226.93776750565  92.56568
4227.55551683903  100.9868
4228.17326617241  96.2679
4228.7910155058  120.801
4229.40876483918  110.8916
4230.02651417256  85.65405
4230.64426350594  103.4079
4231.26201283932  89.02961
4231.8797621727  98.55956
4232.49751150608  108.5853
4233.11526083947  105.0516
4233.73301017285  100.8299
4234.35075950623  112.1695
4234.96850883961  83.82551
4235.58625817299  94.33451
4236.20400750638  104.4613
4236.82175683976  99.74372
4237.43950617314  108.4719
4238.05725550652  114.2151
4238.6750048399  99.39127
4239.29275417328  78.56039
4239.91050350667  99.70696
4240.52825284005  106.3273
4241.14600217343  120.8946
4241.76375150681  100.0453
4242.38150084019  96.10744
4242.99925017357  100.684
4243.61699950696  112.1971
4244.23474884034  124.2613
4244.85249817372  89.10829
4245.4702475071  95.42436
4246.08799684048  76.9398
4246.70574617386  98.59553
4247.32349550725  101.3005
4247.94124484063  91.03047
4248.55899417401  90.22987
4249.17674350739  114.6872
4249.79449284077  106.2883
4250.41224217415  97.79056
4251.02999150753  97.87533
4251.64774084092  99.278
4252.2654901743  97.21321
4252.88323950768  101.5492
4253.50098884106  101.5865
4254.11873817444  94.98001
4254.73648750782  104.8089
4255.35423684121  91.22764
4255.97198617459  94.16543
4256.58973550797  92.30821
4257.20748484135  91.07133
4257.82523417473  98.38687
4258.44298350811  86.02535
4259.0607328415  94.69856
4259.67848217488  88.3774
4260.29623150826  118.3919
4260.91398084164  118.2099
4261.53173017502  135.042
4262.1494795084  101.1156
4262.76722884179  100.4196
4263.38497817517  120.1514
4264.00272750855  101.6516
4264.62047684193  92.96748
4265.23822617531  105.515
4265.85597550869  96.90535
4266.47372484208  110.7201
4267.09147417546  95.11195
4267.70922350884  95.28439
4268.32697284222  102.4746
4268.9447221756  99.26496
4269.56247150898  123.6555
4270.18022084237  112.095
4270.79797017575  88.97845
4271.41571950913  89.45694
4272.03346884251  86.88889
4272.65121817589  108.3907
4273.26896750927  100.1793
4273.88671684265  101.8974
4274.50446617604  95.54096
4275.12221550942  107.8181
4275.7399648428  90.83016
4276.35771417618  65.71022
4276.97546350956  100.901
4277.59321284295  97.47845
4278.21096217633  107.6606
4278.82871150971  113.3276
4279.44646084309  106.9714
4280.06421017647  112.085
4280.68195950985  96.80676
4281.29970884324  87.73108
4281.91745817662  108.6242
4282.53520751  122.656
4283.15295684338  94.68743
4283.77070617676  94.15588
4284.38845551014  109.1718
4285.00620484353  121.4225
4285.62395417691  100.8602
4286.24170351029  83.92282
4286.85945284367  89.22112
4287.47720217705  84.70366
4288.09495151043  90.26156
4288.71270084382  99.9576
4289.3304501772  101.7839
4289.94819951058  100.4985
4290.56594884396  107.434
4291.18369817734  120.8459
4291.80144751072  112.2213
4292.41919684411  102.0886
4293.03694617749  103.9178
4293.65469551087  122.0045
4294.27244484425  107.9128
4294.89019417763  134.8266
4295.50794351101  156.5816
4296.1256928444  103.8551
4296.74344217778  127.1571
4297.36119151116  129.4824
4297.97894084454  112.0469
4298.59669017792  99.29669
4299.2144395113  96.36037
4299.83218884468  90.53539
4300.44993817807  96.71283
4301.06768751145  124.6544
4301.68543684483  112.4689
4302.30318617821  90.30172
4302.92093551159  120.3811
4303.53868484498  121.0805
4304.15643417836  118.6737
4304.77418351174  111.2123
4305.39193284512  116.9093
4306.0096821785  129.7807
4306.62743151188  124.7103
4307.24518084527  134.9386
4307.86293017865  126.1885
4308.48067951203  132.5762
4309.09842884541  121.4993
4309.71617817879  127.818
4310.33392751217  131.6764
4310.95167684555  108.6136
4311.56942617894  138.3435
4312.18717551232  124.332
4312.8049248457  138.5928
4313.42267417908  179.9111
4314.04042351246  162.7952
4314.65817284585  156.164
4315.27592217923  153.2891
4315.89367151261  146.4294
4316.51142084599  154.5458
4317.12917017937  174.995
4317.74691951275  163.5068
4318.36466884614  163.2735
4318.98241817952  169.4403
4319.6001675129  186.188
4320.21791684628  198.5183
4320.83566617966  193.9282
4321.45341551304  169.1399
4322.07116484643  173.0354
4322.68891417981  195.9071
4323.30666351319  181.257
4323.92441284657  179.8295
4324.54216217995  193.619
4325.15991151333  192.341
4325.77766084671  190.2023
4326.3954101801  185.0627
4327.01315951348  194.435
4327.63090884686  200.4082
4328.24865818024  199.8174
4328.86640751362  240.9452
4329.484156847  238.2189
4330.10190618039  281.2691
4330.71965551377  234.446
4331.33740484715  246.5926
4331.95515418053  224.7758
4332.57290351391  219.9858
4333.19065284729  254.8803
4333.80840218068  236.6408
4334.42615151406  220.4243
4335.04390084744  232.5292
4335.66165018082  231.0711
4336.2793995142  191.5511
4336.89714884759  178.1786
4337.51489818097  164.1623
4338.13264751435  183.2618
4338.75039684773  176.2193
4339.36814618111  161.8788
4339.98589551449  182.4571
4340.60364484788  185.4655
4341.22139418126  207.324
4341.83914351464  199.2182
4342.45689284802  190.543
4343.0746421814  207.8309
4343.69239151478  244.8804
4344.31014084817  242.7615
4344.92789018155  223.2003
4345.54563951493  229.3371
4346.16338884831  227.2277
4346.78113818169  249.7144
4347.39888751507  235.0947
4348.01663684845  214.0788
4348.63438618184  242.1764
4349.25213551522  230.584
4349.8698848486  247.5375
4350.48763418198  223.1924
4351.10538351536  210.8938
4351.72313284874  216.6122
4352.34088218213  211.0377
4352.95863151551  223.8773
4353.57638084889  207.7712
4354.19413018227  214.9066
4354.81187951565  193.2108
4355.42962884904  189.4155
4356.04737818242  181.9893
4356.6651275158  214.7124
4357.28287684918  177.9077
4357.90062618256  160.0111
4358.51837551594  174.0312
4359.13612484933  166.0944
4359.75387418271  164.1191
4360.37162351609  161.2123
4360.98937284947  182.357
4361.60712218285  177.9767
4362.22487151623  167.4906
4362.84262084962  165.3193
4363.460370183  159.1442
4364.07811951638  140.9488
4364.69586884976  149.5355
4365.31361818314  152.0333
4365.93136751652  147.5396
4366.54911684991  142.2383
4367.16686618329  145.8342
4367.78461551667  133.4216
4368.40236485005  115.5651
4369.02011418343  164.6472
4369.63786351681  140.4849
4370.25561285019  133.4021
4370.87336218358  149.4664
4371.49111151696  133.2118
4372.10886085034  151.6005
4372.72661018372  132.1309
4373.3443595171  110.3176
4373.96210885049  125.7346
4374.57985818387  133.1158
4375.19760751725  100.145
4375.81535685063  96.51596
4376.43310618401  99.93244
4377.05085551739  105.6478
4377.66860485077  104.1351
4378.28635418416  109.9748
4378.90410351754  121.2882
4379.52185285092  113.5181
4380.1396021843  109.7692
4380.75735151768  109.1873
4381.37510085106  104.6832
4381.99285018445  120.6302
4382.61059951783  113.8939
4383.22834885121  112.8465
4383.84609818459  114.3315
4384.46384751797  113.2479
4385.08159685135  113.858
4385.69934618474  114.1323
4386.31709551812  93.74904
4386.9348448515  100.9833
4387.55259418488  100.2231
4388.17034351826  126.4385
4388.78809285164  105.9682
4389.40584218503  115.6758
4390.02359151841  93.81582
4390.64134085179  128.8923
4391.25909018517  100.5142
4391.87683951855  133.6204
4392.49458885193  98.90774
4393.11233818532  101.1061
4393.7300875187  118.8805
4394.34783685208  96.81673
4394.96558618546  116.6805
4395.58333551884  117.7808
4396.20108485222  103.5227
4396.81883418561  115.8795
4397.43658351899  110.5839
4398.05433285237  115.3331
4398.67208218575  101.8228
4399.28983151913  89.22944
4399.90758085251  104.2633
4400.52533018589  107.8401
4401.14307951928  106.7284
4401.76082885266  108.7578
4402.37857818604  112.4137
4402.99632751942  92.51232
4403.6140768528  107.9861
4404.23182618619  113.2351
4404.84957551957  93.80776
4405.46732485295  130.7725
4406.08507418633  108.236
4406.70282351971  108.5724
4407.32057285309  108.5432
4407.93832218648  81.89851
4408.55607151986  110.8584
4409.17382085324  109.4492
4409.79157018662  112.542
4410.40931952  114.1293
4411.02706885338  122.102
4411.64481818676  105.4165
4412.26256752015  105.6219
4412.88031685353  111.0899
4413.49806618691  105.4193
4414.11581552029  102.0512
4414.73356485367  109.4479
4415.35131418706  80.29659
4415.96906352044  85.25263
4416.58681285382  108.2564
4417.2045621872  122.9786
4417.82231152058  107.8971
4418.44006085396  89.15242
4419.05781018735  125.9422
4419.67555952073  109.1367
4420.29330885411  113.0448
4420.91105818749  126.4793
4421.52880752087  124.7481
4422.14655685425  130.983
4422.76430618764  116.656
4423.38205552102  100.6034
4423.9998048544  89.38737
4424.61755418778  83.1764
4425.23530352116  94.94469
4425.85305285454  96.19597
4426.47080218793  94.23905
4427.08855152131  97.90185
4427.70630085469  88.0101
4428.32405018807  90.04131
4428.94179952145  109.0434
4429.55954885483  120.4102
4430.17729818821  121.1985
4430.7950475216  112.7592
4431.41279685498  89.59515
4432.03054618836  86.48556
4432.64829552174  112.3575
4433.26604485512  125.871
4433.88379418851  113.9548
4434.50154352189  109.5303
4435.11929285527  106.8248
4435.73704218865  98.14494
4436.35479152203  103.5573
4436.97254085541  117.4878
4437.59029018879  111.0441
4438.20803952218  122.5168
4438.82578885556  100.1508
4439.44353818894  96.72213
4440.06128752232  111.355
4440.6790368557  129.3591
4441.29678618909  92.99869
4441.91453552247  110.2472
4442.53228485585  118.412
4443.15003418923  109.286
4443.76778352261  106.282
4444.38553285599  108.2333
4445.00328218937  131.4053
4445.62103152276  116.6794
4446.23878085614  115.3342
4446.85653018952  118.9574
4447.4742795229  115.8011
4448.09202885628  121.2106
4448.70977818966  124.737
4449.32752752305  114.183
4449.94527685643  113.2779
4450.56302618981  118.6218
4451.18077552319  123.4068
4451.79852485657  117.8503
4452.41627418995  124.4536
4453.03402352334  130.2145
4453.65177285672  143.4202
4454.2695221901  140.2275
4454.88727152348  133.3046
4455.50502085686  139.2884
4456.12277019024  120.6445
4456.74051952363  128.8321
4457.35826885701  121.3179
4457.97601819039  115.1328
4458.59376752377  142.376
4459.21151685715  119.543
4459.82926619053  121.0169
4460.44701552392  152.8855
4461.0647648573  147.184
4461.68251419068  144.1094
4462.30026352406  144.9272
4462.91801285744  132.2877
4463.53576219082  109.6697
4464.15351152421  126.4943
4464.77126085759  146.3738
4465.38901019097  136.3659
4466.00675952435  136.6323
4466.62450885773  121.1363
4467.24225819111  111.689
4467.8600075245  131.1476
4468.47775685788  122.7585
4469.09550619126  122.4768
4469.71325552464  137.9412
4470.33100485802  126.482
4470.9487541914  133.2061
4471.56650352479  116.9283
4472.18425285817  93.29716
4472.80200219155  126.1773
4473.41975152493  123.2695
4474.03750085831  119.7253
4474.65525019169  116.6196
4475.27299952508  129.5087
4475.89074885846  154.9104
4476.50849819184  133.2998
4477.12624752522  139.3764
4477.7439968586  117.1243
4478.36174619198  100.427
4478.97949552537  126.202
4479.59724485875  141.6994
4480.21499419213  158.0856
4480.83274352551  158.2138
4481.45049285889  128.5899
4482.06824219227  121.2592
4482.68599152566  133.6011
4483.30374085904  155.9111
4483.92149019242  128.0541
4484.5392395258  132.8828
4485.15698885918  137.9945
4485.77473819256  112.4919
4486.39248752595  120.7728
4487.01023685933  133.3813
4487.62798619271  109.5814
4488.24573552609  134.8647
4488.86348485947  141.015
4489.48123419285  116.7029
4490.09898352623  108.3248
4490.71673285962  116.492
4491.334482193  116.2213
4491.95223152638  154.1666
4492.56998085976  116.1114
4493.18773019314  128.4124
4493.80547952653  128.7685
4494.42322885991  125.2241
4495.04097819329  132.1742
4495.65872752667  128.4882
4496.27647686005  137.3378
4496.89422619343  138.7334
4497.51197552681  107.6788
4498.1297248602  86.35435
4498.74747419358  118.9882
4499.36522352696  132.1568
4499.98297286034  111.4984
4500.60072219372  115.3874
4501.21847152711  104.229
4501.83622086049  130.1585
4502.45397019387  125.1562
4503.07171952725  108.7945
4503.68946886063  134.3999
4504.30721819401  133.5659
4504.9249675274  99.27492
4505.54271686078  119.5732
4506.16046619416  113.1185
4506.77821552754  101.2166
4507.39596486092  127.9317
4508.0137141943  134.8632
4508.63146352768  92.00448
4509.24921286107  110.8949
4509.86696219445  114.2344
4510.48471152783  117.258
4511.10246086121  97.29409
4511.72021019459  97.45641
4512.33795952798  99.08134
4512.95570886136  140.0558
4513.57345819474  132.1784
4514.19120752812  101.1857
4514.8089568615  106.8696
4515.42670619488  106.3098
4516.04445552827  104.2767
4516.66220486165  99.52914
4517.27995419503  91.76008
4517.89770352841  110.5437
4518.51545286179  121.9156
4519.13320219517  122.4269
4519.75095152856  134.136
4520.36870086194  111.3912
4520.98645019532  105.4514
4521.6041995287  134.1348
4522.22194886208  102.5374
4522.83969819546  102.4156
4523.45744752885  150.4579
4524.07519686223  135.6592
4524.69294619561  110.2149
4525.31069552899  131.9786
4525.92844486237  133.3609
4526.54619419575  141.6941
4527.16394352913  111.8489
4527.78169286252  87.59096
4528.3994421959  135.6531
4529.01719152928  128.3354
4529.63494086266  114.5229
4530.25269019604  102.3049
4530.87043952942  132.7488
4531.48818886281  139.0156
4532.10593819619  120.8316
4532.72368752957  101.3009
4533.34143686295  152.4589
4533.95918619633  112.366
4534.57693552971  110.6036
4535.1946848631  119.2222
4535.81243419648  106.9782
4536.43018352986  123.0126
4537.04793286324  135.1503
4537.66568219662  114.7636
4538.28343153  100.4744
4538.90118086339  115.9461
4539.51893019677  117.041
4540.13667953015  105.1285
4540.75442886353  125.0093
4541.37217819691  119.6379
4541.98992753029  113.2498
4542.60767686368  105.5334
4543.22542619706  133.7022
4543.84317553044  140.782
4544.46092486382  136.1634
4545.0786741972  111.0048
4545.69642353058  115.4284
4546.31417286397  110.0071
4546.93192219735  110.7812
4547.54967153073  127.6558
4548.16742086411  122.7787
4548.78517019749  108.9877
4549.40291953087  107.6124
4550.02066886425  117.665
4550.63841819764  140.0265
4551.25616753102  109.2481
4551.8739168644  141.6405
4552.49166619778  92.73939
4553.10941553116  103.8999
4553.72716486455  111.8237
4554.34491419793  137.2324
4554.96266353131  99.89545
4555.58041286469  117.0373
4556.19816219807  125.362
4556.81591153145  124.0934
4557.43366086483  97.28209
4558.05141019822  115.2914
4558.6691595316  114.7182
4559.28690886498  89.55782
4559.90465819836  106.3055
4560.52240753174  138.1252
4561.14015686513  103.3827
4561.75790619851  107.4951
4562.37565553189  128.7628
4562.99340486527  107.6454
4563.61115419865  109.7592
4564.22890353203  107.793
4564.84665286542  121.0143
4565.4644021988  115.9948
4566.08215153218  110.7099
4566.69990086556  107.0672
4567.31765019894  108.1825
4567.93539953232  129.9592
4568.5531488657  136.5309
4569.17089819909  114.0986
4569.78864753247  141.4674
4570.40639686585  127.3702
4571.02414619923  111.6288
4571.64189553261  113.3868
4572.259644866  113.0488
4572.87739419938  138.0048
4573.49514353276  133.9322
4574.11289286614  122.6368
4574.73064219952  110.1176
4575.3483915329  99.39789
4575.96614086629  108.7498
4576.58389019967  112.9215
4577.20163953305  107.4233
4577.81938886643  125.8408
4578.43713819981  115.3869
4579.05488753319  122.0167
4579.67263686657  107.9102
4580.29038619996  128.6196
4580.90813553334  153.4036
4581.52588486672  149.204
4582.1436342001  123.591
4582.76138353348  123.7136
4583.37913286687  134.5383
4583.99688220025  101.2033
4584.61463153363  119.6166
4585.23238086701  119.9554
4585.85013020039  110.349
4586.46787953377  102.043
4587.08562886715  94.28148
4587.70337820054  128.6257
4588.32112753392  108.2463
4588.9388768673  96.82613
4589.55662620068  103.7381
4590.17437553406  102.1017
4590.79212486745  99.03056
4591.40987420083  122.6277
4592.02762353421  135.8506
4592.64537286759  115.1128
4593.26312220097  105.2663
4593.88087153435  127.3078
4594.49862086773  117.5614
4595.11637020112  129.3185
4595.7341195345  128.0363
4596.35186886788  125.6922
4596.96961820126  118.2914
4597.58736753464  104.582
4598.20511686803  112.659
4598.82286620141  122.0634
4599.44061553479  117.1831
4600.05836486817  116.8374
4600.67611420155  114.9112
4601.29386353493  125.1538
4601.91161286831  113.2116
4602.5293622017  105.4133
4603.14711153508  118.1322
4603.76486086846  114.2087
4604.38261020184  113.0572
4605.00035953522  128.0141
4605.6181088686  135.0737
4606.23585820199  102.742
4606.85360753537  93.3861
4607.47135686875  102.1452
4608.08910620213  135.6817
4608.70685553551  121.6138
4609.32460486889  107.2285
4609.94235420228  102.4619
4610.56010353566  113.0461
4611.17785286904  89.40593
4611.79560220242  124.7226
4612.4133515358  139.2469
4613.03110086918  105.3777
4613.64885020257  132.827
4614.26659953595  138.2229
4614.88434886933  117.002
4615.50209820271  108.2789
4616.11984753609  81.24422
4616.73759686947  115.9278
4617.35534620286  107.8328
4617.97309553624  116.5562
4618.59084486962  103.6214
4619.208594203  120.6086
4619.82634353638  115.5578
4620.44409286976  125.7807
4621.06184220315  117.09
4621.67959153653  102.1341
4622.29734086991  121.1513
4622.91509020329  120.8911
4623.53283953667  133.0899
4624.15058887005  129.6644
4624.76833820344  97.44597
4625.38608753682  120.0424
4626.0038368702  139.5333
4626.62158620358  117.6612
4627.23933553696  127.1299
4627.85708487034  101.3624
4628.47483420372  97.00563
4629.09258353711  130.4006
4629.71033287049  123.2559
4630.32808220387  117.3938
4630.94583153725  126.8634
4631.56358087063  122.3708
4632.18133020402  111.5512
4632.7990795374  129.0713
4633.41682887078  129.7354
4634.03457820416  120.6688
4634.65232753754  123.9464
4635.27007687092  108.6242
4635.88782620431  136.0223
4636.50557553769  112.7192
4637.12332487107  117.0826
4637.74107420445  119.476
4638.35882353783  130.3909
4638.97657287121  127.5143
4639.5943222046  120.4526
4640.21207153798  106.0853
4640.82982087136  122.0828
4641.44757020474  159.8436
4642.06531953812  118.0351
4642.6830688715  128.0445
4643.30081820489  130.725
4643.91856753827  114.8422
4644.53631687165  109.4683
4645.15406620503  140.9063
4645.77181553841  124.598
4646.38956487179  130.5068
4647.00731420517  144.4716
4647.62506353856  126.9067
4648.24281287194  106.3533
4648.86056220532  136.9045
4649.4783115387  131.7011
4650.09606087208  107.5708
4650.71381020547  136.6735
4651.33155953885  127.289
4651.94930887223  109.5799
4652.56705820561  101.6415
4653.18480753899  140.9278
4653.80255687237  127.6392
4654.42030620575  103.6572
4655.03805553914  132.4252
4655.65580487252  106.7363
4656.2735542059  127.6425
4656.89130353928  87.97426
4657.50905287266  149.9903
4658.12680220605  123.2244
4658.74455153943  131.7859
4659.36230087281  137.3452
4659.98005020619  114.5152
4660.59779953957  140.2484
4661.21554887295  153.8631
4661.83329820634  128.4602
4662.45104753972  128.9394
4663.0687968731  142.5034
4663.68654620648  108.2935
4664.30429553986  145.4202
4664.92204487324  113.2015
4665.53979420662  132.2127
4666.15754354001  129.7577
4666.77529287339  130.3395
4667.39304220677  153.4685
4668.01079154015  149.1156
4668.62854087353  135.4869
4669.24629020692  134.7296
4669.8640395403  118.9957
4670.48178887368  129.7458
4671.09953820706  129.8858
4671.71728754044  121.5823
4672.33503687382  127.5636
4672.9527862072  112.5246
4673.57053554059  97.7791
4674.18828487397  106.9442
4674.80603420735  123.4423
4675.42378354073  130.0841
4676.04153287411  134.4991
4676.65928220749  130.6803
4677.27703154088  142.6467
4677.89478087426  99.92408
4678.51253020764  127.6267
4679.13027954102  161.8717
4679.7480288744  127.1135
4680.36577820778  146.2971
4680.98352754117  121.4236
4681.60127687455  80.53202
4682.21902620793  137.2144
4682.83677554131  145.5491
4683.45452487469  122.3387
4684.07227420807  151.552
4684.69002354146  111.6019
4685.30777287484  110.955
4685.92552220822  157.5077
4686.5432715416  163.9456
4687.16102087498  134.4792
4687.77877020836  141.0259
4688.39651954175  155.2726
4689.01426887513  97.60069
4689.63201820851  111.9086
4690.24976754189  144.7152
4690.86751687527  136.313
4691.48526620865  118.5051
4692.10301554204  145.1163
4692.72076487542  139.9989
4693.3385142088  105.7732
4693.95626354218  138.2992
4694.57401287556  138.2799
4695.19176220894  132.3657
4695.80951154233  131.0479
4696.42726087571  143.8289
4697.04501020909  150.2853
4697.66275954247  140.366
4698.28050887585  122.4995
4698.89825820923  126.9942
4699.51600754262  129.9395
4700.133756876  114.6109
4700.75150620938  140.0439
4701.36925554276  152.4254
4701.98700487614  125.2175
4702.60475420952  107.2589
4703.22250354291  111.2524
4703.84025287629  121.7169
4704.45800220967  149.8328
4705.07575154305  131.0715
4705.69350087643  97.66879
4706.31125020981  119.4695
4706.9289995432  137.8167
4707.54674887658  132.3413
4708.16449820996  146.6154
4708.78224754334  132.0274
4709.39999687672  130.4178
4710.0177462101  130.8106
4710.63549554349  127.6174
4711.25324487687  120.6462
4711.87099421025  131.4098
4712.48874354363  120.0932
4713.10649287701  101.9204
4713.72424221039  138.9334
4714.34199154377  124.8434
4714.95974087716  114.6204
4715.57749021054  98.70356
4716.19523954392  131.0529
4716.8129888773  119.8408
4717.43073821068  123.8817
4718.04848754407  131.8051
4718.66623687745  102.8644
4719.28398621083  109.3163
4719.90173554421  138.6716
4720.51948487759  133.5961
4721.13723421097  98.30871
4721.75498354436  125.0429
4722.37273287774  125.0844
4722.99048221112  132.1168
4723.6082315445  124.3448
4724.22598087788  116.1162
4724.84373021126  103.1309
4725.46147954464  120.7653
4726.07922887803  143.7419
4726.69697821141  121.9567
4727.31472754479  120.8899
4727.93247687817  121.1864
4728.55022621155  94.34637
4729.16797554494  104.7627
4729.78572487832  119.1769
4730.4034742117  115.0529
4731.02122354508  141.0419
4731.63897287846  114.1335
4732.25672221184  110.0094
4732.87447154523  129.1724
4733.49222087861  158.8351
4734.10997021199  109.0956
4734.72771954537  130.8369
4735.34546887875  127.4173
4735.96321821213  106.2897
4736.58096754552  123.3477
4737.1987168789  135.1371
4737.81646621228  116.5913
4738.43421554566  107.9834
4739.05196487904  127.9356
4739.66971421242  128.5003
4740.28746354581  135.1743
4740.90521287919  136.4269
4741.52296221257  128.303
4742.14071154595  102.7363
4742.75846087933  107.3627
4743.37621021271  109.6409
4743.99395954609  94.21504
4744.61170887948  120.533
4745.22945821286  113.8609
4745.84720754624  116.646
4746.46495687962  129.4684
4747.082706213  82.20823
4747.70045554638  122.6124
4748.31820487977  132.6601
4748.93595421315  120.6111
4749.55370354653  100.0034
4750.17145287991  89.37707
4750.78920221329  139.2061
4751.40695154667  120.8545
4752.02470088006  101.8967
4752.64245021344  112.8622
4753.26019954682  96.36308
4753.8779488802  113.1467
4754.49569821358  118.526
4755.11344754696  110.4243
4755.73119688035  106.834
4756.34894621373  133.7701
4756.96669554711  114.1246
4757.58444488049  114.9103
4758.20219421387  130.6845
4758.81994354725  113.3387
4759.43769288064  80.35714
4760.05544221402  118.0497
4760.6731915474  122.3753
4761.29094088078  95.23365
4761.90869021416  118.8741
4762.52643954754  109.6399
4763.14418888093  108.7371
4763.76193821431  106.4068
4764.37968754769  139.4284
4764.99743688107  111.3124
4765.61518621445  107.5638
4766.23293554783  118.8081
4766.85068488121  102.8194
4767.4684342146  115.0563
4768.08618354798  118.9309
4768.70393288136  104.556
4769.32168221474  121.258
4769.93943154812  112.4784
4770.55718088151  127.3102
4771.17493021489  96.70594
4771.79267954827  125.2384
4772.41042888165  131.6104
4773.02817821503  105.7795
4773.64592754841  108.2297
4774.26367688179  109.0957
4774.88142621518  121.1557
4775.49917554856  101.1664
4776.11692488194  113.337
4776.73467421532  103.5726
4777.3524235487  100.0493
4777.97017288209  141.9229
4778.58792221547  134.3454
4779.20567154885  126.7668
4779.82342088223  98.84726
4780.44117021561  119.9932
4781.05891954899  119.3049
4781.67666888238  117.9565
4782.29441821576  121.8862
4782.91216754914  101.0263
4783.52991688252  112.1335
4784.1476662159  112.4078
4784.76541554928  99.07874
4785.38316488266  121.9261
4786.00091421605  115.7059
4786.61866354943  100.5946
4787.23641288281  90.37198
4787.85416221619  98.88329
4788.47191154957  105.0702
4789.08966088296  92.64372
4789.70741021634  128.3649
4790.32515954972  123.5585
4790.9429088831  96.66273
4791.56065821648  104.0624
4792.17840754986  113.325
4792.79615688325  132.133
4793.41390621663  127.1235
4794.03165555001  93.51103
4794.64940488339  119.3322
4795.26715421677  107.8359
4795.88490355015  117.9972
4796.50265288354  123.9362
4797.12040221692  131.4615
4797.7381515503  137.6871
4798.35590088368  100.3279
4798.97365021706  109.6624
4799.59139955044  131.5068
4800.20914888383  130.4795
4800.82689821721  125.0146
4801.44464755059  111.3598
4802.06239688397  116.9306
4802.68014621735  109.8877
4803.29789555073  147.2395
4803.91564488412  116.0614
4804.5333942175  100.5876
4805.15114355088  120.8208
4805.76889288426  76.579
4806.38664221764  142.2939
4807.00439155102  132.5813
4807.62214088441  130.7842
4808.23989021779  131.1306
4808.85763955117  125.1098
4809.47538888455  127.9445
4810.09313821793  137.26
4810.71088755131  124.1228
4811.32863688469  115.5419
4811.94638621808  113.6257
4812.56413555146  123.0091
4813.18188488484  147.428
4813.79963421822  132.7089
4814.4173835516  122.6737
4815.03513288499  119.2882
4815.65288221837  114.6784
4816.27063155175  112.0675
4816.88838088513  123.473
4817.50613021851  115.1344
4818.12387955189  121.1056
4818.74162888528  125.885
4819.35937821866  107.8942
4819.97712755204  121.7409
4820.59487688542  110.9874
4821.2126262188  97.82908
4821.83037555218  94.58128
4822.44812488556  130.3687
4823.06587421895  133.1662
4823.68362355233  134.6336
4824.30137288571  133.9738
4824.91912221909  148.5761
4825.53687155247  123.8244
4826.15462088585  135.6825
4826.77237021924  163.4575
4827.39011955262  150.9526
4828.007868886  139.0775
4828.62561821938  159.998
4829.24336755276  164.7886
4829.86111688614  142.7466
4830.47886621953  144.7963
4831.09661555291  142.0911
4831.71436488629  156.3844
4832.33211421967  144.3858
4832.94986355305  145.936
4833.56761288643  133.1345
4834.18536221982  166.3597
4834.8031115532  153.9827
4835.42086088658  152.2636
4836.03861021996  173.5419
4836.65635955334  209.1037
4837.27410888673  187.7722
4837.89185822011  191.3219
4838.50960755349  189.4514
4839.12735688687  201.3883
4839.74510622025  211.6267
4840.36285555363  181.483
4840.98060488702  210.0153
4841.5983542204  212.682
4842.21610355378  211.9923
4842.83385288716  217.8986
4843.45160222054  217.3245
4844.06935155392  259.1059
4844.6871008873  231.5888
4845.30485022069  268.3874
4845.92259955407  270.4208
4846.54034888745  257.8997
4847.15809822083  294.133
4847.77584755421  304.8849
4848.3935968876  298.1638
4849.01134622098  318.4825
4849.62909555436  330.0028
4850.24684488774  333.5606
4850.86459422112  309.2776
4851.4823435545  329.5206
4852.10009288788  321.4066
4852.71784222127  350.3997
4853.33559155465  308.9508
4853.95334088803  332.9939
4854.57109022141  312.6159
4855.18883955479  310.7234
4855.80658888818  312.0723
4856.42433822156  260.1297
4857.04208755494  272.1118
4857.65983688832  247.2064
4858.2775862217  254.0276
4858.89533555508  211.3088
4859.51308488846  169.7606
4860.13083422185  214.5132
4860.74858355523  223.329
4861.36633288861  219.944
4861.98408222199  218.3984
4862.60183155537  268.6714
4863.21958088875  285.9806
4863.83733022214  275.8031
4864.45507955552  270.7959
4865.0728288889  301.7122
4865.69057822228  292.6073
4866.30832755566  292.1141
4866.92607688905  278.3542
4867.54382622243  277.0406
4868.16157555581  335.5162
4868.77932488919  338.0041
4869.39707422257  291.2226
4870.01482355595  315.4905
4870.63257288933  332.8587
4871.25032222272  340.1697
4871.8680715561  327.6598
4872.48582088948  293.9144
4873.10357022286  299.7574
4873.72131955624  299.2657
4874.33906888962  270.126
4874.95681822301  280.9374
4875.57456755639  259.0459
4876.19231688977  245.5688
4876.81006622315  244.8183
4877.42781555653  232.761
4878.04556488991  238.0322
4878.6633142233  213.8983
4879.28106355668  207.9774
4879.89881289006  231.4868
4880.51656222344  228.4158
4881.13431155682  201.3131
4881.7520608902  204.9644
4882.36981022359  219.5123
4882.98755955697  185.1945
4883.60530889035  195.0893
4884.22305822373  182.8904
4884.84080755711  177.5644
4885.45855689049  172.9817
4886.07630622388  183.401
4886.69405555726  180.2245
4887.31180489064  164.3646
4887.92955422402  194.3994
4888.5473035574  174.2893
4889.16505289078  158.6467
4889.78280222417  162.4862
4890.40055155755  161.5806
4891.01830089093  141.1305
4891.63605022431  145.9415
4892.25379955769  146.7461
4892.87154889107  127.9577
4893.48929822446  117.7632
4894.10704755784  151.4208
4894.72479689122  148.5624
4895.3425462246  143.0735
4895.96029555798  151.8624
4896.57804489136  154.7709
4897.19579422475  161.8353
4897.81354355813  154.4488
4898.43129289151  143.8702
4899.04904222489  157.4378
4899.66679155827  158.3708
4900.28454089165  147.6188
4900.90229022504  143.1438
4901.52003955842  140.05
4902.1377888918  158.8722
4902.75553822518  145.4435
4903.37328755856  163.9215
4903.99103689194  152.7
4904.60878622532  139.4107
4905.22653555871  146.8201
4905.84428489209  113.7199
4906.46203422547  149.8992
4907.07978355885  130.901
4907.69753289223  146.1358
4908.31528222562  135.378
4908.933031559  131.5663
4909.55078089238  125.095
4910.16853022576  153.4074
4910.78627955914  156.8584
4911.40402889252  151.6028
4912.0217782259  149.1779
4912.63952755929  133.1282
4913.25727689267  115.679
4913.87502622605  134.7505
4914.49277555943  132.2163
4915.11052489281  140.7843
4915.7282742262  133.5539
4916.34602355958  148.0521
4916.96377289296  140.9843
4917.58152222634  114.8315
4918.19927155972  108.9
4918.8170208931  136.1326
4919.43477022649  75.48463
4920.05251955987  118.6855
4920.67026889325  124.0615
4921.28801822663  125.2367
4921.90576756001  131.5085
4922.52351689339  97.66622
4923.14126622677  130.0972
4923.75901556016  139.8566
4924.37676489354  114.9585
4924.99451422692  105.09
4925.6122635603  139.4538
4926.23001289368  130.5638
4926.84776222707  164.3565
4927.46551156045  101.7431
4928.08326089383  131.66
4928.70101022721  132.4815
4929.31875956059  137.4572
4929.93650889397  124.8001
4930.55425822736  122.0182
4931.17200756074  128.9578
4931.78975689412  131.2982
4932.4075062275  136.8493
4933.02525556088  142.3415
4933.64300489426  142.2191
4934.26075422765  150.0174
4934.87850356103  141.5825
4935.49625289441  112.0819
4936.11400222779  134.515
4936.73175156117  107.6919
4937.34950089455  157.3916
4937.96725022794  154.1463
4938.58499956132  105.2872
4939.2027488947  102.4709
4939.82049822808  120.8694
4940.43824756146  146.312
4941.05599689484  119.5912
4941.67374622822  95.5319
4942.29149556161  115.8181
4942.90924489499  128.2886
4943.52699422837  118.1067
4944.14474356175  118.6418
4944.76249289513  123.2903
4945.38024222852  130.7695
4945.9979915619  131.1685
4946.61574089528  141.2007
4947.23349022866  119.8015
4947.85123956204  110.9142
4948.46898889542  127.0076
4949.0867382288  114.9984
4949.70448756219  132.6953
4950.32223689557  127.0829
4950.93998622895  111.9156
4951.55773556233  129.4792
4952.17548489571  126.4935
4952.79323422909  118.8296
4953.41098356248  119.9177
4954.02873289586  113.015
4954.64648222924  116.5686
4955.26423156262  126.6369
4955.881980896  113.6315
4956.49973022938  85.5535
4957.11747956277  97.4203
4957.73522889615  118.7305
4958.35297822953  86.71951
4958.97072756291  109.2665
4959.58847689629  118.7789
4960.20622622967  118.422
4960.82397556306  115.4176
4961.44172489644  102.2248
4962.05947422982  99.11682
4962.6772235632  89.27335
4963.29497289658  130.9278
4963.91272222996  116.3368
4964.53047156335  101.0157
4965.14822089673  119.3173
4965.76597023011  110.9885
4966.38371956349  128.1886
4967.00146889687  119.4992
4967.61921823025  100.0672
4968.23696756364  128.0971
4968.85471689702  99.50578
4969.4724662304  125.9666
4970.09021556378  116.8235
4970.70796489716  96.87791
4971.32571423054  115.9979
4971.94346356392  129.9736
4972.56121289731  130.8074
4973.17896223069  123.9687
4973.79671156407  123.1257
4974.41446089745  101.3545
4975.03221023083  128.704
4975.64995956422  96.62277
4976.2677088976  110.7269
4976.88545823098  100.8821
4977.50320756436  115.0017
4978.12095689774  93.87758
4978.73870623112  110.0275
4979.35645556451  135.3203
4979.97420489789  124.6549
4980.59195423127  129.4592
4981.20970356465  120.4035
4981.82745289803  118.1079
4982.44520223141  119.7919
4983.06295156479  105.9101
4983.68070089818  111.5692
4984.29845023156  103.5693
4984.91619956494  117.1392
4985.53394889832  114.0215
4986.1516982317  136.6311
4986.76944756509  125.8614
4987.38719689847  131.123
4988.00494623185  107.9097
4988.62269556523  123.6746
4989.24044489861  148.5892
4989.85819423199  113.2861
4990.47594356538  125.5122
4991.09369289876  154.3891
4991.71144223214  125.7793
4992.32919156552  134.8775
4992.9469408989  135.1492
4993.56469023228  151.2139
4994.18243956566  122.0178
4994.80018889905  114.6709
4995.41793823243  134.3392
4996.03568756581  138.9541
4996.65343689919  113.7763
4997.27118623257  123.2925
4997.88893556596  131.1863
4998.50668489934  124.7264
4999.12443423272  135.5413
4999.7421835661  144.7924
5000.35993289948  139.3045
5000.97768223286  131.1324
5001.59543156625  150.3571
5002.21318089963  155.3436
5002.83093023301  125.3126
5003.44867956639  134.937
5004.06642889977  150.0375
5004.68417823315  133.8149
5005.30192756654  149.3175
5005.91967689992  122.1914
5006.5374262333  130.5864
5007.15517556668  140.4899
5007.77292490006  138.6974
5008.39067423344  132.962
5009.00842356682  136.0015
5009.62617290021  135.1938
5010.24392223359  130.6555
5010.86167156697  146.2643
5011.47942090035  143.1108
5012.09717023373  130.3098
5012.71491956712  114.6338
5013.3326689005  108.662
5013.95041823388  113.3489
5014.56816756726  121.2655
5015.18591690064  127.6346
5015.80366623402  109.104
5016.42141556741  112.9171
5017.03916490079  126.3259
5017.65691423417  108.6494
5018.27466356755  142.656
5018.89241290093  154.4383
5019.51016223431  162.3633
5020.12791156769  154.0803
5020.74566090108  140.6884
5021.36341023446  136.5896
5021.98115956784  131.2639
5022.59890890122  126.2718
5023.2166582346  141.3642
5023.83440756798  133.5131
5024.45215690137  131.1343
5025.06990623475  160.7121
5025.68765556813  148.1615
5026.30540490151  139.9454
5026.92315423489  132.8623
5027.54090356828  180.6783
5028.15865290166  153.5773
5028.77640223504  147.7174
5029.39415156842  155.9828
5030.0119009018  133.8969
5030.62965023518  120.8839
5031.24739956856  143.1741
5031.86514890195  149.3346
5032.48289823533  139.3436
5033.10064756871  140.5846
5033.71839690209  127.7269
5034.33614623547  143.7486
5034.95389556885  149.271
5035.57164490224  153.0689
5036.18939423562  135.1651
5036.807143569  132.4332
5037.42489290238  127.1779
5038.04264223576  146.365
5038.66039156914  153.3111
5039.27814090253  119.0147
5039.89589023591  123.791
5040.51363956929  131.1764
5041.13138890267  141.7876
5041.74913823605  127.87
5042.36688756943  126.5031
5042.98463690282  158.2399
5043.6023862362  131.2825
5044.22013556958  124.9995
5044.83788490296  129.5011
5045.45563423634  110.3118
5046.07338356973  164.6252
5046.69113290311  148.6896
5047.30888223649  121.5353
5047.92663156987  126.4073
5048.54438090325  128.0189
5049.16213023663  125.5741
5049.77987957001  110.3632
5050.3976289034  130.9295
5051.01537823678  137.8317
5051.63312757016  133.6201
5052.25087690354  121.3987
5052.86862623692  139.3734
5053.4863755703  121.5933
5054.10412490369  118.228
5054.72187423707  131.8877
5055.33962357045  122.9118
5055.95737290383  103.3549
5056.57512223721  169.968
5057.19287157059  143.3552
5057.81062090398  103.4956
5058.42837023736  144.8567
5059.04611957074  113.0451
5059.66386890412  120.4372
5060.2816182375  126.9142
5060.89936757088  127.0987
5061.51711690427  128.8024
5062.13486623765  141.5926
5062.75261557103  139.8847
5063.37036490441  127.2215
5063.98811423779  144.9081
5064.60586357117  152.4861
5065.22361290456  105.678
5065.84136223794  119.1497
5066.45911157132  109.3036
5067.0768609047  131.6512
5067.69461023808  112.356
5068.31235957146  137.8129
5068.93010890485  131.2587
5069.54785823823  138.6491
5070.16560757161  116.237
5070.78335690499  129.2772
5071.40110623837  94.37586
5072.01885557175  122.0594
5072.63660490514  157.6441
5073.25435423852  141.0142
5073.8721035719  123.1952
5074.48985290528  128.5106
5075.10760223866  129.2559
5075.72535157204  135.7675
5076.34310090543  160.6194
5076.96085023881  125.9676
5077.57859957219  106.5646
5078.19634890557  129.2482
5078.81409823895  123.8447
5079.43184757233  125.458
5080.04959690572  150.2921
5080.6673462391  133.343
5081.28509557248  134.6886
5081.90284490586  106.8643
5082.52059423924  126.0933
5083.13834357262  121.9335
5083.75609290601  121.3841
5084.37384223939  117.7475
5084.99159157277  127.8218
5085.60934090615  111.6761
5086.22709023953  139.9906
5086.84483957291  144.8725
5087.4625889063  146.3755
5088.08033823968  127.8076
5088.69808757306  138.6798
5089.31583690644  127.9929
5089.93358623982  136.7523
5090.5513355732  104.9151
5091.16908490658  118.2644
5091.78683423997  106.0671
5092.40458357335  144.6719
5093.02233290673  141.3372
5093.64008224011  141.1097
5094.25783157349  122.1753
5094.87558090687  121.2302
5095.49333024026  131.9177
5096.11107957364  129.9964
5096.72882890702  108.5673
5097.3465782404  117.4754
5097.96432757378  135.2424
5098.58207690716  137.9398
5099.19982624055  156.1865
5099.81757557393  156.4553
5100.43532490731  140.3988
5101.05307424069  112.6393
5101.67082357407  129.4491
5102.28857290745  99.47768
5102.90632224084  109.1645
5103.52407157422  124.6136
5104.1418209076  133.1903
5104.75957024098  138.0538
5105.37731957436  130.7096
5105.99506890774  151.9165
5106.61281824113  140.5595
5107.23056757451  118.9571
5107.84831690789  117.0317
5108.46606624127  146.0722
5109.08381557465  150.7805
5109.70156490803  106.1101
5110.31931424142  122.0185
5110.9370635748  138.9225
5111.55481290818  111.8565
5112.17256224156  146.4005
5112.79031157494  130.0568
5113.40806090832  131.9724
5114.02581024171  155.0363
5114.64355957509  141.0083
5115.26130890847  112.7743
5115.87905824185  137.9674
5116.49680757523  118.0947
5117.11455690861  134.7437
5117.732306242  150.25
5118.35005557538  125.566
5118.96780490876  134.7249
5119.58555424214  156.8334
5120.20330357552  147.1073
5120.8210529089  113.405
5121.43880224229  112.6688
5122.05655157567  149.9339
5122.67430090905  117.0832
5123.29205024243  149.0307
5123.90979957581  127.3522
5124.52754890919  118.6916
5125.14529824258  112.8644
5125.76304757596  109.2046
5126.38079690934  135.1346
5126.99854624272  127.7346
5127.6162955761  108.2676
5128.23404490949  143.0299
5128.85179424287  108.9707
5129.46954357625  138.7593
5130.08729290963  151.0733
5130.70504224301  150.3822
5131.32279157639  111.1678
5131.94054090977  117.8007
5132.55829024316  125.0292
5133.17603957654  102.2016
5133.79378890992  118.9092
5134.4115382433  117.6178
5135.02928757668  166.6096
5135.64703691006  146.5433
5136.26478624345  120.4467
5136.88253557683  133.4582
5137.50028491021  122.1116
5138.11803424359  124.8026
5138.73578357697  136.76
5139.35353291035  83.33213
5139.97128224373  133.5435
5140.58903157712  117.5166
5141.2067809105  118.395
5141.82453024388  111.309
5142.44227957726  139.6624
5143.06002891064  114.8478
5143.67777824403  125.1005
5144.29552757741  122.9444
5144.91327691079  128.9048
5145.53102624417  130.3023
5146.14877557755  130.4252
5146.76652491093  128.2959
5147.38427424432  113.0091
5148.0020235777  118.031
5148.61977291108  116.3075
5149.23752224446  87.5857
5149.85527157784  130.243
5150.47302091122  79.11513
5151.09077024461  121.7226
5151.70851957799  138.1887
