3889.59619140625  46.09813
3890.21441227198  47.89115
3890.83263313771  39.91577
3891.45085400343  40.53039
3892.06907486916  45.8314
3892.68729573489  43.33353
3893.30551660061  76.50319
3893.92373746634  56.37382
3894.54195833207  48.10872
3895.16017919779  54.36486
3895.77840006352  62.16651
3896.39662092925  58.90923
3897.01484179497  53.37636
3897.6330626607  59.91468
3898.25128352643  61.63596
3898.86950439215  62.00223
3899.48772525788  66.69312
3900.1059461236  72.20357
3900.72416698933  72.62274
3901.34238785506  72.27679
3901.96060872078  54.83046
3902.57882958651  49.509
3903.19705045224  69.50208
3903.81527131796  61.23312
3904.43349218369  61.59226
3905.05171304942  60.4751
3905.66993391514  61.02937
3906.28815478087  67.31403
3906.90637564659  49.7127
3907.52459651232  55.19385
3908.14281737805  37.64888
3908.76103824377  74.41519
3909.3792591095  54.4553
3909.99747997523  57.15154
3910.61570084095  57.29152
3911.23392170668  42.60954
3911.85214257241  47.32147
3912.47036343813  50.96944
3913.08858430386  68.88179
3913.70680516959  73.66735
3914.32502603531  48.40395
3914.94324690104  41.55246
3915.56146776677  66.98898
3916.17968863249  56.47097
3916.79790949822  59.53803
3917.41613036395  54.12608
3918.03435122967  61.60031
3918.6525720954  70.51947
3919.27079296112  42.32537
3919.88901382685  47.26336
3920.50723469258  80.7319
3921.1254555583  58.75951
3921.74367642403  66.62799
3922.36189728976  40.81725
3922.98011815548  47.90985
3923.59833902121  55.17173
3924.21655988694  72.17297
3924.83478075266  67.00201
3925.45300161839  61.17469
3926.07122248412  77.5667
3926.68944334984  76.88243
3927.30766421557  58.16742
3927.92588508129  59.57996
3928.54410594702  58.69978
3929.16232681275  57.02365
3929.78054767847  67.46223
3930.3987685442  80.33678
3931.01698940993  77.48247
3931.63521027565  38.59949
3932.25343114138  81.28185
3932.87165200711  69.44391
3933.48987287283  62.56779
3934.10809373856  63.66163
3934.72631460429  65.53445
3935.34453547001  75.39099
3935.96275633574  64.31903
3936.58097720147  49.98994
3937.19919806719  70.49684
3937.81741893292  58.73642
3938.43563979865  53.75732
3939.05386066437  76.86395
3939.6720815301  77.86719
3940.29030239582  72.08323
3940.90852326155  65.97031
3941.52674412728  79.23619
3942.144964993  78.68401
3942.76318585873  56.34852
3943.38140672446  81.79242
3943.99962759018  83.85635
3944.61784845591  75.91068
3945.23606932164  101.1338
3945.85429018736  85.10529
3946.47251105309  91.34924
3947.09073191882  77.85217
3947.70895278454  77.25314
3948.32717365027  86.80647
3948.945394516  75.71786
3949.56361538172  81.04279
3950.18183624745  84.31816
3950.80005711317  110.5271
3951.4182779789  86.34729
3952.03649884463  94.72865
3952.65471971035  97.25169
3953.27294057608  88.84346
3953.89116144181  93.49583
3954.50938230753  91.96189
3955.12760317326  100.1536
3955.74582403899  94.11589
3956.36404490471  101.0323
3956.98226577044  99.72935
3957.60048663617  103.0775
3958.21870750189  97.08032
3958.83692836762  105.0246
3959.45514923335  110.9079
3960.07337009907  121.501
3960.6915909648  117.1169
3961.30981183052  106.5838
3961.92803269625  113.2044
3962.54625356198  123.0755
3963.1644744277  109.8091
3963.78269529343  122.6788
3964.40091615916  130.1627
3965.01913702488  101.6523
3965.63735789061  95.78025
3966.25557875634  120.2223
3966.87379962206  113.2204
3967.49202048779  93.27686
3968.11024135352  100.9661
3968.72846221924  90.2537
3969.34668308497  83.62061
3969.9649039507  72.59471
3970.58312481642  73.69827
3971.20134568215  80.13451
3971.81956654787  77.11522
3972.4377874136  85.72746
3973.05600827933  92.39942
3973.67422914505  101.8094
3974.29245001078  114.3444
3974.91067087651  129.7503
3975.52889174223  122.9767
3976.14711260796  106.1621
3976.76533347369  106.0605
3977.38355433941  119.8047
3978.00177520514  126.419
3978.61999607087  113.6434
3979.23821693659  111.2133
3979.85643780232  102.8446
3980.47465866804  97.54306
3981.09287953377  107.559
3981.7111003995  113.52
3982.32932126522  121.0234
3982.94754213095  87.66151
3983.56576299668  98.6227
3984.1839838624  105.4966
3984.80220472813  83.5413
3985.42042559386  113.2184
3986.03864645958  99.43266
3986.65686732531  97.38276
3987.27508819104  113.5863
3987.89330905676  89.46546
3988.51152992249  92.92747
3989.12975078822  95.47291
3989.74797165394  107.1886
3990.36619251967  90.58474
3990.9844133854  66.73689
3991.60263425112  91.21136
3992.22085511685  103.5284
3992.83907598257  92.40168
3993.4572968483  86.64697
3994.07551771403  73.72639
3994.69373857975  79.04732
3995.31195944548  92.5277
3995.93018031121  81.29134
3996.54840117693  70.9612
3997.16662204266  67.49982
3997.78484290839  55.60881
3998.40306377411  77.78239
3999.02128463984  79.66455
3999.63950550557  61.74679
4000.25772637129  77.863
4000.87594723702  61.49367
4001.49416810274  66.49087
4002.11238896847  69.84781
4002.7306098342  66.64268
4003.34883069993  64.26858
4003.96705156565  63.60057
4004.58527243138  70.64167
4005.2034932971  65.5249
4005.82171416283  79.3258
4006.43993502856  92.15198
4007.05815589428  71.15536
4007.67637676001  74.99938
4008.29459762574  95.20907
4008.91281849146  76.07766
4009.53103935719  55.69957
4010.14926022292  69.43787
4010.76748108864  67.79649
4011.38570195437  62.39758
4012.0039228201  61.98623
4012.62214368582  90.78551
4013.24036455155  87.92471
4013.85858541727  76.68639
4014.476806283  79.50864
4015.09502714873  51.5025
4015.71324801446  71.89092
4016.33146888018  67.78649
4016.94968974591  74.85317
4017.56791061163  92.279
4018.18613147736  81.46603
4018.80435234309  88.31575
4019.42257320881  90.86729
4020.04079407454  49.25201
4020.65901494027  53.29658
4021.27723580599  80.35117
4021.89545667172  81.63352
4022.51367753745  70.17996
4023.13189840317  64.89563
4023.7501192689  74.46098
4024.36834013463  59.92566
4024.98656100035  67.6901
4025.60478186608  62.76437
4026.2230027318  64.68118
4026.84122359753  72.41993
4027.45944446326  83.54224
4028.07766532898  74.46481
4028.69588619471  75.50082
4029.31410706044  83.30402
4029.93232792616  81.37569
4030.55054879189  72.14765
4031.16876965762  90.3864
4031.78699052334  95.09568
4032.40521138907  82.49049
4033.02343225479  77.63221
4033.64165312052  66.63597
4034.25987398625  81.98917
4034.87809485198  76.33434
4035.4963157177  66.81788
4036.11453658343  62.9461
4036.73275744916  83.57468
4037.35097831488  75.87136
4037.96919918061  78.36777
4038.58742004633  78.68287
4039.20564091206  74.40371
4039.82386177779  85.62833
4040.44208264351  98.5504
4041.06030350924  59.27339
4041.67852437497  76.39021
4042.29674524069  84.2918
4042.91496610642  68.19111
4043.53318697215  65.38249
4044.15140783787  80.26193
4044.7696287036  78.59637
4045.38784956933  78.18504
4046.00607043505  97.28083
4046.62429130078  87.73422
4047.2425121665  70.35915
4047.86073303223  71.73646
4048.47895389796  84.9097
4049.09717476368  82.25478
4049.71539562941  82.7298
4050.33361649514  81.22971
4050.95183736086  64.89012
4051.57005822659  79.5985
4052.18827909232  77.32921
4052.80649995804  83.96617
4053.42472082377  106.6885
4054.0429416895  99.55182
4054.66116255522  81.8018
4055.27938342095  77.10689
4055.89760428668  84.71413
4056.5158251524  65.13231
4057.13404601813  72.78127
4057.75226688385  91.24332
4058.37048774958  82.89534
4058.98870861531  81.44629
4059.60692948103  84.45328
4060.22515034676  90.28671
4060.84337121249  82.96915
4061.46159207821  71.3178
4062.07981294394  84.16191
4062.69803380967  78.44097
4063.31625467539  85.14702
4063.93447554112  91.90696
4064.55269640685  71.86536
4065.17091727257  86.15314
4065.7891381383  95.59491
4066.40735900403  78.58776
4067.02557986975  88.74313
4067.64380073548  77.38086
4068.26202160121  72.19253
4068.88024246693  75.28835
4069.49846333266  86.43389
4070.11668419838  85.4356
4070.73490506411  67.03873
4071.35312592984  90.44221
4071.97134679556  97.75665
4072.58956766129  80.81946
4073.20778852702  85.65488
4073.82600939274  92.11067
4074.44423025847  92.09679
4075.0624511242  77.75496
4075.68067198992  85.32011
4076.29889285565  98.59155
4076.91711372138  110.5744
4077.5353345871  85.48388
4078.15355545283  81.20543
4078.77177631856  91.88613
4079.38999718428  130.5091
4080.00821805001  100.0041
4080.62643891573  138.4112
4081.24465978146  119.6905
4081.86288064719  125.5327
4082.48110151291  110.3449
4083.09932237864  117.3461
4083.71754324437  128.0764
4084.33576411009  128.4716
4084.95398497582  115.0298
4085.57220584155  118.6359
4086.19042670727  113.5035
4086.808647573  120.1932
4087.42686843872  146.4573
4088.04508930445  142.3584
4088.66331017018  137.9953
4089.28153103591  139.7199
4089.89975190163  155.2147
4090.51797276736  158.9755
4091.13619363308  178.7554
4091.75441449881  143.3646
4092.37263536454  165.9126
4092.99085623026  159.0911
4093.60907709599  169.5547
4094.22729796172  152.9973
4094.84551882744  183.7514
4095.46373969317  144.9606
4096.0819605589  154.625
4096.70018142462  168.9067
4097.31840229035  152.8472
4097.93662315608  136.0813
4098.5548440218  134.4649
4099.17306488753  136.4984
4099.79128575325  122.876
4100.40950661898  109.408
4101.02772748471  102.183
4101.64594835043  113.9185
4102.26416921616  116.6138
4102.88239008189  92.97324
4103.50061094761  103.5886
4104.11883181334  112.6656
4104.73705267907  120.2214
4105.35527354479  137.4281
4105.97349441052  139.5467
4106.59171527625  138.6176
4107.20993614197  143.9613
4107.8281570077  166.8943
4108.44637787343  161.8758
4109.06459873915  152.3393
4109.68281960488  161.852
4110.3010404706  155.2572
4110.91926133633  164.9355
4111.53748220206  148.5129
4112.15570306778  152.501
4112.77392393351  176.2289
4113.39214479924  172.1293
4114.01036566496  167.2703
4114.62858653069  170.6988
4115.24680739642  171.81
4115.86502826214  152.3099
4116.48324912787  130.8819
4117.1014699936  127.329
4117.71969085932  148.7222
4118.33791172505  147.2369
4118.95613259077  152.9721
4119.5743534565  162.6376
4120.19257432223  145.9792
4120.81079518796  148.2503
4121.42901605368  120.5829
4122.04723691941  123.1936
4122.66545778513  92.89209
4123.28367865086  106.4969
4123.90189951659  119.8725
4124.52012038231  109.0749
4125.13834124804  114.0295
4125.75656211377  101.6496
4126.37478297949  104.2795
4126.99300384522  114.5114
4127.61122471095  108.8426
4128.22944557667  104.3917
4128.8476664424  79.63929
4129.46588730813  98.02427
4130.08410817385  134.0652
4130.70232903958  95.6536
4131.32054990531  69.69813
4131.93877077103  83.60678
4132.55699163676  79.72288
4133.17521250248  95.04787
4133.79343336821  112.8896
4134.41165423394  90.92854
4135.02987509966  92.04411
4135.64809596539  87.37405
4136.26631683112  81.13062
4136.88453769684  84.76579
4137.50275856257  79.83452
4138.1209794283  68.82889
4138.73920029402  103.1126
4139.35742115975  89.22044
4139.97564202548  85.20833
4140.5938628912  91.65184
4141.21208375693  82.04188
4141.83030462265  86.93367
4142.44852548838  82.05448
4143.06674635411  69.99906
4143.68496721983  83.59621
4144.30318808556  88.50272
4144.92140895129  90.90738
4145.53962981701  82.36748
4146.15785068274  92.29912
4146.77607154847  85.4662
4147.39429241419  94.08058
4148.01251327992  65.94761
4148.63073414565  93.94732
4149.24895501137  77.99862
4149.8671758771  69.45261
4150.48539674283  76.94906
4151.10361760855  66.18792
4151.72183847428  53.50428
4152.34005934  62.98537
4152.95828020573  71.6967
4153.57650107146  91.639
4154.19472193718  92.42973
4154.81294280291  101.3874
4155.43116366864  76.26885
4156.04938453436  71.31535
4156.66760540009  85.6431
4157.28582626582  59.66795
4157.90404713154  54.89104
4158.52226799727  61.72392
4159.140488863  68.8524
4159.75870972872  77.20917
4160.37693059445  74.33307
4160.99515146018  67.36455
4161.6133723259  81.21323
4162.23159319163  74.46795
4162.84981405735  78.32981
4163.46803492308  74.9589
4164.08625578881  73.85992
4164.70447665453  70.55568
4165.32269752026  68.92681
4165.94091838599  74.09811
4166.55913925171  102.8569
4167.17736011744  74.15485
4167.79558098317  72.82858
4168.41380184889  74.46066
4169.03202271462  82.22305
4169.65024358035  79.92294
4170.26846444607  68.34425
4170.8866853118  71.02599
4171.50490617753  77.32258
4172.12312704325  92.85624
4172.74134790898  93.73013
4173.3595687747  93.77451
4173.97778964043  80.78156
4174.59601050616  91.12846
4175.21423137188  87.97993
4175.83245223761  75.54702
4176.45067310334  61.89411
4177.06889396906  97.43518
4177.68711483479  74.68662
4178.30533570052  84.22429
4178.92355656624  61.51421
4179.54177743197  58.46764
4180.1599982977  75.60246
4180.77821916342  70.30384
4181.39644002915  63.77103
4182.01466089488  60.49499
4182.6328817606  72.89805
4183.25110262633  94.21584
4183.86932349205  75.05428
4184.48754435778  84.52301
4185.10576522351  93.91946
4185.72398608923  79.96439
4186.34220695496  81.37751
4186.96042782069  85.08274
4187.57864868641  74.99892
4188.19686955214  61.31767
4188.81509041787  74.546
4189.43331128359  86.17287
4190.05153214932  60.38703
4190.66975301505  64.67351
4191.28797388077  65.77209
4191.9061947465  78.17538
4192.52441561223  68.85516
4193.14263647795  68.42459
4193.76085734368  85.83206
4194.37907820941  101.2353
4194.99729907513  68.26102
4195.61551994086  88.65685
4196.23374080658  92.58651
4196.85196167231  69.95155
4197.47018253804  92.97878
4198.08840340376  80.92859
4198.70662426949  67.12408
4199.32484513522  85.29182
4199.94306600094  72.92992
4200.56128686667  70.43923
4201.1795077324  61.61414
4201.79772859812  57.32369
4202.41594946385  65.09367
4203.03417032957  56.36639
4203.6523911953  73.6213
4204.27061206103  85.30565
4204.88883292675  87.12268
4205.50705379248  72.00324
4206.12527465821  87.19393
4206.74349552393  79.75129
4207.36171638966  78.27013
4207.97993725539  78.45219
4208.59815812111  75.52661
4209.21637898684  85.39005
4209.83459985257  79.15448
4210.45282071829  55.6366
4211.07104158402  91.20589
4211.68926244975  85.85647
4212.30748331547  56.3089
4212.9257041812  57.53822
4213.54392504693  80.32584
4214.16214591265  85.1452
4214.78036677838  69.84613
4215.3985876441  76.11819
4216.01680850983  89.0788
4216.63502937556  81.47893
4217.25325024128  65.25037
4217.87147110701  79.32289
4218.48969197274  60.84485
4219.10791283846  75.27036
4219.72613370419  96.79163
4220.34435456992  74.82204
4220.96257543564  75.51474
4221.58079630137  65.74043
4222.1990171671  67.63632
4222.81723803282  105.7018
4223.43545889855  78.6206
4224.05367976428  85.48924
4224.67190063  92.81161
4225.29012149573  77.5946
4225.90834236146  97.31725
4226.52656322718  105.8399
4227.14478409291  97.5956
4227.76300495863  74.70512
4228.38122582436  74.27736
4228.99944669009  80.37055
4229.61766755581  84.69779
4230.23588842154  83.41246
4230.85410928727  69.60473
4231.47233015299  80.80367
4232.09055101872  70.66043
4232.70877188445  74.21796
4233.32699275017  96.47539
4233.9452136159  97.42593
4234.56343448162  74.89929
4235.18165534735  94.21609
4235.79987621308  97.55289
4236.41809707881  70.69487
4237.03631794453  89.67379
4237.65453881026  77.51205
4238.27275967598  78.12852
4238.89098054171  70.37148
4239.50920140744  90.42059
4240.12742227316  85.74104
4240.74564313889  71.97976
4241.36386400462  65.27809
4241.98208487034  76.62868
4242.60030573607  77.23742
4243.2185266018  74.72296
4243.83674746752  73.8039
4244.45496833325  84.09113
4245.07318919897  76.14662
4245.6914100647  88.3996
4246.30963093043  96.26438
4246.92785179616  86.9993
4247.54607266188  90.60474
4248.16429352761  68.17893
4248.78251439333  91.7235
4249.40073525906  88.08488
4250.01895612479  88.29498
4250.63717699051  102.9158
4251.25539785624  96.14954
4251.87361872197  65.35658
4252.49183958769  68.37051
4253.11006045342  92.76743
4253.72828131915  84.82359
4254.34650218487  67.56689
4254.9647230506  77.49907
4255.58294391633  67.82051
4256.20116478205  81.82727
4256.81938564778  93.10287
4257.4376065135  85.39116
4258.05582737923  68.84733
4258.67404824496  56.047
4259.29226911068  66.96593
4259.91048997641  69.80981
4260.52871084214  83.44568
4261.14693170786  58.69052
4261.76515257359  84.25854
4262.38337343932  93.19617
4263.00159430504  79.00032
4263.61981517077  87.90187
4264.2380360365  60.86129
4264.85625690222  74.55196
4265.47447776795  69.28415
4266.09269863368  109.1794
4266.7109194994  91.07228
4267.32914036513  74.42432
4267.94736123085  96.9465
4268.56558209658  90.30968
4269.18380296231  98.57928
4269.80202382803  78.65115
4270.42024469376  77.26321
4271.03846555949  67.91691
4271.65668642521  70.61822
4272.27490729094  63.08871
4272.89312815667  82.90939
4273.51134902239  86.49585
4274.12956988812  75.00941
4274.74779075385  75.21204
4275.36601161957  80.60683
4275.9842324853  85.1862
4276.60245335103  99.96376
4277.22067421675  86.00469
4277.83889508248  89.38189
4278.45711594821  83.96486
4279.07533681393  73.94451
4279.69355767966  85.10939
4280.31177854538  76.77127
4280.92999941111  75.08447
4281.54822027684  77.74546
4282.16644114256  80.40646
4282.78466200829  83.06745
4283.40288287402  56.60231
4284.02110373974  85.51776
4284.63932460547  71.56841
4285.2575454712  75.61165
4285.87576633692  74.89912
4286.49398720265  93.81647
4287.11220806838  77.30779
4287.7304289341  79.37095
4288.34864979983  86.05532
4288.96687066555  88.93394
4289.58509153128  81.74575
4290.20331239701  81.55417
4290.82153326273  83.43108
4291.43975412846  68.32119
4292.05797499419  63.99683
4292.67619585991  95.59151
4293.29441672564  96.645
4293.91263759137  80.24982
4294.53085845709  84.41251
4295.14907932282  90.99978
4295.76730018855  75.55029
4296.38552105427  89.52084
4297.00374192  90.99078
4297.62196278573  65.59498
4298.24018365145  79.4413
4298.85840451718  94.46413
4299.47662538291  73.55674
4300.09484624863  81.69766
4300.71306711436  74.31023
4301.33128798008  93.56177
4301.94950884581  83.72682
4302.56772971154  92.21776
4303.18595057726  104.6723
4303.80417144299  80.60143
4304.42239230872  72.84258
4305.04061317444  59.82236
4305.65883404017  83.07915
4306.2770549059  97.16801
4306.89527577162  99.0753
4307.51349663735  77.65217
4308.13171750308  83.50876
4308.7499383688  89.48775
4309.36815923453  88.29918
4309.98638010026  85.86166
4310.60460096598  86.83684
4311.22282183171  117.3114
4311.84104269743  115.4146
4312.45926356316  98.48151
4313.07748442889  92.81092
4313.69570529461  101.6409
4314.31392616034  85.58954
4314.93214702607  89.59163
4315.55036789179  93.59372
4316.16858875752  97.59581
4316.78680962325  101.5979
4317.40503048897  105.6
4318.0232513547  100.6229
4318.64147222043  90.37251
4319.25969308615  104.6485
4319.87791395188  105.8502
4320.4961348176  119.919
4321.11435568333  116.0601
4321.73257654906  116.2003
4322.35079741478  111.6189
4322.96901828051  114.8897
4323.58723914624  129.3985
4324.20546001196  129.4358
4324.82368087769  134.2446
4325.44190174342  126.5558
4326.06012260914  141.8823
4326.67834347487  148.4543
4327.2965643406  163.4857
4327.91478520632  169.4668
4328.53300607205  132.3947
4329.15122693778  128.0943
4329.7694478035  168.6728
4330.38766866923  165.8621
4331.00588953496  166.8306
4331.62411040068  147.5482
4332.24233126641  167.254
4332.86055213213  167.4783
4333.47877299786  143.6114
4334.09699386359  183.08
4334.71521472931  170.692
4335.33343559504  170.2216
4335.95165646077  162.44
4336.56987732649  144.1922
4337.18809819222  142.9754
4337.80631905795  120.3955
4338.42453992367  122.6126
4339.0427607894  120.1452
4339.66098165513  100.1836
4340.27920252085  105.8566
4340.89742338658  93.98985
4341.51564425231  127.0047
4342.13386511803  145.3748
4342.75208598376  121.3207
4343.37030684948  104.6403
4343.98852771521  131.0372
4344.60674858094  150.9897
4345.22496944666  148.7794
4345.84319031239  139.204
4346.46141117812  159.1219
4347.07963204384  159.2822
4347.69785290957  138.0113
4348.3160737753  153.5576
4348.93429464102  141.2446
4349.55251550675  159.9601
4350.17073637247  176.8053
4350.7889572382  150.134
4351.40717810393  195.0857
4352.02539896966  177.1536
4352.64361983538  162.8933
4353.26184070111  145.6128
4353.88006156683  173.2806
4354.49828243256  160.7548
4355.11650329829  149.6815
4355.73472416401  143.0178
4356.35294502974  155.3238
4356.97116589547  133.6996
4357.58938676119  131.7055
4358.20760762692  139.1783
4358.82582849265  118.4718
4359.44404935837  162.4324
4360.0622702241  144.0489
4360.68049108983  124.2058
4361.29871195555  114.4104
4361.91693282128  123.3449
4362.53515368701  123.9
4363.15337455273  118.364
4363.77159541846  115.2324
4364.38981628418  100.3602
4365.00803714991  101.2699
4365.62625801564  137.2118
4366.24447888136  104.7409
4366.86269974709  93.53721
4367.48092061282  111.8088
4368.09914147854  111.174
4368.71736234427  119.0529
4369.33558321  108.0478
4369.95380407572  102.9663
4370.57202494145  92.45546
4371.19024580718  106.3506
4371.8084666729  91.16351
4372.42668753863  97.53605
4373.04490840435  85.29985
4373.66312927008  78.14124
4374.28135013581  97.79079
4374.89957100153  71.2322
4375.51779186726  86.84132
4376.13601273299  78.4146
4376.75423359871  98.42331
4377.37245446444  77.49522
4377.99067533017  99.65092
4378.60889619589  78.68781
4379.22711706162  89.44556
4379.84533792735  100.7449
4380.46355879307  95.06572
4381.0817796588  75.0718
4381.70000052453  83.51813
4382.31822139025  85.73995
4382.93644225598  91.99712
4383.55466312171  101.2945
4384.17288398743  102.9152
4384.79110485316  71.98206
4385.40932571888  68.39581
4386.02754658461  72.67529
4386.64576745034  83.72665
4387.26398831606  81.5935
4387.88220918179  78.78565
4388.50043004752  64.52802
4389.11865091324  59.56506
4389.73687177897  72.27763
4390.3550926447  62.24318
4390.97331351042  74.21979
4391.59153437615  87.15693
4392.20975524188  78.35075
4392.8279761076  66.80218
4393.44619697333  92.12215
4394.06441783906  91.66758
4394.68263870478  90.80772
4395.30085957051  87.32854
4395.91908043624  82.57446
4396.53730130196  60.96536
4397.15552216769  102.1024
4397.77374303341  89.61364
4398.39196389914  94.48911
4399.01018476487  82.92315
4399.62840563059  93.4437
4400.24662649632  97.16013
4400.86484736205  89.36149
4401.48306822777  94.10686
4402.1012890935  81.551
4402.71950995923  92.9151
4403.33773082495  78.82543
4403.95595169068  75.02345
4404.57417255641  101.0571
4405.19239342213  106.1162
4405.81061428786  99.20016
4406.42883515358  88.81761
4407.04705601931  108.1508
4407.66527688504  92.31982
4408.28349775076  81.33678
4408.90171861649  87.57677
4409.51993948222  66.54411
4410.13816034794  61.96391
4410.75638121367  60.33096
4411.3746020794  90.79829
4411.99282294512  92.44862
4412.61104381085  94.40209
4413.22926467658  86.88542
4413.8474855423  71.99885
4414.46570640803  85.03858
4415.08392727376  92.1711
4415.70214813948  83.34917
4416.32036900521  86.45528
4416.93858987093  93.6101
4417.55681073666  63.03204
4418.17503160239  95.87553
4418.79325246812  96.27795
4419.41147333384  108.553
4420.02969419957  71.87873
4420.64791506529  66.16972
4421.26613593102  91.45311
4421.88435679675  59.45904
4422.50257766247  81.00581
4423.1207985282  76.37466
4423.73901939393  76.85403
4424.35724025965  88.01315
4424.97546112538  97.69769
4425.59368199111  65.84785
4426.21190285683  85.09521
4426.83012372256  71.06369
4427.44834458829  71.11641
4428.06656545401  65.18524
4428.68478631974  91.95039
4429.30300718546  68.33565
4429.92122805119  76.69442
4430.53944891692  74.59425
4431.15766978264  81.97672
4431.77589064837  91.0974
4432.3941115141  87.38285
4433.01233237982  68.70644
4433.63055324555  74.60291
4434.24877411128  88.86816
4434.866994977  83.38866
4435.48521584273  74.99484
4436.10343670845  79.90852
4436.72165757418  85.75408
4437.33987843991  72.92192
4437.95809930564  87.66917
4438.57632017136  87.27126
4439.19454103709  92.64961
4439.81276190281  76.61489
4440.43098276854  92.48456
4441.04920363427  83.36881
4441.66742449999  67.03558
4442.28564536572  69.65148
4442.90386623145  66.31736
4443.52208709717  85.85905
4444.1403079629  91.79219
4444.75852882863  71.87944
4445.37674969435  80.06379
4445.99497056008  65.09332
4446.61319142581  61.36348
4447.23141229153  95.93925
4447.84963315726  95.30706
4448.46785402299  77.14868
4449.08607488871  95.55812
4449.70429575444  82.56443
4450.32251662016  86.6774
4450.94073748589  90.20079
4451.55895835162  118.4782
4452.17717921734  75.18469
4452.79540008307  111.9792
4453.4136209488  95.03974
4454.03184181452  111.4737
4454.65006268025  103.5451
4455.26828354598  98.48478
4455.8865044117  119.9143
4456.50472527743  119.152
4457.12294614316  90.66125
4457.74116700888  84.49547
4458.35938787461  104.1553
4458.97760874034  96.64045
4459.59582960606  68.78319
4460.21405047179  107.7167
4460.83227133751  104.3706
4461.45049220324  89.12971
4462.06871306897  105.0682
4462.68693393469  109.1458
4463.30515480042  101.6438
4463.92337566615  82.97065
4464.54159653187  109.9224
4465.1598173976  129.0481
4465.77803826333  120.5368
4466.39625912905  100.4835
4467.01447999478  95.82412
4467.63270086051  101.8949
4468.25092172623  100.5917
4468.86914259196  90.77336
4469.48736345769  59.43872
4470.10558432341  85.63206
4470.72380518914  91.32798
4471.34202605487  79.99491
4471.96024692059  87.26038
4472.57846778632  79.49206
4473.19668865204  71.98996
4473.81490951777  85.63931
4474.4331303835  96.64013
4475.05135124922  105.4637
4475.66957211495  69.82045
4476.28779298068  104.4222
4476.9060138464  107.0358
4477.52423471213  94.32418
4478.14245557785  91.69415
4478.76067644358  86.45465
4479.37889730931  72.63305
4479.99711817504  88.29243
4480.61533904076  104.7627
4481.23355990649  100.8106
4481.85178077222  100.5306
4482.47000163794  89.07529
4483.08822250367  98.29313
4483.70644336939  99.20185
4484.32466423512  109.7749
4484.94288510085  101.0436
4485.56110596657  92.73231
4486.1793268323  112.1585
4486.79754769803  104.0166
4487.41576856375  99.9519
4488.03398942948  83.53303
4488.65221029521  127.1882
4489.27043116093  109.1432
4489.88865202666  86.69505
4490.50687289238  99.06971
4491.12509375811  113.9004
4491.74331462384  120.2225
4492.36153548956  107.439
4492.97975635529  126.6413
4493.59797722102  121.4845
4494.21619808674  117.5996
4494.83441895247  119.9365
4495.4526398182  105.5479
4496.07086068392  115.4675
4496.68908154965  109.6587
4497.30730241538  100.3725
4497.9255232811  97.62543
4498.54374414683  89.0513
4499.16196501256  109.3458
4499.78018587828  99.83765
4500.39840674401  82.7585
4501.01662760974  83.11862
4501.63484847546  70.3961
4502.25306934119  81.27594
4502.87129020691  78.22085
4503.48951107264  91.67154
4504.10773193837  75.26469
4504.72595280409  111.698
4505.34417366982  112.8309
4505.96239453555  87.13317
4506.58061540127  89.51472
4507.198836267  94.53939
4507.81705713273  86.41635
4508.43527799845  96.68888
4509.05349886418  79.36154
4509.67171972991  85.20719
4510.28994059563  93.12353
4510.90816146136  107.9889
4511.52638232709  88.4927
4512.14460319281  92.0696
4512.76282405854  76.39816
4513.38104492426  101.8697
4513.99926578999  85.29771
4514.61748665572  85.58566
4515.23570752144  99.88788
4515.85392838717  72.51514
4516.4721492529  99.59385
4517.09037011862  99.88411
4517.70859098435  72.86548
4518.32681185008  123.1594
4518.9450327158  85.86451
4519.56325358153  67.60583
4520.18147444726  82.10658
4520.79969531298  97.49072
4521.41791617871  85.94189
4522.03613704443  77.31903
4522.65435791016  80.76949
4523.27257877589  118.1107
4523.89079964162  68.25449
4524.50902050734  103.471
4525.12724137307  102.9043
4525.74546223879  95.44026
4526.36368310452  93.63996
4526.98190397025  107.8554
4527.60012483597  82.02249
4528.2183457017  110.2796
4528.83656656743  95.53917
4529.45478743315  92.6422
4530.07300829888  79.56692
4530.69122916461  90.10355
4531.30945003033  104.1453
4531.92767089606  91.94892
4532.54589176179  89.16042
4533.16411262751  74.56383
4533.78233349324  97.82756
4534.40055435897  102.6463
4535.01877522469  117.2903
4535.63699609042  109.9399
4536.25521695614  107.9628
4536.87343782187  86.94162
4537.4916586876  99.09425
4538.10987955332  99.8
4538.72810041905  78.26828
4539.34632128478  92.30602
4539.9645421505  71.03265
4540.58276301623  68.70379
4541.20098388196  90.44037
4541.81920474768  86.03485
4542.43742561341  84.54012
4543.05564647914  86.98083
4543.67386734486  90.05796
4544.29208821059  105.7903
4544.91030907631  90.69991
4545.52852994204  69.19903
4546.14675080777  92.91473
4546.76497167349  93.07192
4547.38319253922  69.32898
4548.00141340495  99.38937
4548.61963427067  120.3128
4549.2378551364  96.21875
4549.85607600213  89.79856
4550.47429686785  88.76451
4551.09251773358  103.2813
4551.71073859931  99.22308
4552.32895946503  76.20605
4552.94718033076  77.1843
4553.56540119649  101.721
4554.18362206221  108.0183
4554.80184292794  92.67871
4555.42006379366  86.3248
4556.03828465939  76.07929
4556.65650552512  90.41263
4557.27472639084  96.61224
4557.89294725657  85.71779
4558.5111681223  98.38703
4559.12938898802  100.8934
4559.74760985375  108.7102
4560.36583071948  91.42665
4560.9840515852  88.08532
4561.60227245093  101.3771
4562.22049331666  107.4392
4562.83871418238  110.0394
4563.45693504811  82.99111
4564.07515591384  77.94725
4564.69337677956  73.55724
4565.31159764529  95.91492
4565.92981851101  94.30865
4566.54803937674  103.8734
4567.16626024247  70.74149
4567.78448110819  94.7108
4568.40270197392  110.6199
4569.02092283965  96.99013
4569.63914370537  97.61909
4570.2573645711  87.64931
4570.87558543683  92.75713
4571.49380630255  107.7445
4572.11202716828  97.61742
4572.73024803401  105.6647
4573.34846889973  100.5416
4573.96668976546  114.5346
4574.58491063119  124.5038
4575.20313149691  88.1358
4575.82135236264  87.22704
4576.43957322836  89.2101
4577.05779409409  71.96519
4577.67601495982  104.3127
4578.29423582554  109.106
4578.91245669127  91.92582
4579.530677557  80.08383
4580.14889842272  86.08435
4580.76711928845  79.70483
4581.38534015418  103.4316
4582.0035610199  103.2504
4582.62178188563  80.65068
4583.24000275136  113.0546
4583.85822361708  73.161
4584.47644448281  75.09927
4585.09466534854  99.69633
4585.71288621426  109.1113
4586.33110707999  88.73393
4586.94932794571  79.46239
4587.56754881144  67.45933
4588.18576967717  84.4165
4588.80399054289  93.64345
4589.42221140862  87.08875
4590.04043227435  94.93217
4590.65865314007  94.5938
4591.2768740058  87.27436
4591.89509487153  88.2492
4592.51331573725  108.9398
4593.13153660298  84.40469
4593.74975746871  81.51833
4594.36797833443  105.3334
4594.98619920016  90.04248
4595.60442006589  93.24545
4596.22264093161  112.2077
4596.84086179734  96.41112
4597.45908266306  101.0038
4598.07730352879  77.23034
4598.69552439452  84.98065
4599.31374526024  100.1546
4599.93196612597  81.65265
4600.5501869917  68.25343
4601.16840785742  83.68916
4601.78662872315  107.5777
4602.40484958888  107.5139
4603.0230704546  104.0886
4603.64129132033  78.03626
4604.25951218606  84.34473
4604.87773305178  103.0947
4605.49595391751  79.3577
4606.11417478323  71.79397
4606.73239564896  90.22779
4607.35061651469  72.19397
4607.96883738041  72.73404
4608.58705824614  90.6245
4609.20527911187  110.3026
4609.82349997759  97.88493
4610.44172084332  82.2673
4611.05994170905  74.80781
4611.67816257477  94.92316
4612.2963834405  88.26829
4612.91460430623  78.53265
4613.53282517195  84.22501
4614.15104603768  72.33143
4614.76926690341  72.16476
4615.38748776913  89.57542
4616.00570863486  75.44348
4616.62392950059  78.26142
4617.24215036631  84.7981
4617.86037123204  75.29871
4618.47859209776  86.03236
4619.09681296349  82.63344
4619.71503382922  95.41141
4620.33325469494  98.70341
4620.95147556067  100.7216
4621.5696964264  96.09129
4622.18791729212  91.87527
4622.80613815785  93.60063
4623.42435902358  106.4386
4624.0425798893  96.41162
4624.66080075503  98.83324
4625.27902162076  83.98015
4625.89724248648  83.39067
4626.51546335221  84.09184
4627.13368421794  65.69599
4627.75190508366  92.05174
4628.37012594939  97.86376
4628.98834681512  103.1382
4629.60656768084  103.6749
4630.22478854657  94.03002
4630.84300941229  106.0935
4631.46123027802  90.32127
4632.07945114375  77.83302
4632.69767200947  81.80225
4633.3158928752  92.11698
4633.93411374093  93.93452
4634.55233460665  101.9579
4635.17055547238  100.4746
4635.78877633811  116.0848
4636.40699720383  106.8288
4637.02521806956  123.0417
4637.64343893528  106.759
4638.26165980101  84.78518
4638.87988066674  83.9639
4639.49810153247  95.97157
4640.11632239819  84.88768
4640.73454326392  88.33107
4641.35276412964  101.2124
4641.97098499537  84.34892
4642.5892058611  102.8355
4643.20742672682  87.5172
4643.82564759255  92.01707
4644.44386845828  81.59707
4645.062089324  87.44745
4645.68031018973  100.1541
4646.29853105546  108.8854
4646.91675192118  82.33371
4647.53497278691  82.57629
4648.15319365263  89.60512
4648.77141451836  103.4825
4649.38963538409  102.5411
4650.00785624981  102.8368
4650.62607711554  87.12451
4651.24429798127  90.15966
4651.86251884699  120.2025
4652.48073971272  99.47417
4653.09896057845  71.10921
4653.71718144417  103.2794
4654.3354023099  90.52996
4654.95362317563  107.9851
4655.57184404135  100.7305
4656.19006490708  79.21072
4656.80828577281  76.83345
4657.42650663853  76.23067
4658.04472750426  123.3165
4658.66294836999  74.41418
4659.28116923571  116.1732
4659.89939010144  105.3996
4660.51761096716  86.39214
4661.13583183289  99.94314
4661.75405269862  107.0401
4662.37227356434  111.8787
4662.99049443007  91.76611
4663.6087152958  104.162
4664.22693616152  106.0509
4664.84515702725  86.74226
4665.46337789298  125.2886
4666.0815987587  107.8638
4666.69981962443  84.34066
4667.31804049016  111.2811
4667.93626135588  127.6341
4668.55448222161  84.75541
4669.17270308734  93.04755
4669.79092395306  81.15115
4670.40914481879  115.3136
4671.02736568451  105.8217
4671.64558655024  88.5097
4672.26380741597  114.1348
4672.88202828169  101.6228
4673.50024914742  115.1177
4674.11847001315  98.09909
4674.73669087887  77.59373
4675.3549117446  91.03927
4675.97313261033  122.7073
4676.59135347605  114.448
4677.20957434178  126.9552
4677.82779520751  120.1334
4678.44601607323  110.6326
4679.06423693896  101.4875
4679.68245780468  112.6628
4680.30067867041  72.46925
4680.91889953614  89.40087
4681.53712040187  86.61163
4682.15534126759  84.91396
4682.77356213332  110.239
4683.39178299904  113.4259
4684.01000386477  112.4768
4684.6282247305  102.7285
4685.24644559622  83.29527
4685.86466646195  110.2161
4686.48288732768  107.6432
4687.1011081934  121.4569
4687.71932905913  96.73164
4688.33754992486  90.74114
4688.95577079058  110.2944
4689.57399165631  106.9634
4690.19221252204  72.38665
4690.81043338776  129.654
4691.42865425349  120.4399
4692.04687511921  90.13091
4692.66509598494  106.5703
4693.28331685067  100.2555
4693.90153771639  111.2146
4694.51975858212  109.2743
4695.13797944785  118.8526
4695.75620031357  95.02185
4696.3744211793  113.0974
4696.99264204503  107.1454
4697.61086291075  89.88184
4698.22908377648  105.3909
4698.8473046422  109.8955
4699.46552550793  88.23593
4700.08374637366  90.26474
4700.70196723939  102.7358
4701.32018810511  105.7984
4701.93840897084  101.4155
4702.55662983656  107.4547
4703.17485070229  144.7871
4703.79307156802  124.7193
4704.41129243374  105.6774
4705.02951329947  103.4419
4705.6477341652  106.1016
4706.26595503092  100.4774
4706.88417589665  101.5243
4707.50239676238  106.1986
4708.1206176281  118.5059
4708.73883849383  111.8262
4709.35705935956  90.3334
4709.97528022528  127.4085
4710.59350109101  99.82379
4711.21172195674  69.1455
4711.82994282246  111.8431
4712.44816368819  77.72787
4713.06638455391  83.46298
4713.68460541964  109.0763
4714.30282628537  81.02435
4714.92104715109  73.46216
4715.53926801682  92.82179
4716.15748888255  96.88902
4716.77570974827  83.84439
4717.393930614  99.8574
4718.01215147973  84.67192
4718.63037234545  84.40412
4719.24859321118  99.07841
4719.86681407691  116.8494
4720.48503494263  79.82292
4721.10325580836  94.14479
4721.72147667409  123.6802
4722.33969753981  114.3465
4722.95791840554  105.5197
4723.57613927126  109.9666
4724.19436013699  91.90512
4724.81258100272  76.90563
4725.43080186844  113.254
4726.04902273417  100.9981
4726.6672435999  119.7513
4727.28546446562  116.9961
4727.90368533135  124.6987
4728.52190619708  76.88533
4729.1401270628  99.4725
4729.75834792853  113.6547
4730.37656879426  94.19327
4730.99478965998  106.0183
4731.61301052571  81.18195
4732.23123139144  115.9636
4732.84945225716  99.74826
4733.46767312289  92.63755
4734.08589398862  99.70062
4734.70411485434  91.1335
4735.32233572007  92.34389
4735.94055658579  84.26006
4736.55877745152  92.72499
4737.17699831725  93.01352
4737.79521918297  88.19644
4738.4134400487  89.76964
4739.03166091443  108.8662
4739.64988178015  118.2206
4740.26810264588  91.07795
4740.88632351161  93.17596
4741.50454437733  90.71129
4742.12276524306  106.1102
4742.74098610879  95.52206
4743.35920697451  82.37774
4743.97742784024  97.65759
4744.59564870597  87.44021
4745.21386957169  87.31414
4745.83209043742  84.2396
4746.45031130314  85.82045
4747.06853216887  81.96756
4747.6867530346  81.51315
4748.30497390032  102.4483
4748.92319476605  92.03481
4749.54141563178  75.92998
4750.1596364975  92.01394
4750.77785736323  77.55231
4751.39607822896  85.9409
4752.01429909468  102.6216
4752.63251996041  91.14549
4753.25074082613  85.23484
4753.86896169186  76.61057
4754.48718255759  101.5064
4755.10540342331  80.02835
4755.72362428904  73.01786
4756.34184515477  89.62199
4756.96006602049  79.91222
4757.57828688622  87.31124
4758.19650775195  105.0549
4758.81472861767  91.94182
4759.4329494834  63.94332
4760.05117034913  86.73159
4760.66939121485  94.01907
4761.28761208058  85.17023
4761.90583294631  89.27377
4762.52405381203  81.78883
4763.14227467776  87.51486
4763.76049554349  85.30498
4764.37871640921  103.0318
4764.99693727494  110.5598
4765.61515814066  80.0046
4766.23337900639  86.37298
4766.85159987212  65.44658
4767.46982073784  84.93845
4768.08804160357  72.44762
4768.7062624693  71.01267
4769.32448333502  97.20961
4769.94270420075  100.2416
4770.56092506648  80.24743
4771.1791459322  78.7611
4771.79736679793  89.03796
4772.41558766366  73.07933
4773.03380852938  67.55412
4773.65202939511  76.04051
4774.27025026084  93.67055
4774.88847112656  92.41895
4775.50669199229  87.97564
4776.12491285801  77.07737
4776.74313372374  80.414
4777.36135458947  106.7735
4777.97957545519  78.19521
4778.59779632092  62.26617
4779.21601718665  92.76074
4779.83423805237  81.17062
4780.4524589181  98.19404
4781.07067978383  90.11271
4781.68890064955  82.50165
4782.30712151528  90.99403
4782.92534238101  74.8205
4783.54356324673  97.23795
4784.16178411246  85.54735
4784.78000497818  94.13857
4785.39822584391  93.75666
4786.01644670964  67.64429
4786.63466757537  70.50405
4787.25288844109  71.41036
4787.87110930682  88.47308
4788.48933017254  95.10094
4789.10755103827  88.8001
4789.725771904  84.90394
4790.34399276972  88.13643
4790.96221363545  63.05874
4791.58043450118  72.91206
4792.1986553669  75.52927
4792.81687623263  89.74725
4793.43509709836  82.47065
4794.05331796408  90.10045
4794.67153882981  102.2579
4795.28975969554  89.61394
4795.90798056126  95.73357
4796.52620142699  85.31011
4797.14442229272  89.70374
4797.76264315844  106.3009
4798.38086402417  85.31967
4798.99908488989  90.73543
4799.61730575562  102.5915
4800.23552662135  85.80096
4800.85374748707  89.76444
4801.4719683528  91.84706
4802.09018921853  82.23598
4802.70841008425  83.95024
4803.32663094998  99.89835
4803.94485181571  65.72665
4804.56307268143  95.41677
4805.18129354716  97.78018
4805.79951441289  83.0929
4806.41773527861  106.1361
4807.03595614434  89.58054
4807.65417701006  76.65797
4808.27239787579  104.9232
4808.89061874152  94.58684
4809.50883960724  73.25553
4810.12706047297  91.57771
4810.7452813387  83.76957
4811.36350220442  113.4518
4811.98172307015  71.41553
4812.59994393588  75.66714
4813.2181648016  93.20065
4813.83638566733  100.4941
4814.45460653306  90.66887
4815.07282739878  98.02655
4815.69104826451  78.97079
4816.30926913024  98.34578
4816.92748999596  92.0995
4817.54571086169  99.09064
4818.16393172741  94.04136
4818.78215259314  77.44344
4819.40037345887  96.50698
4820.01859432459  98.13975
4820.63681519032  73.99888
4821.25503605605  82.66131
4821.87325692177  84.14513
4822.4914777875  82.26475
4823.10969865323  99.99552
4823.72791951895  112.3112
4824.34614038468  113.3284
4824.96436125041  95.35684
4825.58258211613  106.8253
4826.20080298186  106.9714
4826.81902384759  93.60218
4827.43724471331  111.2174
4828.05546557904  110.856
4828.67368644476  123.9296
4829.29190731049  96.67865
4829.91012817622  99.49621
4830.52834904194  121.2915
4831.14656990767  98.47491
4831.7647907734  91.65137
4832.38301163912  94.46304
4833.00123250485  101.0613
4833.61945337058  130.421
4834.2376742363  141.3232
4834.85589510203  119.2165
4835.47411596776  154.4663
4836.09233683348  125.8336
4836.71055769921  135.3844
4837.32877856494  107.1034
4837.94699943066  165.4028
4838.56522029639  133.439
4839.18344116211  132.2553
4839.80166202784  136.207
4840.41988289357  139.3828
4841.03810375929  165.1435
4841.65632462502  175.4591
4842.27454549075  189.9866
4842.89276635647  196.6157
4843.5109872222  194.7612
4844.12920808793  163.5869
4844.74742895365  187.3905
4845.36564981938  190.4814
4845.98387068511  190.4877
4846.60209155083  205.4734
4847.22031241656  214.6581
4847.83853328229  233.3497
4848.45675414801  226.0799
4849.07497501374  205.3526
4849.69319587946  231.1534
4850.31141674519  238.6268
4850.92963761092  252.3208
4851.54785847664  243.8802
4852.16607934237  221.6644
4852.7843002081  244.3292
4853.40252107382  245.4864
4854.02074193955  244.508
4854.63896280528  240.8983
4855.257183671  260.446
4855.87540453673  219.6883
4856.49362540246  220.9579
4857.11184626818  231.6929
4857.73006713391  215.4631
4858.34828799964  213.379
4858.96650886536  200.4804
4859.58472973109  148.8606
4860.20295059682  166.4442
4860.82117146254  163.1411
4861.43939232827  122.9824
4862.05761319399  148.5646
4862.67583405972  178.3039
4863.29405492545  164.3703
4863.91227579117  170.4305
4864.5304966569  185.589
4865.14871752263  204.5097
4865.76693838835  229.7917
4866.38515925408  222.2426
4867.00338011981  227.2246
4867.62160098553  207.1126
4868.23982185126  216.4527
4868.85804271698  250.8653
4869.47626358271  262.4482
4870.09448444844  273.5907
4870.71270531416  255.2767
4871.33092617989  233.1054
4871.94914704562  261.7172
4872.56736791134  255.4066
4873.18558877707  254.1374
4873.8038096428  241.1102
4874.42203050852  234.6695
4875.04025137425  238.2722
4875.65847223998  236.3896
4876.2766931057  277.4359
4876.89491397143  214.7905
4877.51313483716  208.8598
4878.13135570288  194.642
4878.74957656861  172.7861
4879.36779743434  176.8075
4879.98601830006  207.9695
4880.60423916579  214.4012
4881.22246003151  183.8786
4881.84068089724  172.1962
4882.45890176297  175.174
4883.07712262869  173.0285
4883.69534349442  157.2401
4884.31356436015  146.2092
4884.93178522587  148.7399
4885.5500060916  139.9806
4886.16822695733  175.3147
4886.78644782305  153.5474
4887.40466868878  155.5641
4888.02288955451  143.5801
4888.64111042023  151.6215
4889.25933128596  134.0294
4889.87755215169  129.7189
4890.49577301741  135.154
4891.11399388314  131.5576
4891.73221474887  115.6245
4892.35043561459  128.229
4892.96865648032  122.7469
4893.58687734604  122.0727
4894.20509821177  134.657
4894.8233190775  131.4278
4895.44153994322  109.2036
4896.05976080895  104.648
4896.67798167468  123.0963
4897.2962025404  118.5365
4897.91442340613  106.7133
4898.53264427186  122.4149
4899.15086513758  98.55292
4899.76908600331  112.794
4900.38730686903  102.1166
4901.00552773476  122.7141
4901.62374860049  109.2951
4902.24196946622  134.6903
4902.86019033194  119.5987
4903.47841119767  120.011
4904.09663206339  111.5044
4904.71485292912  104.4983
4905.33307379485  99.30087
4905.95129466057  95.1942
4906.5695155263  94.96966
4907.18773639203  108.0548
4907.80595725775  97.54315
4908.42417812348  114.7019
4909.04239898921  79.20924
4909.66061985493  111.35
4910.27884072066  128.0146
4910.89706158638  117.4968
4911.51528245211  94.50701
4912.13350331784  102.7667
4912.75172418357  100.8028
4913.36994504929  90.03178
4913.98816591502  108.63
4914.60638678074  121.346
4915.22460764647  111.1929
4915.8428285122  120.8873
4916.46104937792  115.5455
4917.07927024365  93.63334
4917.69749110938  116.4852
4918.3157119751  92.33995
4918.93393284083  101.5139
4919.55215370656  94.16413
4920.17037457228  95.99554
4920.78859543801  103.2556
4921.40681630374  90.54607
4922.02503716946  97.0719
4922.64325803519  91.38358
4923.26147890091  108.4721
4923.87969976664  91.68271
4924.49792063237  81.82335
4925.11614149809  96.96947
4925.73436236382  95.30669
4926.35258322955  112.2801
4926.97080409527  103.0877
4927.589024961  82.59035
4928.20724582673  94.54952
4928.82546669245  93.62969
4929.44368755818  97.6887
4930.06190842391  89.0248
4930.68012928963  91.60841
4931.29835015536  98.04032
4931.91657102109  70.46685
4932.53479188681  92.64283
4933.15301275254  83.52436
4933.77123361826  79.09959
4934.38945448399  98.66716
4935.00767534972  98.54027
4935.62589621544  70.90072
4936.24411708117  79.60867
4936.8623379469  103.6969
4937.48055881262  88.95623
4938.09877967835  86.96152
4938.71700054408  112.628
4939.3352214098  87.71526
4939.95344227553  100.3998
4940.57166314126  107.2262
4941.18988400698  96.75713
4941.80810487271  76.04101
4942.42632573843  81.09151
4943.04454660416  92.1287
4943.66276746989  88.37679
4944.28098833562  83.33909
4944.89920920134  102.7531
4945.51743006707  98.06633
4946.13565093279  103.1457
4946.75387179852  59.06179
4947.37209266425  97.81462
4947.99031352997  100.7792
4948.6085343957  92.61315
4949.22675526143  83.12753
4949.84497612715  61.34736
4950.46319699288  73.84321
4951.08141785861  82.48647
4951.69963872433  101.5529
4952.31785959006  98.11936
4952.93608045579  74.4614
4953.55430132151  90.4163
4954.17252218724  76.24937
4954.79074305296  82.7429
4955.40896391869  74.3316
4956.02718478442  95.85975
4956.64540565014  80.85274
4957.26362651587  68.79188
4957.8818473816  83.1294
4958.50006824732  90.38787
4959.11828911305  91.7523
4959.73650997878  79.14539
4960.3547308445  84.69746
4960.97295171023  84.65662
4961.59117257596  93.97771
4962.20939344168  110.1121
4962.82761430741  88.71009
4963.44583517314  119.2936
4964.06405603886  86.63902
4964.68227690459  68.27871
4965.30049777032  89.0533
4965.91871863604  99.86224
4966.53693950177  91.92272
4967.1551603675  86.26315
4967.77338123322  90.77857
4968.39160209895  83.18528
4969.00982296468  92.0909
4969.6280438304  81.33125
4970.24626469613  104.6486
4970.86448556185  100.5237
4971.48270642758  114.4248
4972.10092729331  88.05511
4972.71914815903  62.64632
4973.33736902476  83.49534
4973.95558989049  79.08154
4974.57381075621  91.34425
4975.19203162194  89.16348
4975.81025248767  84.20917
4976.42847335339  87.46479
4977.04669421912  98.87257
4977.66491508485  80.89181
4978.28313595057  84.57196
4978.9013568163  82.46441
4979.51957768202  68.1145
4980.13779854775  79.55667
4980.75601941348  75.27377
4981.3742402792  78.73386
4981.99246114493  69.50883
4982.61068201066  83.16904
4983.22890287638  76.16753
4983.84712374211  74.11761
4984.46534460784  74.07349
4985.08356547356  73.03487
4985.70178633929  83.33897
4986.32000720502  90.59874
4986.93822807074  101.4846
4987.55644893647  108.1469
4988.1746698022  79.46978
4988.79289066792  64.03107
4989.41111153365  83.6412
4990.02933239938  85.7267
4990.6475532651  96.3191
4991.26577413083  93.50315
4991.88399499655  74.08559
4992.50221586228  88.41328
4993.12043672801  98.61678
4993.73865759373  88.31385
4994.35687845946  90.92283
4994.97509932519  89.47579
4995.59332019091  115.7454
4996.21154105664  100.834
4996.82976192237  95.2729
4997.44798278809  109.6029
4998.06620365382  99.83829
4998.68442451955  97.35588
4999.30264538527  106.5927
4999.920866251  128.745
5000.53908711673  102.41
5001.15730798245  100.345
5001.77552884818  118.1908
5002.39374971391  118.1176
5003.01197057963  92.36673
5003.63019144536  107.8422
5004.24841231108  95.10498
5004.86663317681  98.34279
5005.48485404254  113.6471
5006.10307490826  96.35118
5006.72129577399  112.1935
5007.33951663972  119.6796
5007.95773750544  94.48575
5008.57595837117  124.2253
5009.1941792369  123.7431
5009.81240010262  108.3813
5010.43062096835  121.3153
5011.04884183408  112.88
5011.6670626998  105.9195
5012.28528356553  94.10609
5012.90350443125  121.291
5013.52172529698  119.6702
5014.13994616271  102.1615
5014.75816702844  98.2438
5015.37638789416  95.09177
5015.99460875989  110.0356
5016.61282962561  90.3306
5017.23105049134  107.6502
5017.84927135707  98.16423
5018.46749222279  111.2762
5019.08571308852  91.43989
5019.70393395425  92.69498
5020.32215481997  120.5964
5020.9403756857  125.7797
5021.55859655143  107.9879
5022.17681741715  95.42544
5022.79503828288  99.40692
5023.4132591486  77.02666
5024.03148001433  116.553
5024.64970088006  83.87852
5025.26792174578  75.69473
5025.88614261151  103.3628
5026.50436347724  125.0038
5027.12258434296  117.4858
5027.74080520869  108.0102
5028.35902607442  100.4079
5028.97724694014  102.2276
5029.59546780587  116.4789
5030.2136886716  117.3294
5030.83190953732  106.3744
5031.45013040305  119.558
5032.06835126878  133.2856
5032.6865721345  94.15496
5033.30479300023  100.4107
5033.92301386595  134.755
5034.54123473168  107.6316
5035.15945559741  113.206
5035.77767646313  150.1423
5036.39589732886  135.8121
5037.01411819459  126.942
5037.63233906031  133.7486
5038.25055992604  124.3924
5038.86878079177  116.4821
5039.48700165749  98.8734
5040.10522252322  133.4428
5040.72344338895  118.4913
5041.34166425467  108.4347
5041.9598851204  113.9986
5042.57810598613  94.66478
5043.19632685185  115.0034
5043.81454771758  100.1223
5044.43276858331  99.99908
5045.05098944903  118.7903
5045.66921031476  109.106
5046.28743118048  91.05218
5046.90565204621  97.18803
5047.52387291194  105.97
5048.14209377766  79.15365
5048.76031464339  102.2007
5049.37853550912  137.0123
5049.99675637484  116.4163
5050.61497724057  110.1104
5051.2331981063  114.4334
5051.85141897202  96.06445
5052.46963983775  126.852
5053.08786070348  117.8165
5053.7060815692  100.1715
5054.32430243493  110.033
5054.94252330066  121.8728
5055.56074416638  90.93842
5056.17896503211  102.8212
5056.79718589783  69.22546
5057.41540676356  92.56406
5058.03362762929  91.43871
5058.65184849501  89.60787
5059.27006936074  105.089
5059.88829022647  99.92995
5060.50651109219  111.7509
5061.12473195792  111.4639
5061.74295282365  82.42013
5062.36117368937  110.6539
5062.9793945551  94.24359
5063.59761542083  82.61054
5064.21583628655  115.8381
5064.83405715228  93.34868
5065.45227801801  104.9668
5066.07049888373  89.57799
5066.68871974946  73.66862
5067.30694061518  107.0249
5067.92516148091  99.99867
5068.54338234664  110.207
5069.16160321236  99.31213
5069.77982407809  100.2575
5070.39804494382  106.977
5071.01626580954  108.0806
5071.63448667527  107.3813
5072.252707541  127.0818
5072.87092840672  108.9316
5073.48914927245  91.34072
5074.10737013818  115.4163
5074.7255910039  106.6298
5075.34381186963  120.4877
5075.96203273536  109.016
5076.58025360108  126.3719
5077.19847446681  87.3718
5077.81669533254  99.04436
5078.43491619826  111.7782
5079.05313706399  100.0331
5079.67135792971  106.323
5080.28957879544  113.344
5080.90779966117  89.92865
5081.52602052689  114.1336
5082.14424139262  97.05469
5082.76246225835  112.3405
5083.38068312407  77.80626
5083.9989039898  92.82888
5084.61712485553  114.3065
5085.23534572125  105.0179
5085.85356658698  100.9389
5086.4717874527  85.22334
5087.09000831843  103.8832
5087.70822918416  112.179
5088.32645004988  95.34859
5088.94467091561  98.44663
5089.56289178134  97.40974
5090.18111264706  76.29807
5090.79933351279  87.4568
5091.41755437852  105.8741
5092.03577524424  107.527
5092.65399610997  125.2572
5093.2722169757  118.8853
5093.89043784142  76.34238
5094.50865870715  119.7206
5095.12687957288  79.4726
5095.7451004386  96.85659
5096.36332130433  99.13329
5096.98154217005  117.2496
5097.59976303578  108.8343
5098.21798390151  120.256
5098.83620476723  120.814
5099.45442563296  100.2116
5100.07264649869  122.7627
5100.69086736441  91.23608
5101.30908823014  91.82348
5101.92730909587  96.17877
5102.54552996159  86.89708
5103.16375082732  93.79519
5103.78197169305  117.7661
5104.40019255877  120.551
5105.0184134245  88.89916
5105.63663429023  118.4265
5106.25485515595  93.15503
5106.87307602168  94.17524
5107.49129688741  90.85104
5108.10951775313  89.6486
5108.72773861886  84.05277
5109.34595948458  99.77159
5109.96418035031  121.8755
5110.58240121604  93.79594
5111.20062208176  96.8291
5111.81884294749  104.4035
5112.43706381322  121.2203
5113.05528467894  78.18674
5113.67350554467  100.1637
5114.2917264104  113.2566
5114.90994727612  104.9879
5115.52816814185  119.2535
5116.14638900758  98.54903
5116.7646098733  103.8861
5117.38283073903  105.388
5118.00105160476  110.3317
5118.61927247048  100.8077
5119.23749333621  80.17606
5119.85571420193  106.6169
5120.47393506766  90.27991
5121.09215593339  104.0495
5121.71037679911  107.1876
5122.32859766484  118.6615
5122.94681853057  95.72643
5123.56503939629  128.0919
5124.18326026202  109.4334
5124.80148112775  107.7743
5125.41970199347  97.86923
5126.0379228592  93.75413
5126.65614372492  103.6455
5127.27436459065  87.62929
5127.89258545638  104.146
5128.5108063221  93.62971
5129.12902718783  113.5995
5129.74724805356  82.83751
5130.36546891928  92.48182
5130.98368978501  94.61058
5131.60191065074  119.0234
5132.22013151646  88.69873
5132.83835238219  95.6606
5133.45657324792  103.9341
5134.07479411364  85.52336
5134.69301497937  88.86296
5135.3112358451  97.95947
5135.92945671082  93.40588
5136.54767757655  107.7525
5137.16589844228  95.60668
5137.784119308  99.00016
5138.40234017373  98.22736
