3889.61499023438  39.81561
3890.23324918748  44.45408
3890.85150814057  55.10497
3891.46976709367  46.73661
3892.08802604676  54.03981
3892.70628499986  60.42579
3893.32454395295  29.72381
3893.94280290605  74.60413
3894.56106185914  58.24707
3895.17932081223  47.65942
3895.79757976533  54.57968
3896.41583871842  69.90118
3897.03409767152  82.61233
3897.65235662461  71.24076
3898.27061557771  72.03194
3898.8888745308  79.01591
3899.5071334839  80.32998
3900.12539243699  81.14032
3900.74365139009  71.82101
3901.36191034318  73.06427
3901.98016929627  81.50855
3902.59842824937  88.04066
3903.21668720246  74.74596
3903.83494615556  72.16087
3904.45320510865  63.28688
3905.07146406175  60.04693
3905.68972301484  65.96809
3906.30798196794  70.14304
3906.92624092103  59.87906
3907.54449987412  59.72623
3908.16275882722  67.32329
3908.78101778031  63.36066
3909.39927673341  79.6658
3910.0175356865  82.60686
3910.6357946396  70.87786
3911.25405359269  56.64021
3911.87231254579  76.35022
3912.49057149888  80.15372
3913.10883045197  73.92501
3913.72708940507  68.56382
3914.34534835816  69.50674
3914.96360731126  60.16481
3915.58186626435  76.09373
3916.20012521745  66.58832
3916.81838417054  53.55374
3917.43664312364  65.21806
3918.05490207673  70.90778
3918.67316102983  80.03677
3919.29141998292  69.83041
3919.90967893601  81.30112
3920.52793788911  80.53242
3921.1461968422  79.77715
3921.7644557953  74.81384
3922.38271474839  72.35469
3923.00097370149  83.96656
3923.61923265458  75.39781
3924.23749160768  71.63353
3924.85575056077  80.22858
3925.47400951386  78.01559
3926.09226846696  74.19701
3926.71052742005  82.53964
3927.32878637315  78.79031
3927.94704532624  84.00768
3928.56530427934  112.5019
3929.18356323243  101.0147
3929.80182218553  92.3958
3930.42008113862  78.88548
3931.03834009171  94.04652
3931.65659904481  81.66103
3932.2748579979  85.54146
3932.893116951  77.15609
3933.51137590409  74.12824
3934.12963485719  60.98606
3934.74789381028  79.99161
3935.36615276338  84.77534
3935.98441171647  61.12578
3936.60267066957  65.78159
3937.22092962266  70.53537
3937.83918857575  80.27061
3938.45744752885  84.9861
3939.07570648194  69.78079
3939.69396543504  78.07383
3940.31222438813  88.11903
3940.93048334123  80.72125
3941.54874229432  83.75285
3942.16700124742  93.41027
3942.78526020051  102.7634
3943.4035191536  100.0797
3944.0217781067  108.4311
3944.64003705979  82.83386
3945.25829601289  84.15118
3945.87655496598  80.5062
3946.49481391908  93.95573
3947.11307287217  105.7564
3947.73133182527  105.5955
3948.34959077836  106.1996
3948.96784973145  98.59206
3949.58610868455  112.8714
3950.20436763764  104.5712
3950.82262659074  92.43839
3951.44088554383  99.10793
3952.05914449693  104.8523
3952.67740345002  107.6564
3953.29566240312  100.9901
3953.91392135621  104.1514
3954.5321803093  124.3187
3955.1504392624  127.0441
3955.76869821549  124.9855
3956.38695716859  116.8268
3957.00521612168  109.8764
3957.62347507478  120.3798
3958.24173402787  115.0384
3958.85999298097  156.224
3959.47825193406  139.9288
3960.09651088716  143.6235
3960.71476984025  136.2592
3961.33302879334  139.8955
3961.95128774644  136.7927
3962.56954669953  142.9867
3963.18780565263  146.947
3963.80606460572  142.7834
3964.42432355882  136.1053
3965.04258251191  115.19
3965.66084146501  112.6373
3966.2791004181  112.3426
3966.89735937119  123.9629
3967.51561832429  118.1361
3968.13387727738  84.6126
3968.75213623048  96.73329
3969.37039518357  98.58116
3969.98865413667  73.09718
3970.60691308976  90.05135
3971.22517204286  74.57968
3971.84343099595  98.68048
3972.46168994904  83.21048
3973.07994890214  97.51894
3973.69820785523  104.1685
3974.31646680833  113.6687
3974.93472576142  137.2142
3975.55298471452  112.7058
3976.17124366761  128.5617
3976.78950262071  124.2281
3977.4077615738  121.1067
3978.0260205269  123.7316
3978.64427947999  141.1586
3979.26253843308  151.478
3979.88079738618  151.4926
3980.49905633927  127.2242
3981.11731529237  120.5898
3981.73557424546  146.1987
3982.35383319856  132.5546
3982.97209215165  145.358
3983.59035110475  153.735
3984.20861005784  116.7692
3984.82686901093  133.0503
3985.44512796403  120.7185
3986.06338691712  121.3888
3986.68164587022  114.572
3987.29990482331  118.9738
3987.91816377641  104.9198
3988.5364227295  113.5395
3989.1546816826  117.0347
3989.77294063569  105.3607
3990.39119958878  95.23262
3991.00945854188  112.7964
3991.62771749497  109.032
3992.24597644807  90.69866
3992.86423540116  111.5866
3993.48249435426  97.88885
3994.10075330735  87.57585
3994.71901226045  104.8461
3995.33727121354  94.77811
3995.95553016664  89.76831
3996.57378911973  100.8811
3997.19204807282  94.95343
3997.81030702592  118.4345
3998.42856597901  108.4057
3999.04682493211  83.0826
3999.6650838852  90.27928
4000.2833428383  106.1306
4000.90160179139  93.43723
4001.51986074449  80.53002
4002.13811969758  87.95689
4002.75637865067  92.48557
4003.37463760377  87.94177
4003.99289655686  91.15454
4004.61115550996  98.25356
4005.22941446305  96.10674
4005.84767341615  94.88338
4006.46593236924  94.57736
4007.08419132234  100.9044
4007.70245027543  95.67545
4008.32070922852  80.55049
4008.93896818162  94.2442
4009.55722713471  114.1942
4010.17548608781  79.84803
4010.7937450409  101.5797
4011.412003994  106.2626
4012.03026294709  86.64013
4012.64852190019  68.74472
4013.26678085328  87.35564
4013.88503980638  93.48964
4014.50329875947  87.89108
4015.12155771256  91.36562
4015.73981666566  93.47002
4016.35807561875  72.06651
4016.97633457185  80.11953
4017.59459352494  93.93508
4018.21285247804  90.14021
4018.83111143113  82.93438
4019.44937038423  80.50645
4020.06762933732  84.92632
4020.68588829041  77.73917
4021.30414724351  78.07908
4021.9224061966  86.20589
4022.5406651497  92.13248
4023.15892410279  96.82183
4023.77718305589  93.76481
4024.39544200898  94.41094
4025.01370096208  86.94129
4025.63195991517  76.97141
4026.25021886826  54.5603
4026.86847782136  61.31139
4027.48673677445  80.06612
4028.10499572755  71.69779
4028.72325468064  80.04282
4029.34151363374  110.727
4029.95977258683  93.77204
4030.57803153993  83.30264
4031.19629049302  88.44408
4031.81454944611  95.5237
4032.43280839921  96.65739
4033.0510673523  90.89842
4033.6693263054  97.5948
4034.28758525849  95.23761
4034.90584421159  84.31206
4035.52410316468  106.0053
4036.14236211778  93.37354
4036.76062107087  100.718
4037.37888002397  86.93835
4037.99713897706  76.61613
4038.61539793015  78.35262
4039.23365688325  82.47697
4039.85191583634  109.0044
4040.47017478944  102.2235
4041.08843374253  98.41712
4041.70669269563  104.5316
4042.32495164872  92.23868
4042.94321060182  84.85634
4043.56146955491  86.99255
4044.17972850801  99.06857
4044.7979874611  91.20988
4045.41624641419  76.16964
4046.03450536729  91.47179
4046.65276432038  83.79594
4047.27102327348  75.44908
4047.88928222657  85.91116
4048.50754117967  102.16
4049.12580013276  90.30779
4049.74405908585  101.7324
4050.36231803895  103.1691
4050.98057699204  96.38017
4051.59883594514  81.23201
4052.21709489823  81.34621
4052.83535385133  83.31601
4053.45361280442  90.95715
4054.07187175752  87.902
4054.69013071061  87.21812
4055.30838966371  121.9826
4055.9266486168  106.3798
4056.54490756989  86.47481
4057.16316652299  92.62349
4057.78142547608  102.2864
4058.39968442918  103.7006
4059.01794338227  101.5605
4059.63620233537  89.91089
4060.25446128846  100.9313
4060.87272024156  101.7481
4061.49097919465  87.27009
4062.10923814774  95.41351
4062.72749710084  79.89437
4063.34575605393  68.76472
4063.96401500703  104.9169
4064.58227396012  100.4425
4065.20053291322  77.76977
4065.81879186631  108.4408
4066.43705081941  91.47957
4067.0553097725  90.14313
4067.6735687256  78.19867
4068.29182767869  83.8934
4068.91008663178  113.1113
4069.52834558488  107.8151
4070.14660453797  78.09888
4070.76486349107  86.6553
4071.38312244416  107.2103
4072.00138139726  91.73206
4072.61964035035  102.536
4073.23789930345  118.0728
4073.85615825654  111.7219
4074.47441720963  116.7659
4075.09267616273  103.8372
4075.71093511582  92.1105
4076.32919406892  114.8098
4076.94745302201  93.17216
4077.56571197511  115.0213
4078.1839709282  124.7647
4078.8022298813  115.9194
4079.42048883439  123.8209
4080.03874778749  115.1423
4080.65700674058  126.0601
4081.27526569367  136.6494
4081.89352464677  125.5594
4082.51178359986  135.5666
4083.13004255296  128.8674
4083.74830150605  124.105
4084.36656045915  138.4795
4084.98481941224  138.5524
4085.60307836533  145.6935
4086.22133731843  153.1555
4086.83959627152  166.6824
4087.45785522462  179.4058
4088.07611417771  161.1402
4088.69437313081  151.8896
4089.3126320839  194.8488
4089.930891037  171.75
4090.54914999009  179.9518
4091.16740894319  171.3254
4091.78566789628  166.3281
4092.40392684937  208.0702
4093.02218580247  188.5123
4093.64044475556  167.6081
4094.25870370866  194.7747
4094.87696266175  198.6593
4095.49522161485  168.9549
4096.11348056794  177.6413
4096.73173952104  172.6287
4097.34999847413  165.5502
4097.96825742722  159.5797
4098.58651638032  147.3102
4099.20477533341  135.997
4099.82303428651  120.7592
4100.4412932396  129.1325
4101.0595521927  101.6256
4101.67781114579  96.4396
4102.29607009889  125.8542
4102.91432905198  116.7166
4103.53258800508  111.2795
4104.15084695817  117.8815
4104.76910591126  125.6444
4105.38736486436  147.1674
4106.00562381745  138.4856
4106.62388277055  167.939
4107.24214172364  197.9346
4107.86040067674  163.0321
4108.47865962983  171.4237
4109.09691858292  193.7959
4109.71517753602  185.7775
4110.33343648911  181.2545
4110.95169544221  160.0325
4111.5699543953  175.6221
4112.1882133484  180.2283
4112.80647230149  161.0301
4113.42473125459  184.1171
4114.04299020768  205.0351
4114.66124916078  179.1772
4115.27950811387  169.5866
4115.89776706696  167.1798
4116.51602602006  186.6903
4117.13428497315  176.4108
4117.75254392625  186.0795
4118.37080287934  150.8292
4118.98906183244  168.6984
4119.60732078553  165.3986
4120.22557973863  155.029
4120.84383869172  181.3325
4121.46209764482  157.9842
4122.08035659791  171.0852
4122.698615551  141.5825
4123.3168745041  138.6822
4123.93513345719  144.3671
4124.55339241029  126.1811
4125.17165136338  136.477
4125.78991031648  147.5196
4126.40816926957  137.2251
4127.02642822267  121.333
4127.64468717576  119.0766
4128.26294612885  98.0546
4128.88120508195  124.9465
4129.49946403504  119.8736
4130.11772298814  117.2423
4130.73598194123  124.0257
4131.35424089433  122.0759
4131.97249984742  99.90961
4132.59075880052  77.66896
4133.20901775361  111.5977
4133.8272767067  91.90065
4134.4455356598  101.0085
4135.06379461289  97.17843
4135.68205356599  106.2795
4136.30031251908  100.5872
4136.91857147218  112.1816
4137.53683042527  109.1535
4138.15508937837  105.838
4138.77334833146  95.75667
4139.39160728456  117.9909
4140.00986623765  95.27345
4140.62812519074  75.23367
4141.24638414384  123.06
4141.86464309693  105.4325
4142.48290205003  89.37918
4143.10116100312  108.5654
4143.71941995622  99.11689
4144.33767890931  96.94665
4144.95593786241  96.48436
4145.5741968155  106.7925
4146.19245576859  97.10515
4146.81071472169  106.0663
4147.42897367478  114.2904
4148.04723262788  100.988
4148.66549158097  113.754
4149.28375053407  79.14663
4149.90200948716  91.4941
4150.52026844026  97.15347
4151.13852739335  81.95936
4151.75678634644  90.02266
4152.37504529954  102.3259
4152.99330425263  100.5524
4153.61156320573  106.0445
4154.22982215882  114.0383
4154.84808111192  113.92
4155.46634006501  102.8788
4156.08459901811  88.20851
4156.7028579712  63.14507
4157.3211169243  84.71084
4157.93937587739  92.51323
4158.55763483048  99.05758
4159.17589378358  111.9657
4159.79415273667  99.37435
4160.41241168977  84.10852
4161.03067064286  119.3398
4161.64892959596  70.14365
4162.26718854905  76.19598
4162.88544750215  84.1576
4163.50370645524  63.14758
4164.12196540833  66.13578
4164.74022436143  83.11076
4165.35848331452  96.44592
4165.97674226762  92.38285
4166.59500122071  92.69529
4167.21326017381  87.41717
4167.8315191269  94.31801
4168.44977808  82.77665
4169.06803703309  90.28608
4169.68629598618  102.3682
4170.30455493928  97.6704
4170.92281389237  95.60635
4171.54107284547  94.89596
4172.15933179856  88.04872
4172.77759075166  97.35037
4173.39584970475  84.23327
4174.01410865785  89.36593
4174.63236761094  69.70668
4175.25062656403  92.75364
4175.86888551713  80.51267
4176.48714447022  101.2948
4177.10540342332  91.91405
4177.72366237641  66.14484
4178.34192132951  100.3319
4178.9601802826  115.0803
4179.5784392357  91.98617
4180.19669818879  100.1201
4180.81495714189  90.13128
4181.43321609498  86.72932
4182.05147504807  97.74795
4182.66973400117  95.19106
4183.28799295426  80.85316
4183.90625190736  77.70577
4184.52451086045  112.5135
4185.14276981355  89.78928
4185.76102876664  90.68186
4186.37928771974  84.42744
4186.99754667283  79.24876
4187.61580562592  107.2275
4188.23406457902  111.504
4188.85232353211  109.2229
4189.47058248521  79.20441
4190.0888414383  85.99239
4190.7071003914  101.0104
4191.32535934449  89.25072
4191.94361829759  76.22857
4192.56187725068  71.6016
4193.18013620377  93.67291
4193.79839515687  90.3436
4194.41665410996  99.35532
4195.03491306306  108.8127
4195.65317201615  90.74178
4196.27143096925  102.3325
4196.88968992234  122.3915
4197.50794887544  110.498
4198.12620782853  103.5597
4198.74446678163  98.31549
4199.36272573472  78.5554
4199.98098468781  80.7864
4200.59924364091  99.70609
4201.217502594  113.5923
4201.8357615471  90.64874
4202.45402050019  75.69718
4203.07227945329  91.47185
4203.69053840638  74.65539
4204.30879735948  90.52264
4204.92705631257  103.2107
4205.54531526567  104.968
4206.16357421876  94.10633
4206.78183317185  107.567
4207.40009212495  103.8737
4208.01835107804  93.56005
4208.63661003114  77.42592
4209.25486898423  84.65352
4209.87312793733  97.86255
4210.49138689042  78.21007
4211.10964584351  125.2441
4211.72790479661  109.7889
4212.3461637497  86.78816
4212.9644227028  88.42249
4213.58268165589  99.60059
4214.20094060899  96.48251
4214.81919956208  91.17841
4215.43745851518  107.939
4216.05571746827  105.383
4216.67397642137  90.72395
4217.29223537446  87.11162
4217.91049432755  97.43295
4218.52875328065  86.32813
4219.14701223374  101.8328
4219.76527118684  108.8455
4220.38353013993  77.34557
4221.00178909303  70.93581
4221.62004804612  102.9364
4222.23830699922  84.11275
4222.85656595231  85.02087
4223.47482490541  96.17408
4224.0930838585  76.15434
4224.71134281159  75.49105
4225.32960176469  105.601
4225.94786071778  80.356
4226.56611967088  92.25826
4227.18437862397  105.9904
4227.80263757707  86.42651
4228.42089653016  65.80764
4229.03915548326  74.40284
4229.65741443635  87.88505
4230.27567338944  75.27644
4230.89393234254  94.13029
4231.51219129563  84.48059
4232.13045024873  86.70905
4232.74870920182  122.0063
4233.36696815492  81.00321
4233.98522710801  74.14011
4234.60348606111  80.10822
4235.2217450142  95.24423
4235.84000396729  95.13656
4236.45826292039  100.3418
4237.07652187348  96.80322
4237.69478082658  75.63176
4238.31303977967  80.40076
4238.93129873277  74.77682
4239.54955768586  67.8082
4240.16781663896  97.23198
4240.78607559205  106.7954
4241.40433454514  88.2205
4242.02259349824  92.94702
4242.64085245133  91.90134
4243.25911140443  93.24644
4243.87737035752  87.73625
4244.49562931062  92.53412
4245.11388826371  82.68751
4245.73214721681  90.41463
4246.3504061699  96.5141
4246.968665123  75.59787
4247.58692407609  89.52515
4248.20518302918  107.9399
4248.82344198228  80.74561
4249.44170093537  100.9484
4250.05995988847  98.52277
4250.67821884156  96.88863
4251.29647779466  93.67227
4251.91473674775  66.91103
4252.53299570085  89.11552
4253.15125465394  105.8805
4253.76951360703  85.21922
4254.38777256013  69.30085
4255.00603151322  87.60528
4255.62429046632  87.51921
4256.24254941941  96.90916
4256.86080837251  83.08655
4257.4790673256  90.16773
4258.0973262787  99.94245
4258.71558523179  84.67012
4259.33384418488  92.71311
4259.95210313798  93.59984
4260.57036209107  75.63669
4261.18862104417  92.26324
4261.80687999726  102.4461
4262.42513895036  93.49786
4263.04339790345  83.83821
4263.66165685655  71.36097
4264.27991580964  85.33733
4264.89817476274  94.71166
4265.51643371583  82.43371
4266.13469266892  78.97737
4266.75295162202  75.93697
4267.37121057511  98.81372
4267.98946952821  94.68366
4268.6077284813  91.1753
4269.2259874344  72.59585
4269.84424638749  99.93623
4270.46250534059  80.22816
4271.08076429368  89.77033
4271.69902324677  108.2614
4272.31728219987  99.48957
4272.93554115296  107.5559
4273.55380010606  86.79398
4274.17205905915  79.05397
4274.79031801225  89.82874
4275.40857696534  84.38846
4276.02683591844  77.28712
4276.64509487153  100.1961
4277.26335382462  94.79223
4277.88161277772  94.17692
4278.49987173081  108.1425
4279.11813068391  105.1421
4279.736389637  87.55594
4280.3546485901  88.94373
4280.97290754319  93.34666
4281.59116649629  107.0841
4282.20942544938  100.3675
4282.82768440248  115.9167
4283.44594335557  99.20231
4284.06420230866  108.4498
4284.68246126176  117.4819
4285.30072021485  88.60876
4285.91897916795  113.7637
4286.53723812104  106.4324
4287.15549707414  93.27728
4287.77375602723  106.8324
4288.39201498033  78.9487
4289.01027393342  112.7716
4289.62853288651  91.46429
4290.24679183961  103.0842
4290.8650507927  116.6149
4291.4833097458  109.8109
4292.10156869889  88.21622
4292.71982765199  95.89552
4293.33808660508  87.00325
4293.95634555817  87.15598
4294.57460451127  104.825
4295.19286346436  83.85371
4295.81112241746  98.90898
4296.42938137055  97.36951
4297.04764032365  90.19995
4297.66589927674  113.2293
4298.28415822984  106.6882
4298.90241718293  95.62045
4299.52067613603  100.4619
4300.13893508912  99.86629
4300.75719404222  101.9092
4301.37545299531  92.21831
4301.9937119484  98.26546
4302.6119709015  99.31939
4303.23022985459  100.1056
4303.84848880769  83.80412
4304.46674776078  104.4891
4305.08500671388  83.70171
4305.70326566697  98.37025
4306.32152462007  121.7761
4306.93978357316  94.41846
4307.55804252626  104.6629
4308.17630147935  116.7286
4308.79456043244  99.15951
4309.41281938554  104.2713
4310.03107833863  115.2377
4310.64933729173  105.0332
4311.26759624482  105.0839
4311.88585519792  119.2059
4312.50411415101  92.41914
4313.1223731041  126.5134
4313.7406320572  130.2571
4314.35889101029  107.1986
4314.97714996339  134.0181
4315.59540891648  150.5014
4316.21366786958  114.6875
4316.83192682267  120.9764
4317.45018577577  115.5377
4318.06844472886  139.7791
4318.68670368196  126.7897
4319.30496263505  151.9019
4319.92322158814  145.4293
4320.54148054124  145.9189
4321.15973949433  147.8564
4321.77799844743  162.318
4322.39625740052  148.5211
4323.01451635362  155.7129
4323.63277530671  157.3183
4324.25103425981  170.1126
4324.8692932129  149.37
4325.48755216599  166.5631
4326.10581111909  169.235
4326.72407007218  177.5901
4327.34232902528  211.7202
4327.96058797837  202.019
4328.57884693147  175.8127
4329.19710588456  192.2386
4329.81536483766  199.7551
4330.43362379075  194.66
4331.05188274385  212.9447
4331.67014169694  210.0716
4332.28840065003  193.4269
4332.90665960313  213.854
4333.52491855622  202.8479
4334.14317750932  208.542
4334.76143646241  188.5566
4335.37969541551  171.243
4335.9979543686  194.3072
4336.61621332169  185.7447
4337.23447227479  167.349
4337.85273122788  161.5169
4338.47099018098  151.9507
4339.08924913407  102.9443
4339.70750808717  122.3548
4340.32576704026  97.53712
4340.94402599336  129.2761
4341.56228494645  130.049
4342.18054389955  127.6887
4342.79880285264  148.2565
4343.41706180573  153.6119
4344.03532075883  141.4403
4344.65357971192  181.8026
4345.27183866502  187.1764
4345.89009761811  182.6625
4346.50835657121  188.1194
4347.1266155243  211.5618
4347.7448744774  220.1975
4348.36313343049  201.8633
4348.98139238358  216.3491
4349.59965133668  202.6781
4350.21791028977  202.7154
4350.83616924287  211.2018
4351.45442819596  225.4274
4352.07268714906  221.8233
4352.69094610215  205.062
4353.30920505525  159.5364
4353.92746400834  204.2346
4354.54572296143  195.1522
4355.16398191453  194.3595
4355.78224086762  181.6167
4356.40049982072  163.4611
4357.01875877381  191.5772
4357.63701772691  163.6449
4358.25527668  165.5955
4358.8735356331  161.208
4359.49179458619  160.7569
4360.11005353929  174.8983
4360.72831249238  167.8156
4361.34657144547  168.4996
4361.96483039857  157.771
4362.58308935166  156.2239
4363.20134830476  149.9562
4363.81960725785  141.2453
4364.43786621095  135.7218
4365.05612516404  147.2756
4365.67438411714  120.985
4366.29264307023  123.9249
4366.91090202333  141.3206
4367.52916097642  128.4541
4368.14741992951  114.1413
4368.76567888261  110.3546
4369.3839378357  122.952
4370.0021967888  139.4933
4370.62045574189  115.3181
4371.23871469499  102.8947
4371.85697364808  132.0547
4372.47523260117  106.7523
4373.09349155427  109.5975
4373.71175050736  110.6249
4374.33000946046  102.1834
4374.94826841355  125.6914
4375.56652736665  105.4646
4376.18478631974  105.9781
4376.80304527284  112.22
4377.42130422593  109.3439
4378.03956317902  119.4296
4378.65782213212  131.9151
4379.27608108521  106.6449
4379.89434003831  102.2139
4380.5125989914  105.9922
4381.1308579445  114.1137
4381.74911689759  108.4431
4382.36737585069  109.4575
4382.98563480378  80.44456
4383.60389375688  95.80212
4384.22215270997  100.3371
4384.84041166307  92.11219
4385.45867061616  83.92035
4386.07692956925  92.87471
4386.69518852235  95.3576
4387.31344747544  110.2066
4387.93170642854  116.777
4388.54996538163  97.54503
4389.16822433473  94.13924
4389.78648328782  92.31934
4390.40474224092  80.65015
4391.02300119401  104.8342
4391.6412601471  83.59686
4392.2595191002  108.8362
4392.87777805329  82.99144
4393.49603700639  71.94138
4394.11429595948  109.4172
4394.73255491258  78.53139
4395.35081386567  100.0283
4395.96907281876  98.27269
4396.58733177186  101.3691
4397.20559072495  100.7478
4397.82384967805  81.37537
4398.44210863114  101.9916
4399.06036758424  80.87425
4399.67862653733  116.6985
4400.29688549043  103.3442
4400.91514444352  101.4738
4401.53340339661  103.9079
4402.15166234971  77.25803
4402.7699213028  105.7519
4403.3881802559  108.0338
4404.00643920899  90.69991
4404.62469816209  114.4483
4405.24295711518  92.00677
4405.86121606828  93.35907
4406.47947502137  83.9681
4407.09773397447  114.715
4407.71599292756  97.07592
4408.33425188066  100.0006
4408.95251083375  99.08562
4409.57076978684  72.24635
4410.18902873994  102.4871
4410.80728769303  119.4981
4411.42554664613  94.73836
4412.04380559922  90.06019
4412.66206455232  83.67751
4413.28032350541  105.4155
4413.89858245851  115.9259
4414.5168414116  103.7033
4415.13510036469  90.46295
4415.75335931779  95.82088
4416.37161827088  112.4623
4416.98987722398  84.79147
4417.60813617707  96.64288
4418.22639513017  97.66644
4418.84465408326  82.83938
4419.46291303636  69.94427
4420.08117198945  108.139
4420.69943094254  107.8335
4421.31768989564  65.46056
4421.93594884873  109.9056
4422.55420780183  93.11507
4423.17246675492  90.90622
4423.79072570802  106.4298
4424.40898466111  81.88832
4425.0272436142  116.2983
4425.6455025673  104.0635
4426.2637615204  69.51501
4426.88202047349  95.74001
4427.50027942658  94.48306
4428.11853837968  83.60808
4428.73679733277  83.50038
4429.35505628587  97.94674
4429.97331523896  122.6037
4430.59157419206  119.6771
4431.20983314515  73.5831
4431.82809209825  87.94254
4432.44635105134  88.76231
4433.06461000443  66.41012
4433.68286895753  78.7411
4434.30112791062  91.12623
4434.91938686372  75.20885
4435.53764581681  84.86911
4436.15590476991  74.02437
4436.774163723  83.8593
4437.3924226761  102.4066
4438.01068162919  96.40492
4438.62894058228  96.20605
4439.24719953538  87.90998
4439.86545848847  113.6664
4440.48371744157  121.6803
4441.10197639466  98.26636
4441.72023534776  107.4217
4442.33849430085  109.1417
4442.95675325395  110.9118
4443.57501220704  106.2448
4444.19327116014  110.2402
4444.81153011323  95.12941
4445.42978906632  88.84303
4446.04804801942  90.95458
4446.66630697251  125.3453
4447.28456592561  93.84808
4447.9028248787  122.0221
4448.5210838318  118.0987
4449.13934278489  122.9834
4449.75760173799  123.1011
4450.37586069108  132.7119
4450.99411964417  111.2366
4451.61237859727  127.4983
4452.23063755036  98.63327
4452.84889650346  107.1931
4453.46715545655  117.3884
4454.08541440965  131.1487
4454.70367336274  121.7663
4455.32193231584  130.0136
4455.94019126893  104.8269
4456.55845022202  110.5734
4457.17670917512  145.3177
4457.79496812821  119.3212
4458.41322708131  96.46114
4459.0314860344  132.2621
4459.6497449875  113.0667
4460.26800394059  124.1972
4460.88626289369  122.1064
4461.50452184678  120.4127
4462.12278079988  118.6708
4462.74103975297  134.4159
4463.35929870607  138.8141
4463.97755765916  126.2426
4464.59581661225  125.8779
4465.21407556535  145.6449
4465.83233451844  125.1042
4466.45059347154  112.832
4467.06885242463  127.2587
4467.68711137773  102.5204
4468.30537033082  120.0792
4468.92362928392  114.1169
4469.54188823701  110.6159
4470.1601471901  105.8768
4470.7784061432  96.02052
4471.39666509629  75.46484
4472.01492404939  84.47603
4472.63318300248  124.8569
4473.25144195558  92.46887
4473.86970090867  90.35253
4474.48795986177  112.9258
4475.10621881486  95.52523
4475.72447776795  109.9848
4476.34273672105  125.5614
4476.96099567414  87.50607
4477.57925462724  107.0054
4478.19751358033  109.2519
4478.81577253343  106.3548
4479.43403148652  107.7723
4480.05229043961  116.0144
4480.67054939271  115.2575
4481.28880834581  117.3906
4481.9070672989  124.1141
4482.52532625199  120.8178
4483.14358520509  109.7322
4483.76184415818  124.4513
4484.38010311128  128.3104
4484.99836206437  112.1575
4485.61662101747  109.4008
4486.23487997056  132.9032
4486.85313892366  137.1592
4487.47139787675  120.9202
4488.08965682984  119.0009
4488.70791578294  120.52
4489.32617473603  125.2384
4489.94443368913  142.8893
4490.56269264222  135.6911
4491.18095159532  115.6798
4491.79921054841  110.0929
4492.41746950151  101.6592
4493.0357284546  117.4463
4493.65398740769  106.0306
4494.27224636079  115.5361
4494.89050531388  122.3203
4495.50876426698  121.1629
4496.12702322007  131.1547
4496.74528217317  108.1864
4497.36354112626  121.148
4497.98180007936  132.3814
4498.60005903245  96.06693
4499.21831798554  105.4151
4499.83657693864  119.3247
4500.45483589173  114.5597
4501.07309484483  124.3092
4501.69135379792  126.6933
4502.30961275102  109.6991
4502.92787170411  92.76607
4503.54613065721  94.73612
4504.1643896103  100.5063
4504.78264856339  109.7409
4505.40090751649  104.5186
4506.01916646958  102.816
4506.63742542268  105.1546
4507.25568437577  106.797
4507.87394332887  91.30719
4508.49220228196  101.5838
4509.11046123506  87.50457
4509.72872018815  108.1288
4510.34697914125  100.4734
4510.96523809434  87.38591
4511.58349704743  102.1994
4512.20175600053  102.5413
4512.82001495362  102.3795
4513.43827390672  119.0033
4514.05653285981  91.87395
4514.67479181291  100.4992
4515.293050766  95.054
4515.9113097191  114.9264
4516.52956867219  92.93273
4517.14782762528  89.14999
4517.76608657838  108.4248
4518.38434553147  110.6831
4519.00260448457  83.494
4519.62086343766  105.7787
4520.23912239076  101.5893
4520.85738134385  112.1884
4521.47564029695  115.3007
4522.09389925004  88.17528
4522.71215820314  117.3789
4523.33041715623  114.5582
4523.94867610932  110.5141
4524.56693506242  118.3183
4525.18519401551  95.91673
4525.80345296861  143.8647
4526.4217119217  120.384
4527.0399708748  107.9693
4527.65822982789  103.8685
4528.27648878099  94.17387
4528.89474773408  121.0489
4529.51300668717  101.5334
4530.13126564027  93.56236
4530.74952459336  112.6611
4531.36778354646  121.6342
4531.98604249955  92.18122
4532.60430145265  104.7457
4533.22256040574  116.9845
4533.84081935883  123.9011
4534.45907831193  110.6588
4535.07733726502  107.9367
4535.69559621812  109.7031
4536.31385517121  109.7174
4536.93211412431  97.48897
4537.5503730774  103.3213
4538.1686320305  114.5104
4538.78689098359  106.9398
4539.40514993669  104.1063
4540.02340888978  98.86915
4540.64166784288  93.70889
4541.25992679597  120.3052
4541.87818574906  119.4179
4542.49644470216  100.3031
4543.11470365525  113.0784
4543.73296260835  113.5139
4544.35122156144  102.1137
4544.96948051454  90.76484
4545.58773946763  93.80214
4546.20599842073  121.9783
4546.82425737382  133.7822
4547.44251632692  136.5585
4548.06077528001  112.6516
4548.6790342331  105.1824
4549.2972931862  110.3518
4549.91555213929  130.1009
4550.53381109239  108.2621
4551.15207004548  105.906
4551.77032899858  117.5107
4552.38858795167  107.1279
4553.00684690476  104.492
4553.62510585786  91.98196
4554.24336481095  101.3228
4554.86162376405  99.33894
4555.47988271714  111.285
4556.09814167024  91.11701
4556.71640062333  113.6745
4557.33465957642  105.7349
4557.95291852952  92.76292
4558.57117748261  105.3558
4559.18943643571  105.3475
4559.8076953888  98.21981
4560.4259543419  101.2784
4561.04421329499  110.1694
4561.66247224809  119.0449
4562.28073120118  107.2327
4562.89899015428  104.4506
4563.51724910737  118.9678
4564.13550806047  87.52511
4564.75376701356  130.5673
4565.37202596665  116.0916
4565.99028491975  97.45464
4566.60854387284  124.7233
4567.22680282594  116.8559
4567.84506177903  100.2681
4568.46332073213  134.6929
4569.08157968522  119.047
4569.69983863832  108.6479
4570.31809759141  127.3265
4570.93635654451  117.7877
4571.5546154976  124.5303
4572.17287445069  99.07862
4572.79113340379  98.89797
4573.40939235688  110.8567
4574.02765130998  108.3019
4574.64591026307  79.96806
4575.26416921617  100.4792
4575.88242816926  93.866
4576.50068712235  107.357
4577.11894607545  112.76
4577.73720502854  94.41196
4578.35546398164  75.11871
4578.97372293473  104.936
4579.59198188783  106.8612
4580.21024084092  118.5473
4580.82849979402  115.7094
4581.44675874711  114.2314
4582.0650177002  118.5783
4582.6832766533  104.2375
4583.30153560639  110.4467
4583.91979455949  92.65763
4584.53805351258  87.77621
4585.15631246568  123.6197
4585.77457141877  95.9869
4586.39283037187  107.2504
4587.01108932496  124.6336
4587.62934827806  129.6395
4588.24760723115  111.9352
4588.86586618424  117.2066
4589.48412513734  103.0734
4590.10238409043  102.4955
4590.72064304353  102.8644
4591.33890199662  100.39
4591.95716094972  95.55058
4592.57541990281  112.2562
4593.19367885591  117.4742
4593.811937809  126.2282
4594.43019676209  99.48008
4595.04845571519  97.09486
4595.66671466828  108.4986
4596.28497362138  108.053
4596.90323257447  94.40092
4597.52149152757  110.3171
4598.13975048066  102.1374
4598.75800943376  117.8722
4599.37626838685  94.39008
4599.99452733995  108.6118
4600.61278629304  114.7165
4601.23104524613  90.58284
4601.84930419923  118.2055
4602.46756315232  108.7404
4603.08582210542  100.8815
4603.70408105851  122.8358
4604.32234001161  115.2919
4604.9405989647  114.656
4605.5588579178  96.3953
4606.17711687089  90.88533
4606.79537582398  119.333
4607.41363477708  125.519
4608.03189373017  125.1315
4608.65015268327  116.3071
4609.26841163636  94.70464
4609.88667058946  114.2325
4610.50492954255  108.8931
4611.12318849565  101.1558
4611.74144744874  108.3627
4612.35970640183  93.70424
4612.97796535493  94.28832
4613.59622430802  85.62915
4614.21448326112  113.2389
4614.83274221421  114.9224
4615.45100116731  122.714
4616.0692601204  103.5901
4616.6875190735  94.49958
4617.30577802659  88.88663
4617.92403697969  110.6422
4618.54229593278  105.7575
4619.16055488587  111.8152
4619.77881383897  95.60703
4620.39707279206  112.6672
4621.01533174516  99.92117
4621.63359069825  78.86987
4622.25184965135  103.8107
4622.87010860444  124.7993
4623.48836755754  108.6321
4624.10662651063  96.95261
4624.72488546373  105.239
4625.34314441682  98.27982
4625.96140336991  119.4321
4626.57966232301  114.8973
4627.1979212761  131.2936
4627.8161802292  112.2013
4628.43443918229  95.38567
4629.05269813539  111.9768
4629.67095708848  97.58498
4630.28921604158  119.8175
4630.90747499467  123.7235
4631.52573394776  91.12156
4632.14399290086  113.9945
4632.76225185395  105.3589
4633.38051080705  102.192
4633.99876976014  90.91363
4634.61702871324  110.9952
4635.23528766633  90.25916
4635.85354661942  75.62086
4636.47180557252  120.0823
4637.09006452561  118.2856
4637.70832347871  111.7356
4638.3265824318  124.0842
4638.9448413849  82.89259
4639.56310033799  112.235
4640.18135929109  130.4055
4640.79961824418  116.6364
4641.41787719728  90.54084
4642.03613615037  119.5244
4642.65439510347  114.6252
4643.27265405656  73.3714
4643.89091300965  75.79227
4644.50917196275  122.499
4645.12743091584  124.1502
4645.74568986894  107.2317
4646.36394882203  118.5105
4646.98220777513  128.2968
4647.60046672822  113.0935
4648.21872568132  86.69797
4648.83698463441  113.9838
4649.4552435875  106.0079
4650.0735025406  118.2599
4650.69176149369  131.0889
4651.31002044679  124.4516
4651.92827939988  116.9772
4652.54653835298  96.85796
4653.16479730607  99.06203
4653.78305625917  104.7811
4654.40131521226  110.5016
4655.01957416535  103.8168
4655.63783311845  109.4402
4656.25609207154  117.3591
4656.87435102464  98.88389
4657.49260997773  120.3123
4658.11086893083  95.32568
4658.72912788392  106.4235
4659.34738683701  124.9741
4659.96564579011  118.5434
4660.5839047432  132.4009
4661.2021636963  123.1244
4661.82042264939  121.8665
4662.43868160249  100.5269
4663.05694055558  110.2378
4663.67519950868  117.601
4664.29345846177  99.68408
4664.91171741487  132.9547
4665.52997636796  106.8904
4666.14823532106  83.54415
4666.76649427415  121.9218
4667.38475322724  131.7331
4668.00301218034  96.89061
4668.62127113343  104.2887
4669.23953008653  117.102
4669.85778903962  113.5314
4670.47604799272  124.6381
4671.09430694581  117.3256
4671.71256589891  137.318
4672.330824852  137.4987
4672.94908380509  125.0375
4673.56734275819  123.8919
4674.18560171128  115.4535
4674.80386066438  106.6387
4675.42211961747  110.5036
4676.04037857057  91.85155
4676.65863752366  101.54
4677.27689647676  134.6564
4677.89515542985  123.6981
4678.51341438294  116.147
4679.13167333604  144.6136
4679.74993228913  96.19588
4680.36819124223  120.9646
4680.98645019532  119.8602
4681.60470914842  115.964
4682.22296810151  124.6091
4682.84122705461  103.7962
4683.4594860077  117.9696
4684.07774496079  98.12009
4684.69600391389  103.8959
4685.31426286698  91.52721
4685.93252182008  121.3404
4686.55078077317  122.8111
4687.16903972627  128.1891
4687.78729867936  105.2867
4688.40555763246  117.9333
4689.02381658555  136.0857
4689.64207553865  107.425
4690.26033449174  109.2736
4690.87859344483  99.73934
4691.49685239793  102.0039
4692.11511135102  118.1439
4692.73337030412  115.9411
4693.35162925721  111.657
4693.96988821031  113.9614
4694.5881471634  100.7137
4695.2064061165  102.4608
4695.82466506959  120.526
4696.44292402268  122.132
4697.06118297578  119.7121
4697.67944192887  104.5443
4698.29770088197  119.737
4698.91595983506  116.8589
4699.53421878816  140.9594
4700.15247774125  128.3403
4700.77073669435  110.2032
4701.38899564744  105.8704
4702.00725460054  116.8345
4702.62551355363  125.8075
4703.24377250672  110.2471
4703.86203145982  116.1158
4704.48029041291  97.35496
4705.09854936601  98.26563
4705.7168083191  106.0331
4706.3350672722  113.0834
4706.95332622529  118.6896
4707.57158517839  130.2297
4708.18984413148  118.6986
4708.80810308457  121.0216
4709.42636203767  124.5439
4710.04462099076  120.2444
4710.66287994386  100.4927
4711.28113889695  127.5637
4711.89939785005  107.9051
4712.51765680314  99.26562
4713.13591575624  111.1392
4713.75417470933  110.7774
4714.37243366242  129.2798
4714.99069261552  109.9808
4715.60895156861  96.35471
4716.22721052171  112.2304
4716.8454694748  152.3056
4717.4637284279  128.2372
4718.08198738099  116.8924
4718.70024633409  113.9443
4719.31850528718  108.0339
4719.93676424028  109.3373
4720.55502319337  113.9253
4721.17328214646  96.46747
4721.79154109956  109.0169
4722.40980005265  119.3202
4723.02805900575  110.1106
4723.64631795884  112.4722
4724.26457691194  101.4946
4724.88283586503  117.2346
4725.50109481813  111.6362
4726.11935377122  116.5451
4726.73761272431  109.3612
4727.35587167741  120.0572
4727.9741306305  125.0915
4728.5923895836  123.8113
4729.21064853669  107.5697
4729.82890748979  123.6679
4730.44716644288  110.165
4731.06542539598  128.0045
4731.68368434907  102.3236
4732.30194330217  101.6013
4732.92020225526  104.034
4733.53846120835  96.06101
4734.15672016145  110.7865
4734.77497911454  105.1307
4735.39323806764  118.951
4736.01149702073  96.42784
4736.62975597383  114.5349
4737.24801492692  113.9769
4737.86627388001  98.79509
4738.48453283311  103.6876
4739.1027917862  88.15976
4739.7210507393  96.7257
4740.33930969239  108.6496
4740.95756864549  119.5672
4741.57582759858  111.7272
4742.19408655168  101.0332
4742.81234550477  105.3251
4743.43060445787  119.9191
4744.04886341096  127.4703
4744.66712236405  102.2699
4745.28538131715  111.6877
4745.90364027024  106.2928
4746.52189922334  107.093
4747.14015817643  106.454
4747.75841712953  109.942
4748.37667608262  106.8011
4748.99493503572  110.0369
4749.61319398881  109.4007
4750.23145294191  104.0572
4750.849711895  101.5314
4751.46797084809  84.8136
4752.08622980119  91.66467
4752.70448875428  116.7668
4753.32274770738  95.73887
4753.94100666047  114.6591
4754.55926561357  106.6932
4755.17752456666  94.68374
4755.79578351976  90.223
4756.41404247285  110.8512
4757.03230142594  100.0673
4757.65056037904  105.9355
4758.26881933213  108.2003
4758.88707828523  79.84232
4759.50533723832  112.3531
4760.12359619142  97.42331
4760.74185514451  100.366
4761.3601140976  124.1305
4761.9783730507  104.1105
4762.59663200379  86.64318
4763.21489095689  107.466
4763.83314990998  136.942
4764.45140886308  104.4021
4765.06966781617  77.48168
4765.68792676927  86.57986
4766.30618572236  116.8379
4766.92444467546  94.79853
4767.54270362855  99.59112
4768.16096258164  96.07193
4768.77922153474  107.6952
4769.39748048783  100.426
4770.01573944093  95.36633
4770.63399839402  126.3482
4771.25225734712  109.2672
4771.87051630021  94.66798
4772.48877525331  95.30341
4773.1070342064  112.851
4773.7252931595  112.7163
4774.34355211259  94.71151
4774.96181106568  88.11019
4775.58007001878  90.54559
4776.19832897187  85.52008
4776.81658792497  118.2733
4777.43484687806  101.4754
4778.05310583116  100.07
4778.67136478425  75.78941
4779.28962373735  90.35189
4779.90788269044  130.6507
4780.52614164353  113.5352
4781.14440059663  92.87923
4781.76265954972  124.7852
4782.38091850282  99.37502
4782.99917745591  96.61461
4783.61743640901  111.9306
4784.2356953621  105.3747
4784.8539543152  80.63237
4785.47221326829  100.9211
4786.09047222138  109.8301
4786.70873117448  96.91283
4787.32699012757  105.5047
4787.94524908067  97.49509
4788.56350803376  81.35287
4789.18176698686  85.15938
4789.80002593995  112.8849
4790.41828489305  105.5827
4791.03654384614  94.42787
4791.65480279923  95.72556
4792.27306175233  93.39371
4792.89132070542  71.50309
4793.50957965852  91.35468
4794.12783861161  105.0441
4794.74609756471  76.53357
4795.3643565178  95.56021
4795.9826154709  92.16399
4796.60087442399  93.13129
4797.21913337708  113.2718
4797.83739233018  108.8761
4798.45565128327  109.3574
4799.07391023637  88.86369
4799.69216918946  112.8937
4800.31042814256  120.6362
4800.92868709565  86.30541
4801.54694604875  96.32476
4802.16520500184  85.40659
4802.78346395494  112.7645
4803.40172290803  103.4749
4804.01998186112  115.9304
4804.63824081422  103.3079
4805.25649976731  96.70216
4805.87475872041  74.8469
4806.4930176735  109.1486
4807.1112766266  97.79929
4807.72953557969  93.52963
4808.34779453279  79.40771
4808.96605348588  134.4314
4809.58431243898  80.076
4810.20257139207  88.11921
4810.82083034516  116.0835
4811.43908929826  99.2664
4812.05734825135  128.8759
4812.67560720445  100.8542
4813.29386615754  118.7701
4813.91212511064  100.8556
4814.53038406373  81.61672
4815.14864301682  125.1202
4815.76690196992  122.5892
4816.38516092301  121.2008
4817.00341987611  116.3066
4817.6216788292  105.7994
4818.2399377823  136.1118
4818.85819673539  89.74521
4819.47645568849  107.0713
4820.09471464158  117.4345
4820.71297359467  108.7632
4821.33123254777  132.0974
4821.94949150087  109.5314
4822.56775045396  121.5235
4823.18600940705  101.3354
4823.80426836015  150.079
4824.42252731324  117.5067
4825.04078626634  115.4356
4825.65904521943  120.9999
4826.27730417252  138.1514
4826.89556312562  118.6464
4827.51382207872  105.3544
4828.13208103181  119.7968
4828.7503399849  126.8844
4829.368598938  131.8603
4829.98685789109  120.8549
4830.60511684419  155.1231
4831.22337579728  120.3804
4831.84163475038  139.4774
4832.45989370347  154.4592
4833.07815265657  162.8174
4833.69641160966  167.6628
4834.31467056275  146.5356
4834.93292951585  128.6311
4835.55118846894  137.9946
4836.16944742204  171.2796
4836.78770637513  142.5919
4837.40596532823  174.554
4838.02422428132  188.2743
4838.64248323442  169.2331
4839.26074218751  185.9717
4839.8790011406  210.0169
4840.4972600937  187.8369
4841.11551904679  181.8302
4841.73377799989  198.1943
4842.35203695298  160.6835
4842.97029590608  209.4328
4843.58855485917  180.8808
4844.20681381226  185.7044
4844.82507276536  228.1322
4845.44333171846  195.2309
4846.06159067155  213.4198
4846.67984962464  234.8816
4847.29810857774  225.9404
4847.91636753083  219.3069
4848.53462648393  266.9249
4849.15288543702  247.4382
4849.77114439012  235.5096
4850.38940334321  232.6513
4851.00766229631  269.2982
4851.6259212494  281.8536
4852.24418020249  272.6678
4852.86243915559  263.143
4853.48069810868  270.9308
4854.09895706178  285.8988
4854.71721601487  254.8412
4855.33547496797  222.1931
4855.95373392106  257.4832
4856.57199287416  230.4518
4857.19025182725  192.304
4857.80851078034  202.5715
4858.42676973344  206.9492
4859.04502868653  174.0203
4859.66328763963  170.4272
4860.28154659272  176.798
4860.89980554582  144.0073
4861.51806449891  125.8637
4862.13632345201  132.7642
4862.7545824051  128.3479
4863.37284135819  154.7836
4863.99110031129  166.7087
4864.60935926438  208.577
4865.22761821748  209.6037
4865.84587717057  168.081
4866.46413612367  228.8996
4867.08239507676  233.8407
4867.70065402986  253.4158
4868.31891298295  272.2785
4868.93717193605  284.8065
4869.55543088914  279.47
4870.17368984223  291.0494
4870.79194879533  259.0574
4871.41020774842  299.593
4872.02846670152  292.269
4872.64672565461  263.8916
4873.26498460771  271.4812
4873.8832435608  292.9615
4874.5015025139  289.4095
4875.11976146699  236.7798
4875.73802042008  263.5397
4876.35627937318  241.3774
4876.97453832627  233.1355
4877.59279727937  240.8711
4878.21105623246  229.4575
4878.82931518556  216.2284
4879.44757413865  207.6543
4880.06583309175  233.35
4880.68409204484  206.2555
4881.30235099793  177.0719
4881.92060995103  211.2141
4882.53886890412  207.9991
4883.15712785722  180.4581
4883.77538681031  211.4996
4884.39364576341  202.9825
4885.0119047165  163.522
4885.6301636696  169.5435
4886.24842262269  177.0923
4886.86668157579  182.5815
4887.48494052888  181.5329
4888.10319948197  146.3205
4888.72145843507  136.2334
4889.33971738816  157.0302
4889.95797634126  149.7664
4890.57623529435  149.2812
4891.19449424745  165.293
4891.81275320054  176.8658
4892.43101215364  155.1454
4893.04927110673  122.1099
4893.66753005982  125.416
4894.28578901292  153.4812
4894.90404796601  157.0737
4895.52230691911  140.9303
4896.1405658722  129.9455
4896.7588248253  119.4787
4897.37708377839  156.0491
4897.99534273149  134.3275
4898.61360168458  143.8746
4899.23186063767  129.4727
4899.85011959077  134.4453
4900.46837854386  146.7641
4901.08663749696  119.5041
4901.70489645005  121.2356
4902.32315540315  147.3836
4902.94141435624  122.8248
4903.55967330934  105.9285
4904.17793226243  149.8432
4904.79619121552  123.3855
4905.41445016862  114.326
4906.03270912171  135.1557
4906.65096807481  137.1888
4907.2692270279  115.8679
4907.887485981  150.2498
4908.50574493409  120.9695
4909.12400388719  100.0699
4909.74226284028  133.1044
4910.36052179338  137.3631
4910.97878074647  133.7343
4911.59703969957  138.6732
4912.21529865266  115.2014
4912.83355760575  124.6192
4913.45181655885  116.1233
4914.07007551194  123.6729
4914.68833446504  134.8713
4915.30659341813  122.5321
4915.92485237123  119.4107
4916.54311132432  139.8734
4917.16137027741  122.3328
4917.77962923051  118.6847
4918.3978881836  132.1363
4919.0161471367  134.0392
4919.63440608979  118.752
4920.25266504289  134.4823
4920.87092399598  106.6708
4921.48918294908  96.96779
4922.10744190217  85.68349
4922.72570085526  114.7053
4923.34395980836  97.03256
4923.96221876146  105.4041
4924.58047771455  95.69878
4925.19873666764  108.3226
4925.81699562074  115.8892
4926.43525457383  117.5185
4927.05351352693  102.459
4927.67177248002  112.2588
4928.29003143311  118.1172
4928.90829038621  106.5348
4929.52654933931  109.9797
4930.1448082924  141.856
4930.76306724549  129.3282
4931.38132619859  95.83044
4931.99958515168  120.537
4932.61784410478  111.3721
4933.23610305787  127.6779
4933.85436201097  108.0094
4934.47262096406  99.65272
4935.09087991716  121.3279
4935.70913887025  119.5525
4936.32739782334  128.7862
4936.94565677644  84.28066
4937.56391572953  131.9817
4938.18217468263  137.7526
4938.80043363572  118.4934
4939.41869258882  100.7842
4940.03695154191  120.5968
4940.65521049501  114.9563
4941.2734694481  90.08997
4941.89172840119  109.0192
4942.50998735429  102.9053
4943.12824630738  127.6732
4943.74650526048  120.0808
4944.36476421357  101.9433
4944.98302316667  112.6314
4945.60128211976  105.6592
4946.21954107285  112.0281
4946.83780002595  107.151
4947.45605897904  122.0087
4948.07431793214  130.6306
4948.69257688523  124.9578
4949.31083583833  101.8474
4949.92909479142  148.1193
4950.54735374452  128.1412
4951.16561269761  96.171
4951.78387165071  97.47769
4952.4021306038  96.2429
4953.0203895569  108.2559
4953.63864850999  119.8042
4954.25690746308  107.2144
4954.87516641618  114.4387
4955.49342536927  116.5894
4956.11168432237  114.3528
4956.72994327546  111.9432
4957.34820222856  97.64255
4957.96646118165  93.39957
4958.58472013475  98.96637
4959.20297908784  116.6554
4959.82123804093  104.3584
4960.43949699403  102.0727
4961.05775594712  109.8495
4961.67601490022  62.6082
4962.29427385331  77.92803
4962.91253280641  84.06863
4963.5307917595  106.9109
4964.1490507126  106.4486
4964.76730966569  98.465
4965.38556861878  95.48791
4966.00382757188  106.0121
4966.62208652497  98.11247
4967.24034547807  101.4388
4967.85860443116  105.4289
4968.47686338426  84.61211
4969.09512233735  105.2971
4969.71338129044  97.67065
4970.33164024354  112.7539
4970.94989919663  96.55173
4971.56815814973  111.302
4972.18641710282  132.2717
4972.80467605592  80.04165
4973.42293500901  104.35
4974.04119396211  96.91013
4974.6594529152  115.0998
4975.2777118683  96.66019
4975.89597082139  108.2667
4976.51422977449  102.7614
4977.13248872758  102.8958
4977.75074768067  113.382
4978.36900663377  103.2699
4978.98726558686  91.21543
4979.60552453996  101.3004
4980.22378349305  91.70889
4980.84204244615  93.06789
4981.46030139924  110.3904
4982.07856035234  95.17802
4982.69681930543  113.0473
4983.31507825852  99.70406
4983.93333721162  97.34368
4984.55159616471  104.2355
4985.16985511781  99.74894
4985.7881140709  100.3563
4986.406373024  98.15754
4987.02463197709  101.7087
4987.64289093019  119.3757
4988.26114988328  108.3918
4988.87940883638  108.506
4989.49766778947  137.3204
4990.11592674256  128.4064
4990.73418569566  107.9718
4991.35244464875  101.5409
4991.97070360185  104.5306
4992.58896255494  131.7317
4993.20722150804  126.5322
4993.82548046113  119.0348
4994.44373941422  126.0769
4995.06199836732  81.80866
4995.68025732041  117.106
4996.29851627351  124.3526
4996.9167752266  132.8847
4997.5350341797  94.7672
4998.15329313279  115.1225
4998.77155208589  126.1396
4999.38981103898  128.8786
5000.00806999208  105.803
5000.62632894517  110.1683
5001.24458789827  140.2529
5001.86284685136  143.3804
5002.48110580445  143.1843
5003.09936475755  129.2405
5003.71762371064  106.9793
5004.33588266374  129.4348
5004.95414161683  111.5079
5005.57240056993  125.8795
5006.19065952302  139.275
5006.80891847612  109.2371
5007.42717742921  125.4183
5008.0454363823  130.9074
5008.6636953354  133.1845
5009.28195428849  126.743
5009.90021324159  119.5822
5010.51847219468  126.2845
5011.13673114778  122.8065
5011.75499010087  98.1674
5012.37324905397  124.5581
5012.99150800706  140.0821
5013.60976696016  142.8023
5014.22802591325  129.6543
5014.84628486634  129.5587
5015.46454381944  105.8033
5016.08280277253  104.0018
5016.70106172563  123.9222
5017.31932067872  113.9186
5017.93757963182  115.7484
5018.55583858491  122.742
5019.174097538  117.7948
5019.7923564911  108.6041
5020.41061544419  115.7786
5021.02887439729  131.9954
5021.64713335038  120.2736
5022.26539230348  113.9351
5022.88365125657  142.7954
5023.50191020967  139.2076
5024.12016916276  119.6861
5024.73842811586  116.6808
5025.35668706895  124.2987
5025.97494602205  124.8349
5026.59320497514  118.8058
5027.21146392823  119.6209
5027.82972288133  123.8299
5028.44798183442  138.4007
5029.06624078752  124.5935
5029.68449974061  126.8508
5030.30275869371  140.871
5030.9210176468  111.5086
5031.53927659989  115.775
5032.15753555299  128.6656
5032.77579450608  125.9471
5033.39405345918  118.6483
5034.01231241227  109.5405
5034.63057136537  113.365
5035.24883031846  110.2444
5035.86708927156  124.5479
5036.48534822465  135.9425
5037.10360717774  144.337
5037.72186613084  154.1212
5038.34012508393  130.9595
5038.95838403703  131.5227
5039.57664299012  126.4242
5040.19490194322  130.0675
5040.81316089631  118.8793
5041.43141984941  128.8664
5042.0496788025  142.8386
5042.66793775559  142.113
5043.28619670869  116.6555
5043.90445566178  102.1139
5044.52271461488  101.293
5045.14097356797  112.5689
5045.75923252107  104.882
5046.37749147416  119.6896
5046.99575042726  123.7568
5047.61400938035  107.9812
5048.23226833345  136.1055
5048.85052728654  130.5448
5049.46878623964  104.6645
5050.08704519273  113.0353
5050.70530414582  107.4642
5051.32356309892  108.8711
5051.94182205201  114.641
5052.56008100511  115.9272
5053.1783399582  117.2421
5053.7965989113  115.6053
5054.41485786439  151.2058
5055.03311681748  128.8822
5055.65137577058  128.5525
5056.26963472367  113.0001
5056.88789367677  111.6069
5057.50615262986  80.45985
5058.12441158296  114.4551
5058.74267053605  129.9706
5059.36092948915  109.2703
5059.97918844224  87.10974
5060.59744739533  89.26652
5061.21570634843  136.1121
5061.83396530152  127.8827
5062.45222425462  109.3893
5063.07048320771  106.8396
5063.68874216081  98.63196
5064.3070011139  110.3383
5064.925260067  126.3527
5065.54351902009  119.7831
5066.16177797319  135.3848
5066.78003692628  114.737
5067.39829587937  96.42527
5068.01655483247  112.4593
5068.63481378556  114.2956
5069.25307273866  120.1261
5069.87133169175  130.2386
5070.48959064485  128.7382
5071.10784959794  131.7896
5071.72610855104  117.2927
5072.34436750413  119.5391
5072.96262645723  130.1431
5073.58088541032  97.27943
5074.19914436341  128.0405
5074.81740331651  113.6446
5075.4356622696  135.5325
5076.0539212227  112.9623
5076.67218017579  103.345
5077.29043912889  101.7956
5077.90869808198  106.0271
5078.52695703508  91.6925
5079.14521598817  127.807
5079.76347494126  132.3324
5080.38173389436  90.53475
5080.99999284745  116.0544
5081.61825180055  147.054
5082.23651075364  110.6684
5082.85476970674  128.7281
5083.47302865983  129.8352
5084.09128761293  112.6867
5084.70954656602  108.184
5085.32780551911  111.4895
5085.94606447221  121.5805
5086.5643234253  107.8129
5087.1825823784  138.8085
5087.80084133149  116.2649
5088.41910028459  146.4893
5089.03735923768  127.6988
5089.65561819078  123.6952
5090.27387714387  113.5637
5090.89213609696  90.61559
5091.51039505006  112.5269
5092.12865400315  105.6928
5092.74691295625  125.8508
5093.36517190934  113.0405
5093.98343086244  120.2699
5094.60168981553  119.7384
5095.21994876863  115.8692
5095.83820772172  100.5741
5096.45646667482  108.3568
5097.07472562791  103.2222
5097.692984581  94.10739
5098.3112435341  113.9622
5098.92950248719  131.8787
5099.54776144029  92.73049
5100.16602039338  109.8054
5100.78427934648  137.976
5101.40253829957  128.2445
5102.02079725267  120.7455
5102.63905620576  113.8518
5103.25731515886  95.79542
5103.87557411195  110.402
5104.49383306504  98.64413
5105.11209201814  125.9995
5105.73035097123  120.791
5106.34860992433  104.8622
5106.96686887742  109.9723
5107.58512783052  120.9468
5108.20338678361  100.7125
5108.8216457367  134.3957
5109.4399046898  124.8333
5110.05816364289  123.5353
5110.67642259599  114.4126
5111.29468154908  108.8247
5111.91294050218  116.5051
5112.53119945527  114.2096
5113.14945840837  117.9319
5113.76771736146  128.2682
5114.38597631456  97.53687
5115.00423526765  118.0645
5115.62249422074  132.4596
5116.24075317384  120.2844
5116.85901212693  108.967
5117.47727108003  90.27514
5118.09553003312  106.81
5118.71378898622  85.32998
5119.33204793931  119.9193
5119.95030689241  122.4135
5120.5685658455  100.7649
5121.1868247986  115.4197
5121.80508375169  128.4544
5122.42334270478  124.0837
5123.04160165788  115.1647
5123.65986061097  109.4667
5124.27811956407  132.7867
5124.89637851716  120.3515
5125.51463747026  121.8117
5126.13289642335  139.0007
5126.75115537644  111.8302
5127.36941432954  99.71578
5127.98767328264  94.15932
5128.60593223573  142.6554
5129.22419118882  109.4748
5129.84245014192  113.0689
5130.46070909501  103.547
5131.07896804811  116.622
5131.6972270012  115.1116
5132.3154859543  113.8459
5132.93374490739  120.2932
5133.55200386048  143.1331
5134.17026281358  105.4717
5134.78852176667  114.9824
5135.40678071977  110.3396
5136.02503967286  111.5932
5136.64329862596  117.2785
5137.26155757905  109.8342
5137.87981653215  137.5598
5138.49807548524  151.2477
