3889.58276367187  51.88683
3890.20098948479  37.02662
3890.8192152977  38.10096
3891.43744111061  55.3093
3892.05566692352  34.06657
3892.67389273643  43.44255
3893.29211854935  52.43227
3893.91034436226  56.76204
3894.52857017517  63.11908
3895.14679598808  63.22515
3895.76502180099  66.52546
3896.38324761391  69.411
3897.00147342682  64.11788
3897.61969923973  57.94595
3898.23792505264  45.72821
3898.85615086555  58.09935
3899.47437667847  56.18943
3900.09260249138  68.88506
3900.71082830429  67.80888
3901.3290541172  58.89282
3901.94727993011  71.29731
3902.56550574303  47.11509
3903.18373155594  65.62654
3903.80195736885  68.06683
3904.42018318176  68.78611
3905.03840899467  69.30226
3905.65663480759  50.82347
3906.2748606205  80.76041
3906.89308643341  67.7162
3907.51131224632  69.29248
3908.12953805923  41.25962
3908.74776387215  58.68237
3909.36598968506  49.90061
3909.98421549797  75.51707
3910.60244131088  59.23467
3911.22066712379  61.86607
3911.83889293671  48.73104
3912.45711874962  53.05962
3913.07534456253  68.98619
3913.69357037544  53.20894
3914.31179618835  44.05652
3914.93002200127  49.02288
3915.54824781418  49.19368
3916.16647362709  60.47303
3916.78469944  57.26276
3917.40292525291  59.60999
3918.02115106583  54.35117
3918.63937687874  65.71657
3919.25760269165  68.05157
3919.87582850456  73.78976
3920.49405431747  34.91645
3921.11228013039  58.83645
3921.7305059433  69.94552
3922.34873175621  64.48327
3922.96695756912  65.17857
3923.58518338203  66.99275
3924.20340919495  54.11713
3924.82163500786  51.38244
3925.43986082077  69.85314
3926.05808663368  70.57594
3926.67631244659  70.96498
3927.29453825951  70.83654
3927.91276407242  66.66595
3928.53098988533  68.9895
3929.14921569824  86.0186
3929.76744151115  71.9457
3930.38566732407  55.01396
3931.00389313698  71.27821
3931.62211894989  83.88466
3932.2403447628  61.34009
3932.85857057571  69.95391
3933.47679638863  64.6862
3934.09502220154  71.39516
3934.71324801445  55.69589
3935.33147382736  59.90032
3935.94969964027  80.47605
3936.56792545319  58.12118
3937.1861512661  58.72418
3937.80437707901  74.99478
3938.42260289192  79.3511
3939.04082870483  73.16843
3939.65905451775  70.63865
3940.27728033066  73.62814
3940.89550614357  61.79949
3941.51373195648  61.9536
3942.13195776939  89.53254
3942.75018358231  97.60469
3943.36840939522  98.17328
3943.98663520813  73.21317
3944.60486102104  89.01175
3945.22308683395  76.0606
3945.84131264686  69.41743
3946.45953845978  77.61784
3947.07776427269  73.86658
3947.6959900856  95.41129
3948.31421589851  95.2718
3948.93244171142  74.16735
3949.55066752434  77.2811
3950.16889333725  72.55974
3950.78711915016  90.20206
3951.40534496307  92.229
3952.02357077599  96.94776
3952.6417965889  106.6592
3953.26002240181  85.61952
3953.87824821472  88.75814
3954.49647402763  112.4475
3955.11469984054  106.9821
3955.73292565346  91.25442
3956.35115146637  93.22801
3956.96937727928  114.864
3957.58760309219  114.2326
3958.2058289051  122.4595
3958.82405471802  97.46548
3959.44228053093  100.6458
3960.06050634384  128.8093
3960.67873215675  127.1973
3961.29695796966  127.1404
3961.91518378258  161.4609
3962.53340959549  122.4872
3963.1516354084  102.6904
3963.76986122131  120.1927
3964.38808703422  95.67691
3965.00631284714  104.683
3965.62453866005  98.45819
3966.24276447296  100.6374
3966.86099028587  89.5592
3967.47921609878  89.16467
3968.0974419117  112.059
3968.71566772461  98.7802
3969.33389353752  96.18955
3969.95211935043  104.8419
3970.57034516334  85.96777
3971.18857097626  84.74356
3971.80679678917  89.00632
3972.42502260208  98.78989
3973.04324841499  111.6886
3973.6614742279  127.319
3974.27970004082  107.5543
3974.89792585373  132.7432
3975.51615166664  150.1223
3976.13437747955  109.2884
3976.75260329246  122.3491
3977.37082910538  124.6611
3977.98905491829  133.4039
3978.6072807312  131.9408
3979.22550654411  116.4152
3979.84373235702  127.3896
3980.46195816994  144.0255
3981.08018398285  139.9145
3981.69840979576  115.9049
3982.31663560867  99.42705
3982.93486142158  99.44108
3983.5530872345  107.0965
3984.17131304741  116.0565
3984.78953886032  98.34136
3985.40776467323  103.0483
3986.02599048614  116.4443
3986.64421629906  98.46907
3987.26244211197  93.89935
3987.88066792488  104.7121
3988.49889373779  114.3384
3989.1171195507  78.84715
3989.73534536362  87.80698
3990.35357117653  90.43667
3990.97179698944  74.20122
3991.59002280235  55.29207
3992.20824861526  75.20439
3992.82647442818  84.2185
3993.44470024109  80.83454
3994.062926054  86.50915
3994.68115186691  89.59838
3995.29937767982  86.97611
3995.91760349274  65.13358
3996.53582930565  86.39692
3997.15405511856  65.80359
3997.77228093147  82.06938
3998.39050674438  75.84812
3999.0087325573  69.07126
3999.62695837021  72.77241
4000.24518418312  63.12315
4000.86340999603  83.24725
4001.48163580894  82.62768
4002.09986162186  59.13409
4002.71808743477  47.72589
4003.33631324768  75.77958
4003.95453906059  85.19273
4004.5727648735  67.48611
4005.19099068642  65.71624
4005.80921649933  76.44025
4006.42744231224  74.96299
4007.04566812515  64.05494
4007.66389393806  72.16169
4008.28211975098  78.37299
4008.90034556389  70.39504
4009.5185713768  83.42326
4010.13679718971  86.34991
4010.75502300262  60.85043
4011.37324881554  90.2394
4011.99147462845  77.21786
4012.60970044136  83.78913
4013.22792625427  79.54595
4013.84615206718  90.52814
4014.4643778801  85.86951
4015.08260369301  66.6117
4015.70082950592  61.04273
4016.31905531883  80.94735
4016.93728113174  59.91404
4017.55550694466  67.75072
4018.17373275757  73.03901
4018.79195857048  62.90527
4019.41018438339  66.52693
4020.0284101963  64.19553
4020.64663600922  72.46053
4021.26486182213  74.04952
4021.88308763504  70.42947
4022.50131344795  58.86288
4023.11953926086  85.2475
4023.73776507378  62.62793
4024.35599088669  66.89188
4024.9742166996  76.33028
4025.59244251251  88.12287
4026.21066832542  51.02935
4026.82889413834  40.98608
4027.44711995125  68.77876
4028.06534576416  63.94795
4028.68357157707  67.69351
4029.30179738998  86.32437
4029.9200232029  75.47937
4030.53824901581  74.99997
4031.15647482872  80.04495
4031.77470064163  78.04519
4032.39292645454  85.67828
4033.01115226746  85.3602
4033.62937808037  77.65
4034.24760389328  69.97424
4034.86582970619  90.61746
4035.4840555191  77.67722
4036.10228133202  78.06107
4036.72050714493  90.42199
4037.33873295784  75.51958
4037.95695877075  80.98023
4038.57518458366  68.00957
4039.19341039658  83.03886
4039.81163620949  64.03507
4040.4298620224  98.11798
4041.04808783531  62.38105
4041.66631364822  77.01214
4042.28453946114  82.04565
4042.90276527405  91.0984
4043.52099108696  103.0615
4044.13921689987  105.222
4044.75744271278  87.18491
4045.3756685257  67.19012
4045.99389433861  77.84433
4046.61212015152  79.51896
4047.23034596443  73.28648
4047.84857177734  93.39072
4048.46679759026  80.47507
4049.08502340317  61.35929
4049.70324921608  76.07612
4050.32147502899  86.22915
4050.9397008419  73.5163
4051.55792665482  96.84279
4052.17615246773  82.09988
4052.79437828064  63.04208
4053.41260409355  64.62458
4054.03082990646  91.73172
4054.64905571938  72.26537
4055.26728153229  83.0098
4055.8855073452  85.56819
4056.50373315811  75.03802
4057.12195897102  92.23026
4057.74018478393  81.215
4058.35841059685  63.49295
4058.97663640976  72.40273
4059.59486222267  75.39899
4060.21308803558  79.14568
4060.83131384849  85.745
4061.44953966141  92.32539
4062.06776547432  72.7541
4062.68599128723  67.69646
4063.30421710014  81.99366
4063.92244291306  93.20409
4064.54066872597  85.95291
4065.15889453888  87.49023
4065.77712035179  95.40601
4066.3953461647  64.81533
4067.01357197761  88.23218
4067.63179779053  96.78741
4068.25002360344  78.59491
4068.86824941635  86.63483
4069.48647522926  82.27835
4070.10470104217  99.0141
4070.72292685509  108.3284
4071.341152668  72.33765
4071.95937848091  104.7072
4072.57760429382  98.88127
4073.19583010673  82.89256
4073.81405591965  85.89523
4074.43228173256  91.46278
4075.05050754547  103.4305
4075.66873335838  97.24997
4076.28695917129  72.27116
4076.90518498421  82.07223
4077.52341079712  93.96499
4078.14163661003  93.63081
4078.75986242294  91.92741
4079.37808823585  101.7799
4079.99631404877  84.44556
4080.61453986168  110.0824
4081.23276567459  105.729
4081.8509914875  130.436
4082.46921730041  129.488
4083.08744311333  124.9497
4083.70566892624  127.6418
4084.32389473915  128.9558
4084.94212055206  157.7436
4085.56034636497  156.6781
4086.17857217789  165.4647
4086.7967979908  152.5106
4087.41502380371  129.616
4088.03324961662  169.757
4088.65147542953  190.0553
4089.26970124244  191.1883
4089.88792705536  171.6927
4090.50615286827  146.0448
4091.12437868118  157.3293
4091.74260449409  178.3316
4092.36083030701  167.6635
4092.97905611992  179.1053
4093.59728193283  178.0671
4094.21550774574  177.0312
4094.83373355865  180.9819
4095.45195937157  149.5999
4096.07018518448  152.1692
4096.68841099739  158.8569
4097.3066368103  164.2729
4097.92486262321  156.0694
4098.54308843612  124.2775
4099.16131424904  132.5388
4099.77954006195  127.1171
4100.39776587486  103.2003
4101.01599168777  126.819
4101.63421750069  125.6489
4102.2524433136  133.4069
4102.87066912651  144.2771
4103.48889493942  117.6195
4104.10712075233  165.981
4104.72534656524  231.5289
4105.34357237816  143.6448
4105.96179819107  129.9948
4106.58002400398  152.7151
4107.19824981689  148.2083
4107.8164756298  163.1303
4108.43470144272  186.2049
4109.05292725563  181.6305
4109.67115306854  176.1229
4110.28937888145  176.3996
4110.90760469437  161.4311
4111.52583050728  194.3828
4112.14405632019  203.6943
4112.7622821331  206.4127
4113.38050794601  182.532
4113.99873375892  152.461
4114.61695957184  166.2098
4115.23518538475  185.1454
4115.85341119766  155.6163
4116.47163701057  173.0542
4117.08986282348  148.8398
4117.7080886364  147.9072
4118.32631444931  149.7555
4118.94454026222  124.6439
4119.56276607513  117.8679
4120.18099188805  126.1207
4120.79921770096  120.4382
4121.41744351387  114.3619
4122.03566932678  136.7357
4122.65389513969  119.5439
4123.2721209526  114.4627
4123.89034676552  123.9094
4124.50857257843  113.7477
4125.12679839134  129.845
4125.74502420425  108.7687
4126.36325001717  91.4915
4126.98147583008  103.0185
4127.59970164299  95.69625
4128.2179274559  105.6303
4128.83615326881  111.7676
4129.45437908173  97.50368
4130.07260489464  83.68571
4130.69083070755  106.1043
4131.30905652046  94.94469
4131.92728233337  84.11232
4132.54550814628  81.44003
4133.1637339592  91.66045
4133.78195977211  79.60724
4134.40018558502  89.02155
4135.01841139793  94.76773
4135.63663721085  88.18787
4136.25486302376  88.83589
4136.87308883667  83.79608
4137.49131464958  80.24683
4138.10954046249  85.11877
4138.7277662754  102.0664
4139.34599208832  114.7567
4139.96421790123  94.58945
4140.58244371414  89.94739
4141.20066952705  91.19957
4141.81889533996  94.10397
4142.43712115288  111.6349
4143.05534696579  104.3779
4143.6735727787  84.93593
4144.29179859161  78.03606
4144.91002440453  67.02205
4145.52825021744  74.38486
4146.14647603035  85.70366
4146.76470184326  90.10397
4147.38292765617  90.14482
4148.00115346908  81.54928
4148.619379282  103.2464
4149.23760509491  97.76983
4149.85583090782  82.79412
4150.47405672073  66.87278
4151.09228253365  79.58434
4151.71050834656  93.63317
4152.32873415947  70.70528
4152.94695997238  80.74808
4153.56518578529  85.50005
4154.1834115982  83.76831
4154.80163741112  75.36852
4155.41986322403  87.04853
4156.03808903694  84.84872
4156.65631484985  62.10395
4157.27454066276  81.98109
4157.89276647568  90.84992
4158.51099228859  86.13754
4159.1292181015  72.86383
4159.74744391441  75.38161
4160.36566972733  85.52624
4160.98389554024  82.14071
4161.60212135315  74.23971
4162.22034716606  80.67181
4162.83857297897  76.27334
4163.45679879188  70.8709
4164.0750246048  96.87379
4164.69325041771  81.87517
4165.31147623062  82.54692
4165.92970204353  118.5678
4166.54792785644  71.44389
4167.16615366936  74.83315
4167.78437948227  77.11073
4168.40260529518  76.98373
4169.02083110809  101.7079
4169.639056921  100.0354
4170.25728273392  91.41943
4170.87550854683  90.45197
4171.49373435974  71.76521
4172.11196017265  74.96247
4172.73018598556  84.68372
4173.34841179848  67.51087
4173.96663761139  91.4428
4174.5848634243  83.12769
4175.20308923721  77.26947
4175.82131505012  69.16961
4176.43954086304  85.05284
4177.05776667595  60.1029
4177.67599248886  82.73473
4178.29421830177  64.93507
4178.91244411468  82.97742
4179.5306699276  77.7317
4180.14889574051  78.60444
4180.76712155342  84.75671
4181.38534736633  84.32772
4182.00357317924  92.17631
4182.62179899216  68.33406
4183.24002480507  86.84733
4183.85825061798  89.33609
4184.47647643089  69.93906
4185.0947022438  75.51369
4185.71292805672  82.75057
4186.33115386963  69.55865
4186.94937968254  80.27209
4187.56760549545  93.66653
4188.18583130836  89.76504
4188.80405712128  88.16734
4189.42228293419  67.6245
4190.0405087471  62.65597
4190.65873456001  71.43827
4191.27696037292  100.64
4191.89518618584  71.30683
4192.51341199875  86.67529
4193.13163781166  60.82089
4193.74986362457  90.18964
4194.36808943748  72.72184
4194.9863152504  66.16414
4195.60454106331  110.1144
4196.22276687622  86.21803
4196.84099268913  82.65163
4197.45921850204  74.45525
4198.07744431496  62.26244
4198.69567012787  74.11761
4199.31389594078  80.52824
4199.93212175369  83.37994
4200.5503475666  77.69331
4201.16857337952  77.99419
4201.78679919243  63.66703
4202.40502500534  59.07124
4203.02325081825  68.21352
4203.64147663116  79.53381
4204.25970244408  80.79459
4204.87792825699  63.06752
4205.4961540699  86.02484
4206.11437988281  73.91952
4206.73260569572  75.33401
4207.35083150864  84.55796
4207.96905732155  68.66261
4208.58728313446  76.14944
4209.20550894737  91.50319
4209.82373476028  70.70442
4210.4419605732  72.21686
4211.06018638611  78.18672
4211.67841219902  83.54139
4212.29663801193  70.43864
4212.91486382484  54.4385
4213.53308963776  80.16933
4214.15131545067  84.77402
4214.76954126358  48.86616
4215.38776707649  67.65582
4216.0059928894  98.0543
4216.62421870231  86.86403
4217.24244451523  90.19306
4217.86067032814  72.31043
4218.47889614105  92.1812
4219.09712195396  73.08362
4219.71534776688  74.36369
4220.33357357979  74.73274
4220.9517993927  70.80705
4221.57002520561  69.46382
4222.18825101852  86.40398
4222.80647683144  83.33488
4223.42470264435  73.0176
4224.04292845726  106.7849
4224.66115427017  86.89043
4225.27938008308  88.89516
4225.89760589599  88.45473
4226.51583170891  73.47472
4227.13405752182  101.5885
4227.75228333473  100.7034
4228.37050914764  67.15627
4228.98873496056  63.96507
4229.60696077347  81.37757
4230.22518658638  81.66436
4230.84341239929  76.02249
4231.4616382122  90.52675
4232.07986402512  77.50999
4232.69808983803  60.51577
4233.31631565094  87.65944
4233.93454146385  87.92847
4234.55276727676  82.51974
4235.17099308967  80.8621
4235.78921890259  91.36539
4236.4074447155  78.78775
4237.02567052841  64.27702
4237.64389634132  99.68121
4238.26212215424  87.47758
4238.88034796715  93.67159
4239.49857378006  75.29222
4240.11679959297  77.36787
4240.73502540588  84.52299
4241.3532512188  77.23155
4241.97147703171  79.91856
4242.58970284462  87.43905
4243.20792865753  83.09861
4243.82615447044  74.22301
4244.44438028336  60.91303
4245.06260609627  83.07291
4245.68083190918  107.634
4246.29905772209  84.59161
4246.917283535  70.83258
4247.53550934791  85.85317
4248.15373516083  74.61317
4248.77196097374  79.1946
4249.39018678665  67.21264
4250.00841259956  73.71838
4250.62663841247  82.99818
4251.24486422539  73.15923
4251.8630900383  85.06548
4252.48131585121  89.70221
4253.09954166412  88.84499
4253.71776747704  67.0233
4254.33599328995  74.9668
4254.95421910286  85.69262
4255.57244491577  76.97542
4256.19067072868  85.97431
4256.80889654159  82.00209
4257.42712235451  60.13647
4258.04534816742  87.55423
4258.66357398033  84.31001
4259.28179979324  65.91399
4259.90002560615  76.72108
4260.51825141907  81.61656
4261.13647723198  77.1341
4261.75470304489  70.02526
4262.3729288578  103.928
4262.99115467071  103.7198
4263.60938048363  97.85339
4264.22760629654  80.19238
4264.84583210945  57.38871
4265.46405792236  66.78168
4266.08228373527  88.31228
4266.70050954819  96.74344
4267.3187353611  66.53424
4267.93696117401  87.74737
4268.55518698692  75.18251
4269.17341279983  65.52081
4269.79163861275  85.91168
4270.40986442566  69.89252
4271.02809023857  67.74085
4271.64631605148  85.37154
4272.26454186439  77.51546
4272.88276767731  78.61092
4273.50099349022  82.63046
4274.11921930313  63.31337
4274.73744511604  63.48123
4275.35567092895  74.4618
4275.97389674187  99.25089
4276.59212255478  101.2517
4277.21034836769  101.8427
4277.8285741806  78.79156
4278.44679999351  80.34977
4279.06502580643  88.82856
4279.68325161934  93.27174
4280.30147743225  75.01101
4280.91970324516  75.66169
4281.53792905807  98.85246
4282.15615487099  85.9991
4282.7743806839  72.04526
4283.39260649681  70.82307
4284.01083230972  86.00026
4284.62905812263  80.13263
4285.24728393555  83.17825
4285.86550974846  97.21844
4286.48373556137  88.60443
4287.10196137428  89.08887
4287.7201871872  81.82964
4288.33841300011  98.98631
4288.95663881302  64.50673
4289.57486462593  98.20998
4290.19309043884  63.05721
4290.81131625176  57.32257
4291.42954206467  86.82822
4292.04776787758  94.00589
4292.66599369049  85.98602
4293.2842195034  78.98573
4293.90244531631  77.40308
4294.52067112923  68.12837
4295.13889694214  59.14611
4295.75712275505  79.94945
4296.37534856796  82.22649
4296.99357438088  71.56323
4297.61180019379  67.5906
4298.2300260067  104.6511
4298.84825181961  97.81097
4299.46647763252  100.3941
4300.08470344543  68.80219
4300.70292925835  66.60255
4301.32115507126  95.74475
4301.93938088417  92.52692
4302.55760669708  82.58408
4303.17583250999  99.29635
4303.79405832291  88.99033
4304.41228413582  81.41348
4305.03050994873  99.73164
4305.64873576164  91.45519
4306.26696157456  85.03734
4306.88518738747  95.30328
4307.50341320038  97.36306
4308.12163901329  120.2261
4308.7398648262  102.4323
4309.35809063911  106.2511
4309.97631645203  118.5251
4310.59454226494  105.1849
4311.21276807785  73.90926
4311.83099389076  81.42367
4312.44921970367  98.34691
4313.06744551659  104.4651
4313.6856713295  131.7481
4314.30389714241  129.029
4314.92212295532  110.603
4315.54034876823  89.28304
4316.15857458115  102.8532
4316.77680039406  98.716
4317.39502620697  127.4335
4318.01325201988  108.3656
4318.63147783279  130.2808
4319.24970364571  128.4538
4319.86792945862  124.727
4320.48615527153  132.6211
4321.10438108444  121.3453
4321.72260689735  134.5346
4322.34083271027  150.2622
4322.95905852318  142.3462
4323.57728433609  148.3825
4324.195510149  152.3266
4324.81373596191  175.4942
4325.43196177483  148.9675
4326.05018758774  173.7604
4326.66841340065  182.6098
4327.28663921356  183.2539
4327.90486502647  182.533
4328.52309083939  179.1845
4329.1413166523  195.9605
4329.75954246521  188.2676
4330.37776827812  198.1411
4330.99599409103  216.6699
4331.61421990395  191.9795
4332.23244571686  184.7629
4332.85067152977  214.376
4333.46889734268  199.18
4334.08712315559  180.517
4334.70534896851  181.4494
4335.32357478142  180.5611
4335.94180059433  195.7754
4336.56002640724  159.4632
4337.17825222015  162.6194
4337.79647803307  136.5041
4338.41470384598  156.8659
4339.03292965889  136.1757
4339.6511554718  142.774
4340.26938128471  142.7304
4340.88760709763  138.6032
4341.50583291054  128.064
4342.12405872345  139.9695
4342.74228453636  166.9497
4343.36051034927  162.6099
4343.97873616219  174.9973
4344.5969619751  161.9668
4345.21518778801  172.6486
4345.83341360092  196.1769
4346.45163941383  186.6675
4347.06986522675  186.2689
4347.68809103966  199.7086
4348.30631685257  218.5059
4348.92454266548  195.3905
4349.54276847839  181.1273
4350.16099429131  206.976
4350.77922010422  200.9185
4351.39744591713  164.2831
4352.01567173004  167.0845
4352.63389754295  187.2903
4353.25212335586  192.1811
4353.87034916878  182.0247
4354.48857498169  175.5914
4355.1068007946  165.9314
4355.72502660751  162.0271
4356.34325242043  137.0158
4356.96147823334  156.9332
4357.57970404625  159.3027
4358.19792985916  136.0504
4358.81615567207  152.3774
4359.43438148499  138.9405
4360.0526072979  155.0386
4360.67083311081  150.1321
4361.28905892372  139.1504
4361.90728473663  132.3298
4362.52551054954  127.7945
4363.14373636246  112.7433
4363.76196217537  138.73
4364.38018798828  129.3542
4364.99841380119  120.4176
4365.61663961411  125.7769
4366.23486542702  105.365
4366.85309123993  87.54378
4367.47131705284  108.7746
4368.08954286575  103.2437
4368.70776867866  94.16827
4369.32599449158  115.3691
4369.94422030449  103.7798
4370.5624461174  105.9801
4371.18067193031  116.8319
4371.79889774323  100.9823
4372.41712355614  112.0418
4373.03534936905  82.19474
4373.65357518196  110.6158
4374.27180099487  107.7934
4374.89002680779  87.98437
4375.5082526207  78.51805
4376.12647843361  70.78868
4376.74470424652  66.59065
4377.36293005943  90.01556
4377.98115587234  62.79768
4378.59938168526  102.7699
4379.21760749817  86.50886
4379.83583331108  96.05895
4380.45405912399  92.90734
4381.07228493691  79.99145
4381.69051074982  86.43371
4382.30873656273  115.5941
4382.92696237564  75.84924
4383.54518818855  78.30204
4384.16341400147  99.74096
4384.78163981438  82.46776
4385.39986562729  69.4414
4386.0180914402  82.18719
4386.63631725311  82.31081
4387.25454306602  84.69563
4387.87276887894  74.67868
4388.49099469185  72.43993
4389.10922050476  77.45184
4389.72744631767  78.81194
4390.34567213059  68.36563
4390.9638979435  69.65451
4391.58212375641  99.72498
4392.20034956932  101.7946
4392.81857538223  104.9738
4393.43680119515  93.40686
4394.05502700806  107.8832
4394.67325282097  82.1049
4395.29147863388  75.71577
4395.90970444679  82.8763
4396.52793025971  75.37749
4397.14615607262  73.18298
4397.76438188553  89.08719
4398.38260769844  84.05853
4399.00083351135  71.88994
4399.61905932426  77.52538
4400.23728513718  89.1564
4400.85551095009  75.37972
4401.473736763  81.35033
4402.09196257591  89.37217
4402.71018838883  78.72407
4403.32841420174  69.92791
4403.94664001465  76.39059
4404.56486582756  95.23789
4405.18309164047  95.88242
4405.80131745339  82.44002
4406.4195432663  86.33591
4407.03776907921  97.505
4407.65599489212  81.42157
4408.27422070503  71.36948
4408.89244651794  90.00847
4409.51067233086  74.78024
4410.12889814377  75.79774
4410.74712395668  102.6196
4411.36534976959  73.96999
4411.9835755825  56.94919
4412.60180139542  77.49038
4413.22002720833  74.50642
4413.83825302124  66.56964
4414.45647883415  80.4552
4415.07470464706  65.19099
4415.69293045998  76.23988
4416.31115627289  91.41553
4416.9293820858  80.37721
4417.54760789871  97.45475
4418.16583371162  65.24549
4418.78405952454  71.65597
4419.40228533745  65.05173
4420.02051115036  76.18603
4420.63873696327  66.87502
4421.25696277618  70.40271
4421.8751885891  73.04891
4422.49341440201  84.03462
4423.11164021492  87.77676
4423.72986602783  78.1095
4424.34809184074  64.40815
4424.96631765366  96.15163
4425.58454346657  71.67042
4426.20276927948  60.90257
4426.82099509239  86.83414
4427.4392209053  91.35967
4428.05744671822  84.14137
4428.67567253113  81.87857
4429.29389834404  85.08355
4429.91212415695  77.70529
4430.53034996986  81.66098
4431.14857578278  102.8918
4431.76680159569  80.2142
4432.3850274086  72.21133
4433.00325322151  79.97934
4433.62147903442  74.5563
4434.23970484734  78.09488
4434.85793066025  87.01957
4435.47615647316  69.98743
4436.09438228607  74.4011
4436.71260809898  72.16079
4437.3308339119  59.22223
4437.94905972481  100.2738
4438.56728553772  89.69351
4439.18551135063  80.25654
4439.80373716354  90.86799
4440.42196297646  74.19341
4441.04018878937  95.69191
4441.65841460228  87.87041
4442.27664041519  96.72681
4442.8948662281  83.72314
4443.51309204101  93.03671
4444.13131785393  74.75117
4444.74954366684  67.9903
4445.36776947975  91.87481
4445.98599529266  84.1684
4446.60422110558  100.6638
4447.22244691849  127.8571
4447.8406727314  76.19854
4448.45889854431  95.27203
4449.07712435722  101.7584
4449.69535017014  94.48539
4450.31357598305  106.9811
4450.93180179596  109.3036
4451.55002760887  91.41537
4452.16825342178  106.2004
4452.78647923469  108.8504
4453.40470504761  112.5398
4454.02293086052  123.4715
4454.64115667343  134.248
4455.25938248634  111.1324
4455.87760829926  103.6696
4456.49583411217  129.0096
4457.11405992508  113.1186
4457.73228573799  96.40714
4458.3505115509  123.4591
4458.96873736382  116.4853
4459.58696317673  83.76289
4460.20518898964  116.0276
4460.82341480255  103.4686
4461.44164061546  123.039
4462.05986642837  122.5107
4462.67809224129  109.3214
4463.2963180542  93.67153
4463.91454386711  115.732
4464.53276968002  111.2431
4465.15099549294  90.41358
4465.76922130585  94.70469
4466.38744711876  114.4009
4467.00567293167  113.0568
4467.62389874458  91.48685
4468.2421245575  90.739
4468.86035037041  79.6
4469.47857618332  84.81118
4470.09680199623  81.57796
4470.71502780914  79.95277
4471.33325362205  79.64927
4471.95147943497  78.9444
4472.56970524788  107.5363
4473.18793106079  94.95666
4473.8061568737  100.1058
4474.42438268662  97.87075
4475.04260849953  122.3251
4475.66083431244  102.2049
4476.27906012535  110.6315
4476.89728593826  91.46372
4477.51551175117  101.7582
4478.13373756409  95.4897
4478.751963377  109.9719
4479.37018918991  98.99779
4479.98841500282  90.96933
4480.60664081573  92.8409
4481.22486662865  115.7201
4481.84309244156  113.5689
4482.46131825447  124.4223
4483.07954406738  102.3319
4483.6977698803  116.231
4484.31599569321  97.69917
4484.93422150612  141.6724
4485.55244731903  124.8551
4486.17067313194  100.5562
4486.78889894485  120.4093
4487.40712475777  92.05049
4488.02535057068  115.9576
4488.64357638359  101.7779
4489.2618021965  98.35853
4489.88002800941  130.2986
4490.49825382233  106.9965
4491.11647963524  92.32844
4491.73470544815  99.76721
4492.35293126106  107.5225
4492.97115707397  104.3068
4493.58938288689  112.0103
4494.2076086998  117.6108
4494.82583451271  100.8333
4495.44406032562  92.94363
4496.06228613853  105.0228
4496.68051195145  114.5007
4497.29873776436  113.9417
4497.91696357727  69.61781
4498.53518939018  79.45103
4499.1534152031  91.92799
4499.77164101601  101.1988
4500.38986682892  108.9242
4501.00809264183  105.9888
4501.62631845474  102.5994
4502.24454426765  108.4804
4502.86277008057  99.84303
4503.48099589348  99.11471
4504.09922170639  94.62112
4504.7174475193  81.07295
4505.33567333221  75.42244
4505.95389914513  79.82162
4506.57212495804  77.59082
4507.19035077095  88.27164
4507.80857658386  86.53867
4508.42680239677  71.17657
4509.04502820969  102.0886
4509.6632540226  92.46524
4510.28147983551  86.48969
4510.89970564842  89.07488
4511.51793146133  64.93702
4512.13615727425  73.67474
4512.75438308716  87.20242
4513.37260890007  100.2547
4513.99083471298  111.9687
4514.60906052589  93.46482
4515.22728633881  91.79464
4515.84551215172  96.30466
4516.46373796463  95.47639
4517.08196377754  113.0189
4517.70018959045  62.12286
4518.31841540337  93.30648
4518.93664121628  82.58892
4519.55486702919  118.2351
4520.1730928421  84.2931
4520.79131865501  104.5232
4521.40954446793  71.95068
4522.02777028084  87.86415
4522.64599609375  75.14872
4523.26422190666  80.35014
4523.88244771957  81.66907
4524.50067353249  77.42221
4525.1188993454  105.0464
4525.73712515831  95.73231
4526.35535097122  99.30668
4526.97357678413  105.3738
4527.59180259705  101.4607
4528.21002840996  104.028
4528.82825422287  74.88123
4529.44648003578  93.4895
4530.06470584869  92.96976
4530.68293166161  90.44128
4531.30115747452  89.92879
4531.91938328743  91.93982
4532.53760910034  99.80231
4533.15583491325  70.94687
4533.77406072617  87.24747
4534.39228653908  125.668
4535.01051235199  82.60831
4535.6287381649  106.9924
4536.24696397781  95.02413
4536.86518979073  86.57207
4537.48341560364  96.4761
4538.10164141655  105.9008
4538.71986722946  104.0196
4539.33809304237  102.4872
4539.95631885529  91.57523
4540.5745446682  101.9259
4541.19277048111  102.177
4541.81099629402  76.08358
4542.42922210693  99.84142
4543.04744791984  114.4942
4543.66567373276  107.257
4544.28389954567  118.6911
4544.90212535858  96.03859
4545.52035117149  106.9989
4546.13857698441  129.2085
4546.75680279732  96.23271
4547.37502861023  81.25199
4547.99325442314  75.48292
4548.61148023605  114.544
4549.22970604897  97.09322
4549.84793186188  93.64001
4550.46615767479  106.4221
4551.0843834877  88.73863
4551.70260930061  78.81057
4552.32083511352  106.8882
4552.93906092644  75.33299
4553.55728673935  74.576
4554.17551255226  103.6172
4554.79373836517  83.42889
4555.41196417809  94.52052
4556.030189991  95.60509
4556.64841580391  78.98484
4557.26664161682  65.19566
4557.88486742973  100.3549
4558.50309324264  83.30403
4559.12131905556  104.5993
4559.73954486847  101.1834
4560.35777068138  95.71265
4560.97599649429  100.2018
4561.5942223072  107.12
4562.21244812012  90.0316
4562.83067393303  73.15278
4563.44889974594  115.1233
4564.06712555885  99.60872
4564.68535137177  93.86694
4565.30357718468  85.00237
4565.92180299759  98.00395
4566.5400288105  97.89928
4567.15825462341  93.25927
4567.77648043632  98.04526
4568.39470624924  47.6032
4569.01293206215  88.68314
4569.63115787506  102.2306
4570.24938368797  115.3406
4570.86760950088  100.9274
4571.4858353138  91.60127
4572.10406112671  86.99558
4572.72228693962  78.98875
4573.34051275253  106.9626
4573.95873856544  115.4609
4574.57696437836  93.9426
4575.19519019127  97.51209
4575.81341600418  107.7017
4576.43164181709  108.6266
4577.04986763  72.03256
4577.66809344292  113.6874
4578.28631925583  112.2717
4578.90454506874  112.2167
4579.52277088165  74.29605
4580.14099669456  118.2124
4580.75922250748  94.90304
4581.37744832039  116.0801
4581.9956741333  80.806
4582.61389994621  100.0094
4583.23212575912  84.70488
4583.85035157204  87.31863
4584.46857738495  75.4887
4585.08680319786  106.3525
4585.70502901077  79.32696
4586.32325482368  96.88036
4586.9414806366  108.0209
4587.55970644951  97.99872
4588.17793226242  79.24418
4588.79615807533  124.0047
4589.41438388824  100.5111
4590.03260970116  69.47139
4590.65083551407  103.3004
4591.26906132698  104.428
4591.88728713989  80.90876
4592.50551295281  83.27209
4593.12373876572  103.6485
4593.74196457863  99.9269
4594.36019039154  84.41376
4594.97841620445  86.20176
4595.59664201736  114.2651
4596.21486783028  90.9892
4596.83309364319  119.0444
4597.4513194561  94.17367
4598.06954526901  85.29529
4598.68777108192  111.7334
4599.30599689484  92.62791
4599.92422270775  106.3347
4600.54244852066  92.87378
4601.16067433357  78.57963
4601.77890014648  75.51331
4602.3971259594  85.46716
4603.01535177231  65.27002
4603.63357758522  92.65246
4604.25180339813  99.583
4604.87002921104  92.6122
4605.48825502396  99.77895
4606.10648083687  76.21082
4606.72470664978  90.52717
4607.34293246269  89.27545
4607.9611582756  79.49101
4608.57938408852  103.4768
4609.19760990143  95.57362
4609.81583571434  95.41305
4610.43406152725  80.77233
4611.05228734016  67.51177
4611.67051315308  97.09957
4612.28873896599  82.64697
4612.9069647789  80.53413
4613.52519059181  101.0119
4614.14341640472  85.18552
4614.76164221764  98.19006
4615.37986803055  94.40645
4615.99809384346  99.74876
4616.61631965637  94.99345
4617.23454546928  96.25368
4617.8527712822  105.222
4618.47099709511  106.3349
4619.08922290802  93.2442
4619.70744872093  85.25125
4620.32567453384  89.55756
4620.94390034676  68.08006
4621.56212615967  79.26678
4622.18035197258  80.25259
4622.79857778549  84.94919
4623.4168035984  81.68419
4624.03502941132  90.87149
4624.65325522423  75.37699
4625.27148103714  85.6354
4625.88970685005  98.36829
4626.50793266296  98.35413
4627.12615847588  94.28838
4627.74438428879  96.68037
4628.3626101017  103.5373
4628.98083591461  98.53481
4629.59906172752  75.25977
4630.21728754044  96.31049
4630.83551335335  95.54697
4631.45373916626  95.72781
4632.07196497917  82.94346
4632.69019079208  64.03139
4633.308416605  84.75287
4633.92664241791  71.20062
4634.54486823082  91.89174
4635.16309404373  83.35226
4635.78131985664  96.55742
4636.39954566956  122.6957
4637.01777148247  75.01437
4637.63599729538  78.22016
4638.25422310829  96.30051
4638.8724489212  88.90958
4639.49067473412  86.85694
4640.10890054703  93.84122
4640.72712635994  81.65683
4641.34535217285  125.868
4641.96357798576  113.0205
4642.58180379868  99.25757
4643.20002961159  79.43217
4643.8182554245  79.85331
4644.43648123741  81.06563
4645.05470705032  92.40576
4645.67293286324  101.3147
4646.29115867615  90.01818
4646.90938448906  86.75513
4647.52761030197  88.96194
4648.14583611488  78.82537
4648.7640619278  102.3388
4649.38228774071  122.5178
4650.00051355362  105.5624
4650.61873936653  106.1725
4651.23696517944  94.81342
4651.85519099236  94.561
4652.47341680527  100.4692
4653.09164261818  112.4281
4653.70986843109  84.75435
4654.328094244  91.07056
4654.94632005692  105.9731
4655.56454586983  96.88418
4656.18277168274  110.6141
4656.80099749565  99.20222
4657.41922330856  92.7519
4658.03744912148  82.03915
4658.65567493439  109.2955
4659.2739007473  100.3623
4659.89212656021  80.38029
4660.51035237312  91.08027
4661.12857818604  110.9908
4661.74680399895  75.20639
4662.36502981186  100.2297
4662.98325562477  112.4037
4663.60148143768  115.7932
4664.2197072506  72.96062
4664.83793306351  110.8227
4665.45615887642  110.4706
4666.07438468933  100.306
4666.69261050224  111.382
4667.31083631515  87.99186
4667.92906212807  96.81142
4668.54728794098  74.50603
4669.16551375389  100.8134
4669.7837395668  111.8085
4670.40196537971  100.9879
4671.02019119263  109.8855
4671.63841700554  93.76604
4672.25664281845  99.31334
4672.87486863136  126.4436
4673.49309444428  132.8493
4674.11132025719  84.40379
4674.7295460701  97.34814
4675.34777188301  103.6633
4675.96599769592  108.5972
4676.58422350883  104.3052
4677.20244932175  119.6006
4677.82067513466  97.60786
4678.43890094757  84.70407
4679.05712676048  101.2415
4679.67535257339  111.4627
4680.29357838631  101.6136
4680.91180419922  105.4694
4681.53003001213  90.78371
4682.14825582504  86.8104
4682.76648163795  106.5828
4683.38470745087  98.71746
4684.00293326378  103.5678
4684.62115907669  109.7945
4685.2393848896  91.14899
4685.85761070252  101.0036
4686.47583651543  110.4338
4687.09406232834  119.4288
4687.71228814125  103.8255
4688.33051395416  103.4523
4688.94873976707  104.8533
4689.56696557999  108.1118
4690.1851913929  95.12038
4690.80341720581  106.1938
4691.42164301872  92.31119
4692.03986883163  114.5344
4692.65809464455  119.3346
4693.27632045746  131.406
4693.89454627037  108.2847
4694.51277208328  102.0403
4695.1309978962  107.9121
4695.74922370911  96.29154
4696.36744952202  99.77826
4696.98567533493  107.371
4697.60390114784  109.6685
4698.22212696075  103.3422
4698.84035277367  117.8976
4699.45857858658  143.8416
4700.07680439949  97.48206
4700.6950302124  80.47055
4701.31325602531  112.9957
4701.93148183823  120.7877
4702.54970765114  98.37833
4703.16793346405  99.36087
4703.78615927696  84.81577
4704.40438508988  91.35634
4705.02261090279  101.6176
4705.6408367157  117.1447
4706.25906252861  111.8887
4706.87728834152  123.2616
4707.49551415443  119.8655
4708.11373996735  107.7247
4708.73196578026  110.2014
4709.35019159317  89.73821
4709.96841740608  83.93853
4710.58664321899  110.2438
4711.20486903191  102.1898
4711.82309484482  110.4064
4712.44132065773  114.2058
4713.05954647064  116.0572
4713.67777228355  85.6095
4714.29599809647  98.32659
4714.91422390938  81.19612
4715.53244972229  93.69673
4716.1506755352  92.67165
4716.76890134811  123.5851
4717.38712716103  94.05174
4718.00535297394  111.4821
4718.62357878685  105.176
4719.24180459976  116.4619
4719.86003041267  99.86465
4720.47825622559  108.7229
4721.0964820385  110.0547
4721.71470785141  104.5923
4722.33293366432  104.5098
4722.95115947723  96.53364
4723.56938529015  98.91103
4724.18761110306  96.42677
4724.80583691597  88.43293
4725.42406272888  113.7177
4726.04228854179  97.96032
4726.66051435471  114.4787
4727.27874016762  89.67303
4727.89696598053  90.36405
4728.51519179344  103.5123
4729.13341760635  70.15126
4729.75164341927  107.4001
4730.36986923218  108.5413
4730.98809504509  94.99426
4731.606320858  108.2398
4732.22454667091  101.0727
4732.84277248383  90.36343
4733.46099829674  79.45187
4734.07922410965  87.62588
4734.69744992256  109.249
4735.31567573547  80.26439
4735.93390154839  72.48257
4736.5521273613  106.701
4737.17035317421  101.0227
4737.78857898712  105.0478
4738.40680480003  103.6671
4739.02503061295  94.12841
4739.64325642586  85.98119
4740.26148223877  85.85243
4740.87970805168  112.8957
4741.49793386459  110.6002
4742.11615967751  75.71169
4742.73438549042  73.21281
4743.35261130333  60.10147
4743.97083711624  91.57621
4744.58906292915  78.46314
4745.20728874207  86.81655
4745.82551455498  112.8009
4746.44374036789  98.38799
4747.0619661808  94.19969
4747.68019199371  93.42091
4748.29841780663  80.59502
4748.91664361954  88.2756
4749.53486943245  89.17262
4750.15309524536  98.37161
4750.77132105827  102.66
4751.38954687119  94.82672
4752.0077726841  64.40138
4752.62599849701  94.88837
4753.24422430992  106.6161
4753.86245012283  113.0986
4754.48067593575  91.49136
4755.09890174866  80.91323
4755.71712756157  104.189
4756.33535337448  75.24132
4756.95357918739  103.9266
4757.57180500031  88.2878
4758.19003081322  92.89675
4758.80825662613  89.14394
4759.42648243904  89.67694
4760.04470825195  81.40074
4760.66293406487  85.4751
4761.28115987778  104.4956
4761.89938569069  58.31816
4762.5176115036  108.9885
4763.13583731651  120.4399
4763.75406312943  92.65292
4764.37228894234  114.6538
4764.99051475525  91.4528
4765.60874056816  71.06323
4766.22696638107  79.73432
4766.84519219399  88.89112
4767.4634180069  76.77928
4768.08164381981  94.38322
4768.69986963272  85.44904
4769.31809544563  87.65446
4769.93632125855  81.38988
4770.55454707146  100.5525
4771.17277288437  101.8358
4771.79099869728  97.09363
4772.40922451019  118.2369
4773.02745032311  97.68853
4773.64567613602  84.47216
4774.26390194893  91.95
4774.88212776184  99.68871
4775.50035357475  83.29346
4776.11857938767  88.71383
4776.73680520058  95.7973
4777.35503101349  89.16261
4777.9732568264  100.4952
4778.59148263931  78.64556
4779.20970845222  85.53571
4779.82793426514  101.2406
4780.44616007805  87.53119
4781.06438589096  89.0421
4781.68261170387  101.4185
4782.30083751678  88.69921
4782.9190633297  85.61581
4783.53728914261  83.25632
4784.15551495552  82.50572
4784.77374076843  89.93037
4785.39196658135  89.9702
4786.01019239426  91.07301
4786.62841820717  82.14284
4787.24664402008  72.57684
4787.86486983299  88.5145
4788.4830956459  83.5261
4789.10132145882  82.83854
4789.71954727173  95.5129
4790.33777308464  94.56442
4790.95599889755  73.42409
4791.57422471046  90.97623
4792.19245052338  67.73941
4792.81067633629  61.72028
4793.4289021492  93.04863
4794.04712796211  78.9155
4794.66535377502  84.12412
4795.28357958794  80.58958
4795.90180540085  80.18002
4796.52003121376  101.1893
4797.13825702667  81.6369
4797.75648283958  74.82272
4798.3747086525  97.76765
4798.99293446541  98.45713
4799.61116027832  91.56683
4800.22938609123  95.02708
4800.84761190414  92.10794
4801.46583771706  79.22632
4802.08406352997  94.90008
4802.70228934288  83.82205
4803.32051515579  108.5593
4803.9387409687  102.9496
4804.55696678162  94.4403
4805.17519259453  97.25436
4805.79341840744  87.21195
4806.41164422035  82.83148
4807.02987003326  96.50302
4807.64809584618  104.7815
4808.26632165909  97.4008
4808.884547472  98.55565
4809.50277328491  86.54451
4810.12099909782  105.5593
4810.73922491074  93.20883
4811.35745072365  89.11687
4811.97567653656  100.3427
4812.59390234947  91.90282
4813.21212816238  95.37074
4813.8303539753  93.21442
4814.44857978821  107.0953
4815.06680560112  102.0627
4815.68503141403  77.47908
4816.30325722694  104.8594
4816.92148303986  99.54412
4817.53970885277  92.9164
4818.15793466568  104.3174
4818.77616047859  89.66615
4819.3943862915  83.08441
4820.01261210442  102.6273
4820.63083791733  94.20591
4821.24906373024  96.56651
4821.86728954315  94.09503
4822.48551535606  89.45366
4823.10374116898  96.86922
4823.72196698189  90.0836
4824.3401927948  107.9687
4824.95841860771  100.0009
4825.57664442062  111.0761
4826.19487023354  103.0043
4826.81309604645  131.8601
4827.43132185936  100.2827
4828.04954767227  106.7691
4828.66777348518  115.9964
4829.28599929809  119.5971
4829.90422511101  116.9469
4830.52245092392  103.0619
4831.14067673683  105.6002
4831.75890254974  103.2677
4832.37712836266  102.8449
4832.99535417557  121.0597
4833.61357998848  121.2083
4834.23180580139  138.4921
4834.8500316143  133.7339
4835.46825742722  136.4363
4836.08648324013  134.9562
4836.70470905304  160.7225
4837.32293486595  137.8807
4837.94116067886  137.0127
4838.55938649177  162.1409
4839.17761230469  142.9139
4839.7958381176  168.4508
4840.41406393051  173.5046
4841.03228974342  177.903
4841.65051555634  183.2943
4842.26874136925  203.1286
4842.88696718216  195.6326
4843.50519299507  196.1073
4844.12341880798  212.9673
4844.74164462089  221.1762
4845.35987043381  206.4493
4845.97809624672  207.8118
4846.59632205963  246.697
4847.21454787254  205.7206
4847.83277368546  236.9509
4848.45099949837  248.7021
4849.06922531128  228.4362
4849.68745112419  257.052
4850.3056769371  272.2766
4850.92390275002  257.0906
4851.54212856293  253.5502
4852.16035437584  256.685
4852.77858018875  271.2745
4853.39680600166  295.3447
4854.01503181457  264.9637
4854.63325762749  266.8871
4855.2514834404  244.2009
4855.86970925331  253.1745
4856.48793506622  202.4637
4857.10616087914  201.3727
4857.72438669205  194.2365
4858.34261250496  213.7306
4858.96083831787  195.5681
4859.57906413078  175.4684
4860.1972899437  178.3937
4860.81551575661  161.1773
4861.43374156952  172.292
4862.05196738243  189.2454
4862.67019319534  205.823
4863.28841900825  179.3048
4863.90664482117  196.4276
4864.52487063408  214.1593
4865.14309644699  246.2569
4865.7613222599  235.7743
4866.37954807282  245.7741
4866.99777388573  275.0875
4867.61599969864  267.5654
4868.23422551155  273.0154
4868.85245132446  290.3727
4869.47067713738  280.0961
4870.08890295029  267.7381
4870.7071287632  277.4813
4871.32535457611  294.4992
4871.94358038902  305.0919
4872.56180620194  269.6264
4873.18003201485  246.7185
4873.79825782776  274.3767
4874.41648364067  268.3333
4875.03470945358  207.1955
4875.6529352665  235.9475
4876.27116107941  274.3926
4876.88938689232  233.1073
4877.50761270523  211.325
4878.12583851814  209.3459
4878.74406433105  210.2486
4879.36229014397  192.1535
4879.98051595688  194.3744
4880.59874176979  213.1502
4881.2169675827  177.5746
4881.83519339562  200.3084
4882.45341920853  181.4976
4883.07164502144  171.4165
4883.68987083435  166.8103
4884.30809664726  170.1296
4884.92632246018  156.1639
4885.54454827309  134.13
4886.162774086  152.326
4886.78099989891  160.2802
4887.39922571182  155.9944
4888.01745152473  143.2671
4888.63567733765  130.8746
4889.25390315056  152.0627
4889.87212896347  155.8061
4890.49035477638  142.5236
4891.1085805893  145.5702
4891.72680640221  144.5317
4892.34503221512  139.3239
4892.96325802803  113.528
4893.58148384094  98.42912
4894.19970965385  139.906
4894.81793546677  135.1421
4895.43616127968  109.8098
4896.05438709259  137.8927
4896.6726129055  116.54
4897.29083871841  114.7922
4897.90906453133  121.0595
4898.52729034424  92.42723
4899.14551615715  119.1541
4899.76374197006  112.926
4900.38196778298  118.4929
4901.00019359589  111.3833
4901.6184194088  116.6724
4902.23664522171  100.9707
4902.85487103462  119.1195
4903.47309684753  122.3534
4904.09132266045  121.4296
4904.70954847336  113.1694
4905.32777428627  131.5786
4905.94600009918  127.0475
4906.56422591209  122.2523
4907.18245172501  124.834
4907.80067753792  84.44553
4908.41890335083  113.9587
4909.03712916374  106.6989
4909.65535497665  109.4877
4910.27358078957  110.8713
4910.89180660248  97.77769
4911.51003241539  105.0222
4912.1282582283  118.9518
4912.74648404121  99.29666
4913.36470985413  112.0195
4913.98293566704  102.059
4914.60116147995  108.8971
4915.21938729286  108.3537
4915.83761310577  111.6744
4916.45583891869  113.798
4917.0740647316  126.5974
4917.69229054451  119.7939
4918.31051635742  113.2807
4918.92874217033  92.53026
4919.54696798325  102.7495
4920.16519379616  104.9117
4920.78341960907  120.6421
4921.40164542198  91.54178
4922.01987123489  112.7141
4922.63809704781  82.62976
4923.25632286072  103.6669
4923.87454867363  108.5211
4924.49277448654  113.3788
4925.11100029945  92.0232
4925.72922611237  101.0505
4926.34745192528  112.3256
4926.96567773819  97.53296
4927.5839035511  106.5524
4928.20212936401  102.4448
4928.82035517693  104.0532
4929.43858098984  104.2829
4930.05680680275  117.0749
4930.67503261566  101.6775
4931.29325842857  83.23934
4931.91148424149  106.9305
4932.5297100544  113.0341
4933.14793586731  90.42764
4933.76616168022  98.44588
4934.38438749313  99.37585
4935.00261330605  109.9426
4935.62083911896  112.6057
4936.23906493187  106.979
4936.85729074478  108.2188
4937.47551655769  120.4491
4938.0937423706  111.8348
4938.71196818352  112.0833
4939.33019399643  105.9401
4939.94841980934  110.7468
4940.56664562225  105.4492
4941.18487143517  92.75687
4941.80309724808  96.49918
4942.42132306099  118.8576
4943.0395488739  95.28172
4943.65777468681  94.59023
4944.27600049973  96.02505
4944.89422631264  96.01321
4945.51245212555  94.23084
4946.13067793846  95.1433
4946.74890375137  105.7139
4947.36712956428  95.62365
4947.9853553772  99.30536
4948.60358119011  114.9542
4949.22180700302  97.63945
4949.84003281593  78.00443
4950.45825862885  99.53782
4951.07648444176  91.24349
4951.69471025467  102.6253
4952.31293606758  93.11124
4952.93116188049  96.02541
4953.54938769341  91.80976
4954.16761350632  101.1682
4954.78583931923  85.83206
4955.40406513214  94.41769
4956.02229094505  83.50232
4956.64051675796  90.93047
4957.25874257088  106.4845
4957.87696838379  85.96703
4958.4951941967  86.89484
4959.11342000961  93.19025
4959.73164582253  70.12581
4960.34987163544  96.12189
4960.96809744835  70.12113
4961.58632326126  92.64668
4962.20454907417  89.22694
4962.82277488709  75.57196
4963.4410007  97.69483
4964.05922651291  81.55675
4964.67745232582  89.81827
4965.29567813873  93.28265
4965.91390395164  72.3487
4966.53212976456  91.65927
4967.15035557747  89.82339
4967.76858139038  78.89388
4968.38680720329  101.0945
4969.0050330162  91.21227
4969.62325882912  93.86269
4970.24148464203  80.5859
4970.85971045494  68.42273
4971.47793626785  87.39362
4972.09616208076  89.34126
4972.71438789368  96.71639
4973.33261370659  73.1253
4973.9508395195  75.80354
4974.56906533241  79.31104
4975.18729114533  85.69199
4975.80551695824  86.77536
4976.42374277115  75.68397
4977.04196858406  98.14562
4977.66019439697  87.80013
4978.27842020988  92.09614
4978.8966460228  106.242
4979.51487183571  87.86141
4980.13309764862  106.4967
4980.75132346153  95.06203
4981.36954927444  72.88668
4981.98777508736  88.84126
4982.60600090027  82.52941
4983.22422671318  79.74757
4983.84245252609  82.96388
4984.460678339  89.33038
4985.07890415192  106.1696
4985.69712996483  85.47973
4986.31535577774  75.10239
4986.93358159065  86.23092
4987.55180740356  84.73886
4988.17003321648  111.498
4988.78825902939  95.89713
4989.4064848423  102.3739
4990.02471065521  85.31056
4990.64293646812  97.93783
4991.26116228104  100.593
4991.87938809395  95.09846
4992.49761390686  108.1529
4993.11583971977  69.90707
4993.73406553268  105.9498
4994.3522913456  108.1996
4994.97051715851  82.77345
4995.58874297142  93.96841
4996.20696878433  116.7467
4996.82519459724  82.4213
4997.44342041016  97.54292
4998.06164622307  107.7418
4998.67987203598  99.16875
4999.29809784889  96.83477
4999.9163236618  116.6759
5000.53454947472  100.7896
5001.15277528763  110.922
5001.77100110054  91.16167
5002.38922691345  115.6492
5003.00745272636  121.8205
5003.62567853928  103.3325
5004.24390435219  96.12733
5004.8621301651  103.1504
5005.48035597801  109.7554
5006.09858179092  125.3946
5006.71680760384  124.6465
5007.33503341675  124.054
5007.95325922966  80.95435
5008.57148504257  132.531
5009.18971085548  101.2925
5009.8079366684  105.1269
5010.42616248131  97.85594
5011.04438829422  105.8711
5011.66261410713  99.82523
5012.28083992004  116.0483
5012.89906573296  110.7519
5013.51729154587  107.4738
5014.13551735878  108.5093
5014.75374317169  121.1834
5015.3719689846  130.7054
5015.99019479752  79.57246
5016.60842061043  89.86052
5017.22664642334  100.7385
5017.84487223625  106.0511
5018.46309804916  92.07744
5019.08132386208  118.6433
5019.69954967499  99.13573
5020.3177754879  113.5332
5020.93600130081  92.36838
5021.55422711372  104.5384
5022.17245292664  124.7395
5022.79067873955  94.35067
5023.40890455246  92.2472
5024.02713036537  112.2452
5024.64535617828  99.30871
5025.2635819912  103.8569
5025.88180780411  90.12227
5026.50003361702  120.8921
5027.11825942993  126.3028
5027.73648524284  75.36444
5028.35471105576  99.91951
5028.97293686867  131.3163
5029.59116268158  117.6848
5030.20938849449  108.5775
5030.8276143074  117.2528
5031.44584012032  118.5771
5032.06406593323  114.4979
5032.68229174614  116.1725
5033.30051755905  112.6241
5033.91874337196  109.3311
5034.53696918488  108.6033
5035.15519499779  110.4395
5035.7734208107  98.66287
5036.39164662361  121.1422
5037.00987243652  129.1438
5037.62809824944  107.8072
5038.24632406235  103.4223
5038.86454987526  102.7253
5039.48277568817  130.1563
5040.10100150108  127.759
5040.719227314  100.069
5041.33745312691  105.5098
5041.95567893982  119.0853
5042.57390475273  102.824
5043.19213056564  98.98228
5043.81035637856  123.6405
5044.42858219147  114.6177
5045.04680800438  114.335
5045.66503381729  89.41999
5046.2832596302  107.4917
5046.90148544312  110.6401
5047.51971125603  96.62283
5048.13793706894  112.9389
5048.75616288185  94.65783
5049.37438869476  95.28804
5049.99261450767  112.1624
5050.61084032059  101.2041
5051.2290661335  77.63876
5051.84729194641  113.2454
5052.46551775932  74.38639
5053.08374357224  86.28952
5053.70196938515  87.4158
5054.32019519806  100.348
5054.93842101097  80.1104
5055.55664682388  86.58614
5056.1748726368  111.0424
5056.79309844971  106.5396
5057.41132426262  107.7472
5058.02955007553  111.5917
5058.64777588844  120.3704
5059.26600170135  117.896
5059.88422751427  101.277
5060.50245332718  77.35077
5061.12067914009  99.30882
5061.738904953  94.87598
5062.35713076592  113.4914
5062.97535657883  117.9741
5063.59358239174  91.60301
5064.21180820465  112.7522
5064.83003401756  102.7699
5065.44825983047  88.22294
5066.06648564339  98.36439
5066.6847114563  123.6179
5067.30293726921  98.26006
5067.92116308212  93.21384
5068.53938889504  117.525
5069.15761470795  102.0329
5069.77584052086  85.27999
5070.39406633377  121.8165
5071.01229214668  95.94517
5071.6305179596  71.92055
5072.24874377251  113.4595
5072.86696958542  78.95605
5073.48519539833  121.6031
5074.10342121124  95.58179
5074.72164702415  111.8604
5075.33987283707  100.9391
5075.95809864998  91.28871
5076.57632446289  99.56891
5077.1945502758  81.58366
5077.81277608872  98.00682
5078.43100190163  85.762
5079.04922771454  74.85434
5079.66745352745  105.9507
5080.28567934036  77.55524
5080.90390515327  113.6712
5081.52213096619  109.5982
5082.1403567791  99.65707
5082.75858259201  109.3624
5083.37680840492  118.1955
5083.99503421783  117.9249
5084.61326003075  101.0339
5085.23148584366  89.78036
5085.84971165657  112.6413
5086.46793746948  91.44245
5087.0861632824  94.69091
5087.70438909531  99.83535
5088.32261490822  94.6657
5088.94084072113  77.55083
5089.55906653404  114.2839
5090.17729234695  131.7746
5090.79551815987  93.76072
5091.41374397278  110.7595
5092.03196978569  91.91219
5092.6501955986  104.9156
5093.26842141152  82.12611
5093.88664722443  107.2572
5094.50487303734  136.6796
5095.12309885025  111.1161
5095.74132466316  74.67865
5096.35955047607  97.54234
5096.97777628899  100.4202
5097.5960021019  99.74222
5098.21422791481  101.5867
5098.83245372772  121.3837
5099.45067954063  86.70564
5100.06890535355  83.51552
5100.68713116646  114.2099
5101.30535697937  97.2793
5101.92358279228  91.40101
5102.5418086052  104.8377
5103.16003441811  116.6094
5103.77826023102  124.5396
5104.39648604393  94.60761
5105.01471185684  94.52269
5105.63293766975  109.6736
5106.25116348267  118.0964
5106.86938929558  121.3874
5107.48761510849  111.8143
5108.1058409214  121.1652
5108.72406673431  131.3615
5109.34229254723  93.38721
5109.96051836014  95.14479
5110.57874417305  102.1836
5111.19696998596  107.5294
5111.81519579888  108.2421
5112.43342161179  92.75879
5113.0516474247  111.264
5113.66987323761  111.9651
5114.28809905052  89.3505
5114.90632486343  104.8504
5115.52455067635  106.6985
5116.14277648926  99.08147
5116.76100230217  103.431
5117.37922811508  112.7176
5117.99745392799  116.4708
5118.61567974091  113.6877
5119.23390555382  88.08519
5119.85213136673  101.5399
5120.47035717964  100.3636
5121.08858299256  100.0952
5121.70680880547  90.46114
5122.32503461838  101.6981
5122.94326043129  109.4835
5123.5614862442  84.4176
5124.17971205711  119.2496
5124.79793787003  95.70381
5125.41616368294  112.7901
5126.03438949585  95.12585
5126.65261530876  87.32815
5127.27084112167  103.7067
5127.88906693459  102.9731
5128.5072927475  98.68719
5129.12551856041  124.6834
5129.74374437332  113.8629
5130.36197018624  101.8026
5130.98019599915  99.03925
5131.59842181206  88.15379
5132.21664762497  109.7156
5132.83487343788  92.47914
5133.45309925079  95.97359
5134.07132506371  101.7473
5134.68955087662  82.51729
5135.30777668953  79.61642
5135.92600250244  80.5256
5136.54422831535  84.04651
5137.16245412827  87.59653
5137.78067994118  104.9711
5138.39890575409  86.11852
