3889.8515625  47.53418
3890.46971470118  42.07359
3891.08786690235  33.67432
3891.70601910353  44.09754
3892.32417130471  40.04282
3892.94232350588  44.04716
3893.56047570706  61.60221
3894.17862790823  60.73106
3894.79678010941  55.5844
3895.41493231058  71.70498
3896.03308451176  69.15281
3896.65123671294  82.09879
3897.26938891411  84.61294
3897.88754111529  72.18628
3898.50569331646  89.92968
3899.12384551764  69.85494
3899.74199771881  60.03036
3900.36014991999  68.5297
3900.97830212116  77.85948
3901.59645432234  82.20934
3902.21460652352  84.31563
3902.83275872469  91.7908
3903.45091092587  84.01192
3904.06906312704  78.40797
3904.68721532822  83.33663
3905.3053675294  57.14351
3905.92351973057  58.79823
3906.54167193175  85.09065
3907.15982413292  50.1072
3907.7779763341  68.30357
3908.39612853527  77.07357
3909.01428073645  72.12125
3909.63243293763  60.08801
3910.2505851388  82.35619
3910.86873733998  62.39613
3911.48688954115  63.37272
3912.10504174233  74.99559
3912.7231939435  59.57941
3913.34134614468  69.51751
3913.95949834585  71.10369
3914.57765054703  53.84216
3915.19580274821  69.3544
3915.81395494938  70.62033
3916.43210715056  59.13732
3917.05025935173  61.13344
3917.66841155291  69.9248
3918.28656375408  86.22285
3918.90471595526  91.89893
3919.52286815644  70.77063
3920.14102035761  74.35402
3920.75917255879  78.42931
3921.37732475996  85.30473
3921.99547696114  77.59988
3922.61362916231  64.02249
3923.23178136349  70.63461
3923.84993356467  79.32679
3924.46808576584  59.9688
3925.08623796702  72.45122
3925.70439016819  63.84211
3926.32254236937  66.9653
3926.94069457054  63.20353
3927.55884677172  71.56734
3928.1769989729  89.34837
3928.79515117407  89.71632
3929.41330337525  78.16772
3930.03145557642  81.13509
3930.6496077776  79.82351
3931.26775997877  76.20085
3931.88591217995  65.41923
3932.50406438112  47.0112
3933.1222165823  48.71755
3933.74036878348  60.81068
3934.35852098465  63.67825
3934.97667318583  64.0422
3935.594825387  53.89485
3936.21297758818  66.55054
3936.83112978936  55.90904
3937.44928199053  43.55845
3938.06743419171  80.41041
3938.68558639288  77.21577
3939.30373859406  73.43834
3939.92189079523  70.57825
3940.54004299641  84.59827
3941.15819519758  81.41156
3941.77634739876  102.0589
3942.39449959994  92.75148
3943.01265180111  95.01619
3943.63080400229  118.5632
3944.24895620346  89.00808
3944.86710840464  95.40129
3945.48526060582  109.2106
3946.10341280699  81.82623
3946.72156500817  96.02762
3947.33971720934  95.2056
3947.95786941052  124.4175
3948.57602161169  95.89902
3949.19417381287  97.48344
3949.81232601405  109.5336
3950.43047821522  91.37186
3951.0486304164  125.2565
3951.66678261757  105.6508
3952.28493481875  96.35979
3952.90308701992  100.8468
3953.5212392211  88.39173
3954.13939142227  100.8486
3954.75754362345  97.52012
3955.37569582463  84.68948
3955.9938480258  119.2366
3956.61200022698  123.3064
3957.23015242815  95.84126
3957.84830462933  116.4024
3958.4664568305  132.2093
3959.08460903168  120.0362
3959.70276123286  128.7193
3960.32091343403  131.969
3960.93906563521  140.6878
3961.55721783638  117.1594
3962.17537003756  139.1474
3962.79352223873  131.5897
3963.41167443991  106.7099
3964.02982664109  115.7847
3964.64797884226  107.7029
3965.26613104344  111.2269
3965.88428324461  116.1321
3966.50243544579  117.6604
3967.12058764696  101.9162
3967.73873984814  95.02748
3968.35689204932  78.84145
3968.97504425049  71.34903
3969.59319645167  79.89984
3970.21134865284  61.55099
3970.82950085402  60.65354
3971.44765305519  78.11007
3972.06580525637  105.0445
3972.68395745755  106.0222
3973.30210965872  109.6364
3973.9202618599  106.4285
3974.53841406107  113.8164
3975.15656626225  121.7766
3975.77471846342  139.6792
3976.3928706646  125.67
3977.01102286577  141.1144
3977.62917506695  141.3806
3978.24732726813  150.
3978.8654794693  143.0315
3979.48363167048  144.7207
3980.10178387165  143.7451
3980.71993607283  144.4184
3981.33808827401  156.8456
3981.95624047518  140.2466
3982.57439267636  118.6282
3983.19254487753  107.0352
3983.81069707871  112.6626
3984.42884927988  130.2194
3985.04700148106  115.0224
3985.66515368224  104.0667
3986.28330588341  138.1265
3986.90145808459  117.946
3987.51961028576  110.6635
3988.13776248694  136.3444
3988.75591468811  100.9953
3989.37406688929  88.09738
3989.99221909046  111.24
3990.61037129164  112.6656
3991.22852349282  96.67097
3991.84667569399  97.726
3992.46482789517  91.89834
3993.08298009634  99.69975
3993.70113229752  96.1817
3994.31928449869  80.85819
3994.93743669987  79.60502
3995.55558890105  89.67996
3996.17374110222  85.09782
3996.7918933034  86.76244
3997.41004550457  90.49228
3998.02819770575  92.47193
3998.64634990692  82.16602
3999.2645021081  111.2474
3999.88265430928  81.8562
4000.50080651045  88.80984
4001.11895871163  68.53358
4001.7371109128  66.19704
4002.35526311398  83.82519
4002.97341531515  85.70209
4003.59156751633  55.24129
4004.2097197175  91.25544
4004.82787191868  90.06265
4005.44602411986  84.38226
4006.06417632103  89.17556
4006.68232852221  89.66723
4007.30048072338  93.69129
4007.91863292456  90.32394
4008.53678512573  76.22566
4009.15493732691  79.15516
4009.77308952809  87.86307
4010.39124172926  100.6091
4011.00939393044  89.91293
4011.62754613161  92.39917
4012.24569833279  86.82555
4012.86385053397  95.48597
4013.48200273514  99.28818
4014.10015493632  96.71509
4014.71830713749  73.8283
4015.33645933867  91.60828
4015.95461153984  78.61266
4016.57276374102  95.03175
4017.1909159422  86.171
4017.80906814337  74.4026
4018.42722034455  95.26764
4019.04537254572  75.42218
4019.6635247469  93.68797
4020.28167694807  108.0075
4020.89982914925  77.87862
4021.51798135043  54.36089
4022.1361335516  75.4642
4022.75428575278  82.24805
4023.37243795395  68.62115
4023.99059015513  77.60445
4024.6087423563  68.99266
4025.22689455748  58.27484
4025.84504675865  56.15806
4026.46319895983  48.33397
4027.08135116101  65.52419
4027.69950336218  82.13464
4028.31765556336  99.90462
4028.93580776453  71.2808
4029.55395996571  87.73025
4030.17211216688  77.7607
4030.79026436806  82.2289
4031.40841656924  93.84991
4032.02656877041  106.9976
4032.64472097159  90.1863
4033.26287317276  101.2851
4033.88102537394  93.03892
4034.49917757512  78.85969
4035.11732977629  92.79853
4035.73548197747  89.05152
4036.35363417864  85.93534
4036.97178637982  103.8391
4037.58993858099  87.13748
4038.20809078217  87.48945
4038.82624298335  108.4112
4039.44439518452  88.52378
4040.0625473857  84.53487
4040.68069958687  129.5891
4041.29885178805  70.08016
4041.91700398922  75.12608
4042.5351561904  72.56532
4043.15330839157  70.8177
4043.77146059275  80.97316
4044.38961279393  98.82037
4045.0077649951  87.21121
4045.62591719628  72.61926
4046.24406939745  83.43996
4046.86222159863  92.50366
4047.4803737998  95.11545
4048.09852600098  109.7232
4048.71667820216  102.3829
4049.33483040333  74.81422
4049.95298260451  64.88303
4050.57113480568  71.29636
4051.18928700686  78.75874
4051.80743920803  80.68176
4052.42559140921  83.3604
4053.04374361039  87.18468
4053.66189581156  83.20334
4054.28004801274  99.81544
4054.89820021391  94.42126
4055.51635241509  66.01571
4056.13450461626  87.98583
4056.75265681744  83.93134
4057.37080901862  69.88066
4057.98896121979  93.55101
4058.60711342097  83.1413
4059.22526562214  95.70123
4059.84341782332  82.31129
4060.46157002449  85.84914
4061.07972222567  70.84505
4061.69787442684  65.91968
4062.31602662802  73.65408
4062.9341788292  88.78613
4063.55233103037  91.35776
4064.17048323155  74.98256
4064.78863543272  90.30945
4065.4067876339  91.44489
4066.02493983507  98.40804
4066.64309203625  91.88355
4067.26124423743  80.33515
4067.8793964386  97.53144
4068.49754863978  98.1748
4069.11570084095  102.2125
4069.73385304213  84.49653
4070.3520052433  105.7212
4070.97015744448  97.15996
4071.58830964566  68.92496
4072.20646184683  80.99871
4072.82461404801  108.8275
4073.44276624918  93.99534
4074.06091845036  105.3799
4074.67907065153  110.1248
4075.29722285271  107.4383
4075.91537505389  120.832
4076.53352725506  104.6263
4077.15167945624  89.08917
4077.76983165741  117.8845
4078.38798385859  116.308
4079.00613605977  130.7793
4079.62428826094  124.6781
4080.24244046212  155.7573
4080.86059266329  122.8786
4081.47874486447  107.2669
4082.09689706564  137.6984
4082.71504926682  143.7996
4083.33320146799  139.2581
4083.95135366917  148.3228
4084.56950587035  141.8712
4085.18765807152  145.4686
4085.8058102727  151.2633
4086.42396247387  141.4799
4087.04211467505  154.824
4087.66026687622  159.6798
4088.2784190774  150.734
4088.89657127858  152.6815
4089.51472347975  160.3747
4090.13287568093  157.9712
4090.7510278821  152.7342
4091.36918008328  185.0761
4091.98733228445  187.2145
4092.60548448563  151.4952
4093.22363668681  199.9634
4093.84178888798  203.9427
4094.45994108916  171.3192
4095.07809329033  154.346
4095.69624549151  163.5776
4096.31439769268  149.3665
4096.93254989386  144.4474
4097.55070209503  138.6861
4098.16885429621  117.9989
4098.78700649738  120.9969
4099.40515869856  128.3701
4100.02331089974  118.2857
4100.64146310091  96.22148
4101.25961530209  83.38474
4101.87776750326  89.82957
4102.49591970444  96.22076
4103.11407190562  106.6334
4103.73222410679  126.7457
4104.35037630797  126.9442
4104.96852850914  148.0215
4105.58668071032  168.4035
4106.20483291149  156.3041
4106.82298511267  151.7329
4107.44113731385  157.0342
4108.05928951502  184.0129
4108.6774417162  189.5691
4109.29559391737  184.0542
4109.91374611855  186.5068
4110.53189831972  161.7938
4111.1500505209  182.6063
4111.76820272208  155.0897
4112.38635492325  189.9183
4113.00450712443  172.6874
4113.6226593256  178.313
4114.24081152678  182.3245
4114.85896372796  165.2919
4115.47711592913  172.9816
4116.09526813031  177.8852
4116.71342033148  145.0766
4117.33157253266  155.3223
4117.94972473383  185.8209
4118.56787693501  144.5363
4119.18602913618  121.211
4119.80418133736  144.1997
4120.42233353854  161.9599
4121.04048573971  150.0183
4121.65863794089  131.1598
4122.27679014206  151.3601
4122.89494234324  143.1731
4123.51309454441  129.6946
4124.13124674559  126.935
4124.74939894677  137.1851
4125.36755114794  102.5634
4125.98570334912  118.259
4126.60385555029  127.403
4127.22200775147  113.2963
4127.84015995265  92.05813
4128.45831215382  120.3331
4129.076464355  130.2468
4129.69461655617  113.0922
4130.31276875735  116.8807
4130.93092095852  101.4816
4131.5490731597  96.01987
4132.16722536087  97.81304
4132.78537756205  87.62926
4133.40352976323  86.57355
4134.0216819644  87.44827
4134.63983416558  100.2269
4135.25798636675  95.55117
4135.87613856793  114.3733
4136.4942907691  111.8742
4137.11244297028  115.426
4137.73059517146  112.2643
4138.34874737263  90.40227
4138.96689957381  71.92448
4139.58505177498  98.61317
4140.20320397616  86.48851
4140.82135617733  91.06332
4141.43950837851  83.96452
4142.05766057969  74.87394
4142.67581278086  85.73402
4143.29396498204  103.9239
4143.91211718321  93.31038
4144.53026938439  87.6858
4145.14842158556  92.28445
4145.76657378674  77.23676
4146.38472598792  90.3323
4147.00287818909  100.1775
4147.62103039027  106.6973
4148.23918259144  89.43259
4148.85733479262  70.90944
4149.47548699379  77.14265
4150.09363919497  103.123
4150.71179139614  84.37714
4151.32994359732  90.24503
4151.9480957985  95.78037
4152.56624799967  114.5908
4153.18440020085  78.52955
4153.80255240202  101.0667
4154.4207046032  91.0931
4155.03885680437  92.25095
4155.65700900555  92.82672
4156.27516120673  75.54137
4156.8933134079  95.71339
4157.51146560908  104.6944
4158.12961781025  78.97932
4158.74777001143  76.5198
4159.3659222126  76.11301
4159.98407441378  74.38611
4160.60222661496  84.26949
4161.22037881613  101.1925
4161.83853101731  107.5519
4162.45668321848  78.61359
4163.07483541966  102.5818
4163.69298762083  79.96288
4164.31113982201  88.44935
4164.92929202319  96.57048
4165.54744422436  71.93277
4166.16559642554  60.96853
4166.78374862671  99.01096
4167.40190082789  73.17664
4168.02005302906  107.8717
4168.63820523024  94.83102
4169.25635743142  94.51044
4169.87450963259  93.08125
4170.49266183377  76.93909
4171.11081403494  86.87603
4171.72896623612  99.84291
4172.34711843729  82.26897
4172.96527063847  81.20295
4173.58342283965  83.48608
4174.20157504082  107.4349
4174.819727242  103.3362
4175.43787944317  85.35828
4176.05603164435  99.57461
4176.67418384552  89.89079
4177.2923360467  74.33003
4177.91048824787  83.7503
4178.52864044905  88.05028
4179.14679265023  100.9787
4179.7649448514  75.77937
4180.38309705258  75.53315
4181.00124925375  77.43799
4181.61940145493  87.35381
4182.23755365611  85.05254
4182.85570585728  80.51463
4183.47385805846  83.78616
4184.09201025963  58.13361
4184.71016246081  70.50266
4185.32831466198  84.78659
4185.94646686316  88.44573
4186.56461906433  91.16409
4187.18277126551  82.812
4187.80092346669  71.47972
4188.41907566786  109.1949
4189.03722786904  106.3805
4189.65538007021  71.33772
4190.27353227139  67.5468
4190.89168447256  111.5021
4191.50983667374  95.10046
4192.12798887492  78.53201
4192.74614107609  93.41629
4193.36429327727  69.62476
4193.98244547844  67.62612
4194.60059767962  85.72237
4195.21874988079  87.02517
4195.83690208197  85.51546
4196.45505428315  94.48798
4197.07320648432  89.41809
4197.6913586855  85.38014
4198.30951088667  103.7731
4198.92766308785  105.6666
4199.54581528902  84.75982
4200.1639674902  71.3261
4200.78211969138  80.15379
4201.40027189255  92.74411
4202.01842409373  89.23865
4202.6365762949  74.40411
4203.25472849608  79.41877
4203.87288069725  78.2385
4204.49103289843  76.2418
4205.10918509961  84.01782
4205.72733730078  83.73337
4206.34548950196  77.93993
4206.96364170313  82.81559
4207.58179390431  76.66285
4208.19994610548  84.69176
4208.81809830666  74.84072
4209.43625050784  64.48031
4210.05440270901  89.293
4210.67255491019  92.91096
4211.29070711136  83.34457
4211.90885931254  89.23981
4212.52701151371  99.84094
4213.14516371489  82.03172
4213.76331591606  94.46332
4214.38146811724  83.99815
4214.99962031842  57.88486
4215.61777251959  87.81087
4216.23592472077  90.85303
4216.85407692194  86.38345
4217.47222912312  104.8829
4218.0903813243  94.21251
4218.70853352547  72.35141
4219.32668572665  103.853
4219.94483792782  86.73081
4220.562990129  70.60077
4221.18114233017  81.17652
4221.79929453135  95.19185
4222.41744673253  91.6215
4223.0355989337  79.12063
4223.65375113488  95.08184
4224.27190333605  89.76997
4224.89005553723  87.58495
4225.5082077384  91.42601
4226.12635993958  101.9492
4226.74451214076  81.06863
4227.36266434193  79.05485
4227.98081654311  88.438
4228.59896874428  62.92507
4229.21712094546  76.05748
4229.83527314663  82.27567
4230.45342534781  74.8333
4231.07157754898  67.53428
4231.68972975016  81.14674
4232.30788195134  85.53718
4232.92603415251  95.53522
4233.54418635369  90.58801
4234.16233855486  69.69257
4234.78049075604  83.81132
4235.39864295721  82.54211
4236.01679515839  54.95954
4236.63494735957  76.4068
4237.25309956074  76.64375
4237.87125176192  56.73323
4238.48940396309  74.65023
4239.10755616427  50.52916
4239.72570836544  77.15916
4240.34386056662  79.4305
4240.9620127678  66.64369
4241.58016496897  68.93568
4242.19831717015  76.28196
4242.81646937132  59.01796
4243.4346215725  66.79513
4244.05277377367  87.22959
4244.67092597485  85.68909
4245.28907817603  82.31663
4245.9072303772  82.95146
4246.52538257838  82.57458
4247.14353477955  80.62127
4247.76168698073  75.1169
4248.3798391819  72.23531
4248.99799138308  68.51357
4249.61614358425  77.80984
4250.23429578543  80.95131
4250.85244798661  77.91935
4251.47060018778  93.41816
4252.08875238896  86.56078
4252.70690459013  84.89403
4253.32505679131  79.47081
4253.94320899249  60.86678
4254.56136119366  52.73439
4255.17951339484  78.23569
4255.79766559601  57.70337
4256.41581779719  74.0469
4257.03396999836  82.40496
4257.65212219954  77.78284
4258.27027440071  70.00841
4258.88842660189  72.31744
4259.50657880307  75.75227
4260.12473100424  72.34282
4260.74288320542  49.8152
4261.36103540659  75.41866
4261.97918760777  81.63037
4262.59733980894  65.71626
4263.21549201012  72.14476
4263.8336442113  69.67824
4264.45179641247  83.66546
4265.06994861365  83.59512
4265.68810081482  55.72384
4266.306253016  58.69851
4266.92440521718  73.23661
4267.54255741835  69.28976
4268.16070961953  74.3223
4268.7788618207  66.77351
4269.39701402188  71.65071
4270.01516622305  66.81712
4270.63331842423  68.88969
4271.2514706254  66.19947
4271.86962282658  62.13293
4272.48777502776  67.70633
4273.10592722893  67.42175
4273.72407943011  55.21735
4274.34223163128  83.60109
4274.96038383246  67.66319
4275.57853603363  68.0212
4276.19668823481  49.0152
4276.81484043598  51.11583
4277.43299263716  77.73613
4278.05114483834  72.61657
4278.66929703951  65.53089
4279.28744924069  60.26514
4279.90560144186  67.67905
4280.52375364304  73.88272
4281.14190584422  72.60242
4281.76005804539  69.3661
4282.37821024657  58.61468
4282.99636244774  67.42693
4283.61451464892  73.75098
4284.23266685009  63.50866
4284.85081905127  58.28372
4285.46897125244  86.5696
4286.08712345362  73.5081
4286.7052756548  66.88756
4287.32342785597  79.33681
4287.94158005715  74.73106
4288.55973225832  81.87023
4289.1778844595  72.59887
4289.79603666067  81.86561
4290.41418886185  66.63062
4291.03234106303  69.21726
4291.6504932642  86.00683
4292.26864546538  72.59004
4292.88679766655  54.2891
4293.50494986773  69.55753
4294.1231020689  63.4117
4294.74125427008  59.6625
4295.35940647126  75.32148
4295.97755867243  64.88195
4296.59571087361  68.6524
4297.21386307478  78.57161
4297.83201527596  69.54128
4298.45016747713  80.13491
4299.06831967831  85.14307
4299.68647187949  81.64511
4300.30462408066  77.07373
4300.92277628184  84.21798
4301.54092848301  76.92643
4302.15908068419  52.1132
4302.77723288536  92.43102
4303.39538508654  81.86986
4304.01353728772  93.90768
4304.63168948889  81.85957
4305.24984169007  87.72729
4305.86799389124  90.92848
4306.48614609242  94.12968
4307.10429829359  97.33086
4307.72245049477  100.5321
4308.34060269594  103.7332
4308.95875489712  106.9344
4309.5769070983  110.1356
4310.19505929947  113.3368
4310.81321150065  116.538
4311.43136370182  119.7392
4312.049515903  98.07243
4312.66766810418  101.7576
4313.28582030535  112.8566
4313.90397250653  103.9358
4314.5221247077  92.42477
4315.14027690888  113.3965
4315.75842911005  118.5671
4316.37658131123  109.0283
4316.99473351241  105.5735
4317.61288571358  112.0316
4318.23103791476  122.3048
4318.84919011593  128.0585
4319.46734231711  114.6667
4320.08549451828  126.8864
4320.70364671946  128.8412
4321.32179892064  147.7184
4321.93995112181  150.0637
4322.55810332299  160.0939
4323.17625552416  148.8297
4323.79440772534  142.7298
4324.41255992651  165.8558
4325.03071212769  148.2478
4325.64886432886  164.7288
4326.26701653004  190.6789
4326.88516873122  156.7747
4327.50332093239  182.2762
4328.12147313357  187.0854
4328.73962533474  198.6988
4329.35777753592  183.8747
4329.97592973709  175.3167
4330.59408193827  189.3979
4331.21223413945  175.2709
4331.83038634062  176.003
4332.4485385418  173.7514
4333.06669074297  189.4909
4333.68484294415  181.0692
4334.30299514532  156.6591
4334.9211473465  127.1883
4335.53929954768  140.348
4336.15745174885  150.1621
4336.77560395003  165.3931
4337.3937561512  117.724
4338.01190835238  105.1074
4338.63006055355  97.75759
4339.24821275473  113.9577
4339.86636495591  79.23016
4340.48451715708  96.36861
4341.10266935826  103.2714
4341.72082155943  102.4027
4342.33897376061  154.9976
4342.95712596178  151.4776
4343.57527816296  133.3905
4344.19343036414  152.9879
4344.81158256531  184.0027
4345.42973476649  182.5714
4346.04788696766  187.5529
4346.66603916884  215.8116
4347.28419137001  200.8144
4347.90234357119  193.4634
4348.52049577236  204.2405
4349.13864797354  214.9606
4349.75680017472  233.6525
4350.37495237589  197.7645
4350.99310457707  220.4121
4351.61125677824  205.6783
4352.22940897942  183.1152
4352.8475611806  198.4677
4353.46571338177  184.1911
4354.08386558295  223.5021
4354.70201778412  191.397
4355.3201699853  166.7536
4355.93832218647  171.5128
4356.55647438765  177.7248
4357.17462658883  152.8667
4357.79277879  172.2341
4358.41093099118  173.0701
4359.02908319235  149.3686
4359.64723539353  148.3622
4360.2653875947  148.0164
4360.88353979588  129.6406
4361.50169199706  135.0056
4362.11984419823  156.7651
4362.73799639941  157.2891
4363.35614860058  132.7065
4363.97430080176  146.688
4364.59245300293  122.1201
4365.21060520411  123.7067
4365.82875740528  132.0446
4366.44690960646  141.0275
4367.06506180764  107.4283
4367.68321400881  118.4865
4368.30136620999  132.475
4368.91951841116  108.4416
4369.53767061234  97.12064
4370.15582281351  104.7869
4370.77397501469  113.512
4371.39212721587  108.7472
4372.01027941704  91.97381
4372.62843161822  100.5126
4373.24658381939  111.284
4373.86473602057  92.79589
4374.48288822174  111.1029
4375.10104042292  110.9464
4375.7191926241  98.42278
4376.33734482527  89.01018
4376.95549702645  98.25396
4377.57364922762  100.5431
4378.1918014288  94.77599
4378.80995362997  97.78989
4379.42810583115  128.6343
4380.04625803232  109.463
4380.6644102335  100.4049
4381.28256243468  93.56735
4381.90071463585  96.76066
4382.51886683703  80.13251
4383.1370190382  85.49664
4383.75517123938  100.9962
4384.37332344055  89.89803
4384.99147564173  96.50485
4385.60962784291  82.6442
4386.22778004408  91.12184
4386.84593224526  88.81425
4387.46408444643  89.79018
4388.08223664761  85.51282
4388.70038884879  73.45249
4389.31854104996  93.46701
4389.93669325114  85.90944
4390.55484545231  99.5262
4391.17299765349  116.6159
4391.79114985466  107.811
4392.40930205584  95.2476
4393.02745425702  94.50304
4393.64560645819  104.6665
4394.26375865937  94.19228
4394.88191086054  93.72767
4395.50006306172  122.0808
4396.11821526289  94.73129
4396.73636746407  88.13689
4397.35451966524  112.0168
4397.97267186642  84.83123
4398.5908240676  72.75378
4399.20897626877  61.30217
4399.82712846995  75.14859
4400.44528067112  78.05941
4401.0634328723  68.07276
4401.68158507347  100.3163
4402.29973727465  73.81168
4402.91788947583  82.40613
4403.536041677  93.19003
4404.15419387818  113.1116
4404.77234607935  122.7571
4405.39049828053  110.4434
4406.0086504817  86.12508
4406.62680268288  86.66006
4407.24495488406  69.16318
4407.86310708523  68.30637
4408.48125928641  103.7609
4409.09941148758  84.26794
4409.71756368876  82.57221
4410.33571588993  91.98319
4410.95386809111  79.35589
4411.57202029229  87.33494
4412.19017249346  97.46003
4412.80832469464  109.6337
4413.42647689581  84.28317
4414.04462909699  69.2019
4414.66278129816  66.3297
4415.28093349934  81.94485
4415.89908570052  103.4902
4416.51723790169  81.60673
4417.13539010287  99.05719
4417.75354230404  121.6051
4418.37169450522  87.47133
4418.98984670639  76.57666
4419.60799890757  86.20271
4420.22615110874  79.72181
4420.84430330992  101.3843
4421.4624555111  94.38447
4422.08060771227  64.78643
4422.69875991345  84.69631
4423.31691211462  95.73311
4423.9350643158  96.19812
4424.55321651698  78.22347
4425.17136871815  89.7639
4425.78952091933  85.4164
4426.4076731205  77.93974
4427.02582532168  83.38428
4427.64397752285  77.50387
4428.26212972403  103.7923
4428.8802819252  92.18697
4429.49843412638  85.12579
4430.11658632756  67.79368
4430.73473852873  84.78193
4431.35289072991  80.17297
4431.97104293108  86.93615
4432.58919513226  68.99863
4433.20734733343  83.46803
4433.82549953461  107.0724
4434.44365173579  112.0095
4435.06180393696  91.47044
4435.67995613814  110.291
4436.29810833931  85.98404
4436.91626054049  76.75426
4437.53441274166  79.78049
4438.15256494284  92.3055
4438.77071714402  108.389
4439.38886934519  98.91721
4440.00702154637  78.88999
4440.62517374754  85.6404
4441.24332594872  87.26736
4441.86147814989  67.71994
4442.47963035107  95.75771
4443.09778255225  104.6894
4443.71593475342  79.04588
4444.3340869546  81.80811
4444.95223915577  100.4277
4445.57039135695  84.03011
4446.18854355812  79.70928
4446.8066957593  99.13448
4447.42484796048  102.3568
4448.04300016165  96.92045
4448.66115236283  120.8408
4449.279304564  89.34735
4449.89745676518  100.6978
4450.51560896635  116.2967
4451.13376116753  125.7573
4451.75191336871  108.154
4452.37006556988  129.9483
4452.98821777106  97.59296
4453.60636997223  113.147
4454.22452217341  88.27848
4454.84267437458  114.9465
4455.46082657576  116.5091
4456.07897877694  117.0003
4456.69713097811  123.7754
4457.31528317929  116.53
4457.93343538046  119.1516
4458.55158758164  130.203
4459.16973978281  120.4011
4459.78789198399  88.80619
4460.40604418516  109.4455
4461.02419638634  103.4663
4461.64234858752  134.1609
4462.26050078869  139.8822
4462.87865298987  124.275
4463.49680519104  111.8967
4464.11495739222  111.9828
4464.73310959339  123.2264
4465.35126179457  127.7994
4465.96941399575  118.6663
4466.58756619692  108.975
4467.2057183981  113.6092
4467.82387059927  87.82003
4468.44202280045  80.9483
4469.06017500162  78.7743
4469.6783272028  88.03857
4470.29647940398  91.35084
4470.91463160515  78.90517
4471.53278380633  68.96621
4472.1509360075  83.93076
4472.76908820868  91.58655
4473.38724040985  76.66198
4474.00539261103  77.42644
4474.6235448122  102.9954
4475.24169701338  99.8438
4475.85984921456  93.4151
4476.47800141573  123.8955
4477.09615361691  108.3204
4477.71430581808  118.6086
4478.33245801926  121.0053
4478.95061022044  115.4805
4479.56876242161  126.8763
4480.18691462279  124.502
4480.80506682396  123.5365
4481.42321902514  104.3523
4482.04137122631  119.9998
4482.65952342749  95.38853
4483.27767562867  114.1695
4483.89582782984  115.1103
4484.51398003102  110.3068
4485.13213223219  141.5015
4485.75028443337  111.627
4486.36843663454  123.3067
4486.98658883572  134.063
4487.6047410369  126.9172
4488.22289323807  102.3795
4488.84104543925  127.8666
4489.45919764042  115.9212
4490.0773498416  100.9047
4490.69550204277  105.3093
4491.31365424395  116.1836
4491.93180644513  121.5765
4492.5499586463  114.8537
4493.16811084748  94.14594
4493.78626304865  107.2927
4494.40441524983  100.9841
4495.022567451  113.5756
4495.64071965218  97.32879
4496.25887185335  118.3157
4496.87702405453  99.61063
4497.49517625571  86.44707
4498.11332845688  96.43262
4498.73148065806  107.8812
4499.34963285923  110.0255
4499.96778506041  122.8203
4500.58593726159  106.6751
4501.20408946276  96.7131
4501.82224166394  103.6662
4502.44039386511  97.27605
4503.05854606629  106.085
4503.67669826746  115.8624
4504.29485046864  96.47009
4504.91300266982  80.96153
4505.53115487099  104.1714
4506.14930707217  104.5875
4506.76745927334  117.9114
4507.38561147452  69.77631
4508.00376367569  77.7124
4508.62191587687  112.5375
4509.24006807805  107.7137
4509.85822027922  103.0932
4510.4763724804  99.96111
4511.09452468157  101.3741
4511.71267688275  78.48067
4512.33082908392  98.53065
4512.9489812851  113.2422
4513.56713348627  103.6464
4514.18528568745  87.89822
4514.80343788863  100.9324
4515.4215900898  85.34856
4516.03974229098  101.4644
4516.65789449215  113.4262
4517.27604669333  94.13485
4517.8941988945  90.91457
4518.51235109568  84.74355
4519.13050329686  90.91943
4519.74865549803  82.08949
4520.36680769921  101.445
4520.98495990038  80.20044
4521.60311210156  94.32797
4522.22126430273  91.077
4522.83941650391  116.231
4523.45756870509  85.96577
4524.07572090626  117.911
4524.69387310744  104.8971
4525.31202530861  104.6695
4525.93017750979  104.1241
4526.54832971096  85.75695
4527.16648191214  102.6917
4527.78463411332  85.9298
4528.40278631449  51.88613
4529.02093851567  115.4427
4529.63909071684  102.0903
4530.25724291802  112.002
4530.87539511919  130.9679
4531.49354732037  93.6648
4532.11169952154  110.1409
4532.72985172272  99.72392
4533.3480039239  125.6643
4533.96615612507  108.1543
4534.58430832625  103.1205
4535.20246052742  99.23858
4535.8206127286  117.1949
4536.43876492978  92.34037
4537.05691713095  108.8518
4537.67506933213  100.2706
4538.2932215333  92.90541
4538.91137373448  90.28513
4539.52952593565  93.50607
4540.14767813683  117.2
4540.76583033801  102.7514
4541.38398253918  90.10413
4542.00213474036  111.7691
4542.62028694153  104.0268
4543.23843914271  97.41786
4543.85659134388  116.5862
4544.47474354506  99.15833
4545.09289574624  105.5799
4545.71104794741  96.37488
4546.32920014859  104.3458
4546.94735234976  120.1951
4547.56550455094  95.20852
4548.18365675211  93.09665
4548.80180895329  99.87399
4549.41996115447  105.3355
4550.03811335564  99.32827
4550.65626555682  97.81984
4551.27441775799  91.85132
4551.89256995917  101.7962
4552.51072216034  108.2567
4553.12887436152  92.78529
4553.74702656269  95.74922
4554.36517876387  94.66459
4554.98333096505  92.50892
4555.60148316622  93.15682
4556.2196353674  102.2754
4556.83778756857  92.48027
4557.45593976975  105.1017
4558.07409197092  91.68457
4558.6922441721  90.67175
4559.31039637328  87.43696
4559.92854857445  95.65504
4560.54670077563  101.4866
4561.1648529768  98.5071
4561.78300517798  94.0218
4562.40115737915  119.2598
4563.01930958033  101.6772
4563.63746178151  92.97868
4564.25561398268  117.2241
4564.87376618386  101.7315
4565.49191838503  78.14452
4566.11007058621  100.1026
4566.72822278738  111.7775
4567.34637498856  96.60054
4567.96452718973  86.57294
4568.58267939091  90.23926
4569.20083159209  113.4667
4569.81898379326  115.132
4570.43713599444  84.27712
4571.05528819561  132.2204
4571.67344039679  93.38255
4572.29159259797  101.2634
4572.90974479914  95.0002
4573.52789700032  99.63315
4574.14604920149  128.9684
4574.76420140267  87.16233
4575.38235360384  104.0746
4576.00050580502  90.92674
4576.6186580062  104.1573
4577.23681020737  121.6492
4577.85496240855  76.96301
4578.47311460972  103.608
4579.0912668109  87.75964
4579.70941901207  119.431
4580.32757121325  83.1507
4580.94572341443  87.47649
4581.5638756156  75.82107
4582.18202781678  86.90063
4582.80018001795  101.755
4583.41833221913  105.3445
4584.0364844203  109.8303
4584.65463662148  92.29853
4585.27278882266  103.433
4585.89094102383  93.57393
4586.50909322501  97.30571
4587.12724542618  113.6731
4587.74539762736  105.3457
4588.36354982853  100.5679
4588.98170202971  110.3905
4589.59985423088  99.84843
4590.21800643206  119.9307
4590.83615863324  78.18444
4591.45431083441  92.54852
4592.07246303559  111.292
4592.69061523676  107.4109
4593.30876743794  103.2788
4593.92691963912  97.46368
4594.54507184029  93.43788
4595.16322404147  98.0567
4595.78137624264  104.171
4596.39952844382  103.5965
4597.01768064499  109.6709
4597.63583284617  84.29472
4598.25398504734  136.0255
4598.87213724852  87.60222
4599.4902894497  88.18264
4600.10844165087  110.865
4600.72659385205  100.9007
4601.34474605322  85.3298
4601.9628982544  93.50922
4602.58105045557  93.90469
4603.19920265675  77.75702
4603.81735485792  93.72028
4604.4355070591  100.1481
4605.05365926028  105.8738
4605.67181146145  71.0731
4606.28996366263  90.11569
4606.9081158638  88.25488
4607.52626806498  92.26615
4608.14442026616  100.8607
4608.76257246733  103.5726
4609.38072466851  111.2896
4609.99887686968  117.0703
4610.61702907086  94.25646
4611.23518127203  97.49367
4611.85333347321  93.9852
4612.47148567439  79.05672
4613.08963787556  87.455
4613.70779007674  116.5383
4614.32594227791  89.47481
4614.94409447909  110.1107
4615.56224668026  97.04759
4616.18039888144  107.2642
4616.79855108262  107.355
4617.41670328379  100.0583
4618.03485548497  85.10851
4618.65300768614  105.3151
4619.27115988732  81.22755
4619.88931208849  94.75536
4620.50746428967  103.872
4621.12561649085  106.8745
4621.74376869202  81.27309
4622.3619208932  99.17241
4622.98007309437  125.1243
4623.59822529555  92.58678
4624.21637749672  78.01764
4624.8345296979  86.21171
4625.45268189907  92.96629
4626.07083410025  94.89455
4626.68898630143  108.9789
4627.3071385026  120.7696
4627.92529070378  93.0537
4628.54344290495  82.61793
4629.16159510613  131.839
4629.77974730731  93.46784
4630.39789950848  88.69992
4631.01605170966  112.0532
4631.63420391083  90.72669
4632.25235611201  104.9355
4632.87050831318  80.93047
4633.48866051436  109.5955
4634.10681271554  102.5411
4634.72496491671  108.3498
4635.34311711789  122.9505
4635.96126931906  99.81128
4636.57942152024  99.79844
4637.19757372141  99.48499
4637.81572592259  127.7418
4638.43387812377  105.0798
4639.05203032494  83.13477
4639.67018252612  78.44057
4640.28833472729  88.90833
4640.90648692847  109.1894
4641.52463912964  104.1147
4642.14279133082  110.7388
4642.760943532  100.5616
4643.37909573317  91.63239
4643.99724793435  103.2876
4644.61540013552  126.9664
4645.2335523367  85.59071
4645.85170453787  127.5165
4646.46985673905  80.641
4647.08800894022  117.1602
4647.7061611414  85.57961
4648.32431334258  110.1663
4648.94246554375  130.1546
4649.56061774493  101.3513
4650.1787699461  127.2524
4650.79692214728  99.04288
4651.41507434845  115.6697
4652.03322654963  129.1848
4652.65137875081  107.9584
4653.26953095198  102.7869
4653.88768315316  100.4813
4654.50583535433  106.3411
4655.12398755551  90.64693
4655.74213975668  108.7672
4656.36029195786  111.9754
4656.97844415904  123.4933
4657.59659636021  81.40785
4658.21474856139  129.3046
4658.83290076256  121.6918
4659.45105296374  99.58212
4660.06920516491  119.0077
4660.68735736609  115.123
4661.30550956726  110.2497
4661.92366176844  122.4424
4662.54181396962  98.81851
4663.15996617079  128.448
4663.77811837197  115.5144
4664.39627057314  127.2454
4665.01442277432  99.40348
4665.6325749755  138.1628
4666.25072717667  108.3265
4666.86887937785  116.7967
4667.48703157902  113.4708
4668.1051837802  123.6568
4668.72333598137  108.4127
4669.34148818255  117.6118
4669.95964038373  96.32441
4670.5777925849  112.0159
4671.19594478608  121.3209
4671.81409698725  101.4876
4672.43224918843  113.4375
4673.0504013896  133.1158
4673.66855359078  81.85414
4674.28670579196  117.9993
4674.90485799313  114.5321
4675.52301019431  119.1174
4676.14116239548  123.1775
4676.75931459666  148.0227
4677.37746679783  119.3519
4677.99561899901  70.13165
4678.61377120019  134.8705
4679.23192340136  117.7993
4679.85007560254  112.0323
4680.46822780371  121.8611
4681.08638000489  111.998
4681.70453220606  113.2475
4682.32268440724  88.04617
4682.94083660841  136.7233
4683.55898880959  101.9965
4684.17714101077  131.3198
4684.79529321194  116.7559
4685.41344541312  124.9098
4686.03159761429  113.4718
4686.64974981547  117.7649
4687.26790201665  110.7073
4687.88605421782  127.4491
4688.504206419  117.0255
4689.12235862017  129.5766
4689.74051082135  121.4032
4690.35866302252  120.5319
4690.9768152237  97.46637
4691.59496742488  88.03226
4692.21311962605  95.89188
4692.83127182723  129.6341
4693.4494240284  112.6225
4694.06757622958  96.23738
4694.68572843075  114.5864
4695.30388063193  126.319
4695.9220328331  133.5342
4696.54018503428  119.8805
4697.15833723545  97.24062
4697.77648943663  125.8386
4698.39464163781  95.56914
4699.01279383898  108.6726
4699.63094604016  118.3706
4700.24909824133  115.035
4700.86725044251  107.1792
4701.48540264369  112.6379
4702.10355484486  113.1596
4702.72170704604  121.6913
4703.33985924721  135.4247
4703.95801144839  133.5806
4704.57616364956  119.6586
4705.19431585074  102.2316
4705.81246805192  101.3887
4706.43062025309  120.8844
4707.04877245427  104.3807
4707.66692465544  108.3044
4708.28507685662  107.186
4708.90322905779  99.5668
4709.52138125897  109.0747
4710.13953346015  120.7134
4710.75768566132  118.8262
4711.3758378625  110.1848
4711.99399006367  101.6915
4712.61214226485  111.7741
4713.23029446602  131.0187
4713.8484466672  123.4219
4714.46659886837  101.1814
4715.08475106955  107.8224
4715.70290327073  98.37082
4716.3210554719  113.9593
4716.93920767308  117.9332
4717.55735987425  76.05634
4718.17551207543  105.3354
4718.7936642766  101.1053
4719.41181647778  133.1087
4720.02996867896  143.6839
4720.64812088013  134.7336
4721.26627308131  97.20119
4721.88442528248  107.0199
4722.50257748366  97.06147
4723.12072968484  112.4331
4723.73888188601  99.68263
4724.35703408719  139.8555
4724.97518628836  102.5895
4725.59333848954  113.5118
4726.21149069071  103.8072
4726.82964289189  93.72921
4727.44779509306  95.53587
4728.06594729424  97.21989
4728.68409949542  107.0156
4729.30225169659  80.53383
4729.92040389777  84.48351
4730.53855609894  110.3057
4731.15670830012  62.93553
4731.77486050129  79.26324
4732.39301270247  102.486
4733.01116490365  93.01276
4733.62931710482  81.93532
4734.247469306  99.44961
4734.86562150717  83.46172
4735.48377370835  107.0217
4736.10192590952  100.5853
4736.7200781107  96.1162
4737.33823031188  93.01315
4737.95638251305  84.96874
4738.57453471423  96.76928
4739.1926869154  98.07755
4739.81083911658  88.70621
4740.42899131775  97.45679
4741.04714351893  100.1658
4741.66529572011  103.2352
4742.28344792128  97.7085
4742.90160012246  101.2366
4743.51975232363  87.09191
4744.13790452481  92.45629
4744.75605672598  101.0224
4745.37420892716  84.25433
4745.99236112833  114.6477
4746.61051332951  104.8251
4747.22866553069  82.0295
4747.84681773186  91.31516
4748.46496993304  96.36253
4749.08312213421  95.17007
4749.70127433539  97.42029
4750.31942653657  108.6122
4750.93757873774  75.95415
4751.55573093892  84.87887
4752.17388314009  94.47624
4752.79203534127  109.8715
4753.41018754244  99.25827
4754.02833974362  77.01133
4754.64649194479  107.7858
4755.26464414597  97.58787
4755.88279634715  102.3378
4756.50094854832  83.01053
4757.1191007495  93.08821
4757.73725295067  87.87577
4758.35540515185  62.23726
4758.97355735302  101.1485
4759.5917095542  82.74593
4760.20986175538  99.94182
4760.82801395655  71.86068
4761.44616615773  97.0173
4762.0643183589  96.62862
4762.68247056008  94.22884
4763.30062276125  108.4973
4763.91877496243  118.7238
4764.53692716361  108.5587
4765.15507936478  67.54733
4765.77323156596  81.93233
4766.39138376713  96.26891
4767.00953596831  87.94256
4767.62768816948  85.23201
4768.24584037066  104.878
4768.86399257184  113.4452
4769.48214477301  110.7406
4770.10029697419  108.7075
4770.71844917536  90.10671
4771.33660137654  98.79561
4771.95475357771  80.44956
4772.57290577889  106.321
4773.19105798007  90.12417
4773.80921018124  74.05344
4774.42736238242  64.98122
4775.04551458359  93.33639
4775.66366678477  89.79432
4776.28181898594  86.24802
4776.89997118712  97.4385
4777.51812338829  93.05482
4778.13627558947  94.34146
4778.75442779065  103.678
4779.37257999182  78.35426
4779.990732193  103.6028
4780.60888439417  93.6055
4781.22703659535  85.06495
4781.84518879653  89.59909
4782.4633409977  86.11112
4783.08149319888  71.50087
4783.69964540005  103.0365
4784.31779760123  86.2914
4784.9359498024  94.48535
4785.55410200358  85.003
4786.17225420476  87.00076
4786.79040640593  81.70318
4787.40855860711  88.14186
4788.02671080828  79.54741
4788.64486300946  83.09045
4789.26301521063  118.8888
4789.88116741181  77.8875
4790.49931961298  92.33339
4791.11747181416  97.89606
4791.73562401533  74.46358
4792.35377621651  81.75623
4792.97192841769  95.34535
4793.59008061886  94.65157
4794.20823282004  86.79704
4794.82638502121  81.37065
4795.44453722239  83.37466
4796.06268942357  76.19759
4796.68084162474  109.8447
4797.29899382592  91.60542
4797.91714602709  95.64665
4798.53529822827  94.04614
4799.15345042944  88.23462
4799.77160263062  81.61025
4800.3897548318  94.57423
4801.00790703297  85.39213
4801.62605923415  76.78193
4802.24421143532  72.04662
4802.8623636365  75.63217
4803.48051583767  79.44702
4804.09866803885  102.3104
4804.71682024003  80.87478
4805.3349724412  103.8584
4805.95312464238  74.09583
4806.57127684355  85.88223
4807.18942904473  84.29601
4807.8075812459  95.769
4808.42573344708  113.1003
4809.04388564826  79.1757
4809.66203784943  88.45135
4810.28019005061  100.9539
4810.89834225178  99.62855
4811.51649445296  93.71558
4812.13464665413  96.13678
4812.75279885531  118.9029
4813.37095105648  95.96635
4813.98910325766  92.69714
4814.60725545884  95.13956
4815.22540766001  105.6187
4815.84355986119  112.1976
4816.46171206236  96.08189
4817.07986426354  108.6082
4817.69801646471  99.49908
4818.31616866589  106.9291
4818.93432086707  103.5144
4819.55247306824  89.8622
4820.17062526942  79.10231
4820.78877747059  115.6014
4821.40692967177  133.4082
4822.02508187295  109.5038
4822.64323407412  120.792
4823.2613862753  121.9358
4823.87953847647  109.8171
4824.49769067765  98.70915
4825.11584287882  103.0077
4825.73399508  109.3249
4826.35214728118  108.5216
4826.97029948235  109.0327
4827.58845168353  112.1778
4828.2066038847  117.5351
4828.82475608588  145.5874
4829.44290828705  119.1595
4830.06106048823  107.788
4830.67921268941  124.2253
4831.29736489058  128.4114
4831.91551709176  127.0652
4832.53366929293  152.7551
4833.15182149411  144.4863
4833.76997369528  134.9928
4834.38812589646  150.66
4835.00627809763  162.8496
4835.62443029881  171.5151
4836.24258249999  180.572
4836.86073470116  194.0821
4837.47888690234  186.9024
4838.09703910351  150.8204
4838.71519130469  154.1599
4839.33334350586  194.2593
4839.95149570704  153.5021
4840.56964790822  192.9989
4841.18780010939  175.5409
4841.80595231057  205.7952
4842.42410451174  216.4915
4843.04225671292  224.1771
4843.66040891409  224.436
4844.27856111527  236.8074
4844.89671331645  211.1439
4845.51486551762  222.7396
4846.1330177188  241.7011
4846.75116991997  219.4564
4847.36932212115  237.0367
4847.98747432232  243.5991
4848.6056265235  228.187
4849.22377872467  241.2616
4849.84193092585  266.8475
4850.46008312703  277.3332
4851.0782353282  283.1734
4851.69638752938  275.9493
4852.31453973055  272.4058
4852.93269193173  265.0724
4853.5508441329  264.6631
4854.16899633408  269.3064
4854.78714853526  241.7541
4855.40530073643  246.1618
4856.02345293761  228.2294
4856.64160513878  192.873
4857.25975733996  180.1225
4857.87790954114  189.8155
4858.49606174231  176.39
4859.11421394349  157.9784
4859.73236614466  136.8237
4860.35051834584  136.1141
4860.96867054701  118.6725
4861.58682274819  116.5635
4862.20497494937  118.6573
4862.82312715054  126.9554
4863.44127935172  180.1221
4864.05943155289  199.0849
4864.67758375407  192.0504
4865.29573595524  219.5372
4865.91388815642  222.7442
4866.53204035759  227.7932
4867.15019255877  251.3909
4867.76834475995  272.29
4868.38649696112  254.0689
4869.0046491623  275.9666
4869.62280136347  263.2985
4870.24095356465  279.662
4870.85910576582  296.8065
4871.477257967  302.9003
4872.09541016818  272.9836
4872.71356236935  286.406
4873.33171457053  281.791
4873.9498667717  288.1906
4874.56801897288  262.5922
4875.18617117405  253.9212
4875.80432337523  275.2211
4876.42247557641  236.422
4877.04062777758  219.1969
4877.65877997876  223.6127
4878.27693217993  235.338
4878.89508438111  231.3063
4879.51323658228  216.8067
4880.13138878346  183.2487
4880.74954098464  201.6527
4881.36769318581  161.5371
4881.98584538699  195.0515
4882.60399758816  165.8175
4883.22214978934  192.9773
4883.84030199051  165.0081
4884.45845419169  185.1333
4885.07660639286  169.3769
4885.69475859404  184.1063
4886.31291079522  186.7762
4886.93106299639  146.4753
4887.54921519757  169.8538
4888.16736739874  142.9157
4888.78551959992  154.2187
4889.40367180109  136.2037
4890.02182400227  127.0328
4890.63997620345  121.269
4891.25812840462  137.0449
4891.8762806058  153.8417
4892.49443280697  150.4699
4893.11258500815  144.1161
4893.73073720932  121.4722
4894.3488894105  122.8892
4894.96704161168  136.2254
4895.58519381285  116.9891
4896.20334601403  118.9564
4896.8214982152  100.402
4897.43965041638  119.895
4898.05780261755  92.80424
4898.67595481873  120.9711
4899.29410701991  118.1356
4899.91225922108  118.7901
4900.53041142226  123.3137
4901.14856362343  116.6617
4901.76671582461  137.9165
4902.38486802578  124.9275
4903.00302022696  125.8041
4903.62117242814  125.0066
4904.23932462931  136.6679
4904.85747683049  125.2021
4905.47562903166  130.329
4906.09378123284  111.8312
4906.71193343401  116.95
4907.33008563519  115.929
4907.94823783637  123.3054
4908.56639003754  122.7233
4909.18454223872  129.9494
4909.80269443989  97.74284
4910.42084664107  134.1075
4911.03899884224  111.0002
4911.65715104342  118.5234
4912.2753032446  123.5304
4912.89345544577  103.7899
4913.51160764695  111.5853
4914.12975984812  112.2701
4914.7479120493  115.7996
4915.36606425047  120.1883
4915.98421645165  113.1809
4916.60236865283  123.0164
4917.220520854  102.4646
4917.83867305518  83.60278
4918.45682525635  124.5139
4919.07497745753  116.1352
4919.6931296587  112.1109
4920.31128185988  90.83293
4920.92943406106  96.32178
4921.54758626223  95.2793
4922.16573846341  113.5088
4922.78389066458  87.10832
4923.40204286576  96.97163
4924.02019506693  74.4342
4924.63834726811  82.09414
4925.25649946929  92.50202
4925.87465167046  115.1936
4926.49280387164  82.95235
4927.11095607281  102.7908
4927.72910827399  107.8872
4928.34726047516  94.40307
4928.96541267634  118.5295
4929.58356487751  105.3512
4930.20171707869  83.93027
4930.81986927987  120.804
4931.43802148104  107.7484
4932.05617368222  115.8283
4932.67432588339  90.5005
4933.29247808457  106.5771
4933.91063028574  95.70703
4934.52878248692  101.2425
4935.1469346881  117.0022
4935.76508688927  108.8679
4936.38323909045  95.62959
4937.00139129162  116.8242
4937.6195434928  95.76736
4938.23769569397  113.1379
4938.85584789515  121.7912
4939.47400009633  119.531
4940.0921522975  91.40441
4940.71030449868  104.3537
4941.32845669985  118.7858
4941.94660890103  111.9389
4942.5647611022  109.1665
4943.18291330338  96.29308
4943.80106550455  136.7536
4944.41921770573  98.64231
4945.03736990691  117.2315
4945.65552210808  104.8074
4946.27367430926  121.2486
4946.89182651043  110.2289
4947.50997871161  104.9289
4948.12813091279  100.5651
4948.74628311396  99.55819
4949.36443531514  115.9342
4949.98258751631  116.0395
4950.60073971749  85.02446
4951.21889191866  93.98192
4951.83704411984  100.0685
4952.45519632102  108.2476
4953.07334852219  84.72519
4953.69150072337  113.1653
4954.30965292454  112.8392
4954.92780512572  95.47482
4955.54595732689  85.89334
4956.16410952807  111.9395
4956.78226172925  97.17445
4957.40041393042  83.38879
4958.0185661316  116.1763
4958.63671833277  93.85876
4959.25487053395  97.90022
4959.87302273512  85.15575
4960.4911749363  100.9243
4961.10932713748  85.80281
4961.72747933865  86.02077
4962.34563153983  91.79675
4962.963783741  82.98553
4963.58193594218  111.0084
4964.20008814335  125.2154
4964.81824034453  73.75992
4965.4363925457  96.40363
4966.05454474688  109.5601
4966.67269694806  100.2448
4967.29084914923  104.2853
4967.90900135041  98.82545
4968.52715355158  83.43235
4969.14530575276  84.00788
4969.76345795394  92.84451
4970.38161015511  77.32506
4970.99976235629  94.18127
4971.61791455746  100.0336
4972.23606675864  105.2049
4972.85421895981  119.373
4973.47237116099  65.96988
4974.09052336216  94.11948
4974.70867556334  96.15448
4975.32682776452  104.8205
4975.94497996569  75.50259
4976.56313216687  85.14297
4977.18128436804  106.0955
4977.79943656922  89.25088
4978.41758877039  67.21079
4979.03574097157  85.59234
4979.65389317274  99.94881
4980.27204537392  95.08817
4980.8901975751  94.92725
4981.50834977627  96.24929
4982.12650197745  87.41574
4982.74465417862  79.494
4983.3628063798  92.43954
4983.98095858098  112.5571
4984.59911078215  91.41189
4985.21726298333  96.35271
4985.8354151845  92.99142
4986.45356738568  100.22
4987.07171958686  82.29426
4987.68987178803  108.411
4988.30802398921  97.51299
4988.92617619038  116.6406
4989.54432839156  94.38058
4990.16248059273  110.0419
4990.78063279391  85.6769
4991.39878499508  116.8429
4992.01693719626  105.0303
4992.63508939744  117.7197
4993.25324159861  109.8174
4993.87139379979  95.06677
4994.48954600096  114.1057
4995.10769820214  135.0757
4995.72585040331  93.03295
4996.34400260449  97.09744
4996.96215480567  107.857
4997.58030700684  89.60863
4998.19845920802  131.1664
4998.81661140919  131.9851
4999.43476361037  123.8226
5000.05291581154  120.1492
5000.67106801272  106.2686
5001.2892202139  138.6289
5001.90737241507  101.8449
5002.52552461625  136.2217
5003.14367681742  110.9201
5003.7618290186  131.7161
5004.37998121977  105.9981
5004.99813342095  122.5949
5005.61628562213  102.8828
5006.2344378233  100.9846
5006.85259002448  139.7392
5007.47074222565  102.8486
5008.08889442683  116.0856
5008.707046628  110.2567
5009.32519882918  91.33949
5009.94335103036  93.41114
5010.56150323153  78.70174
5011.17965543271  105.6291
5011.79780763388  94.51867
5012.41595983506  106.2702
5013.03411203623  110.4116
5013.65226423741  101.191
5014.27041643859  87.97108
5014.88856863976  124.2751
5015.50672084094  92.47504
5016.12487304211  90.48611
5016.74302524329  109.6289
5017.36117744446  89.09121
5017.97932964564  127.5978
5018.59748184682  119.4248
5019.21563404799  122.5319
5019.83378624917  119.7767
5020.45193845034  113.8896
5021.07009065152  97.21648
5021.68824285269  113.7637
5022.30639505387  112.1607
5022.92454725504  100.3974
5023.54269945622  117.2313
5024.1608516574  111.1161
5024.77900385857  104.2884
5025.39715605975  121.2
5026.01530826092  143.0024
5026.6334604621  122.7142
5027.25161266328  113.5045
5027.86976486445  116.6478
5028.48791706563  121.6714
5029.1060692668  140.6613
5029.72422146798  113.2596
5030.34237366915  97.61214
5030.96052587033  131.1741
5031.5786780715  147.3531
5032.19683027268  103.4057
5032.81498247386  126.9571
5033.43313467503  120.7914
5034.05128687621  128.3234
5034.66943907738  134.622
5035.28759127856  135.0102
5035.90574347973  111.5862
5036.52389568091  131.5497
5037.14204788209  137.5672
5037.76020008326  122.32
5038.37835228444  128.7962
5038.99650448561  126.7108
5039.61465668679  129.826
5040.23280888796  124.232
5040.85096108914  119.6671
5041.46911329032  108.0469
5042.08726549149  144.9968
5042.70541769267  123.9261
5043.32356989384  117.8925
5043.94172209502  101.568
5044.55987429619  102.2332
5045.17802649737  126.7762
5045.79617869855  108.722
5046.41433089972  78.67975
5047.0324831009  109.1197
5047.65063530207  112.9577
5048.26878750325  121.8681
5048.88693970443  153.5804
5049.5050919056  123.0358
5050.12324410678  100.7501
5050.74139630795  115.9384
5051.35954850913  135.6351
5051.9777007103  105.0839
5052.59585291148  104.9791
5053.21400511265  108.0639
5053.83215731383  108.0702
5054.45030951501  95.64879
5055.06846171618  97.30675
5055.68661391736  114.4478
5056.30476611853  83.71397
5056.92291831971  81.77564
5057.54107052088  118.4112
5058.15922272206  121.8765
5058.77737492324  114.0891
5059.39552712441  78.77216
5060.01367932559  129.7908
5060.63183152676  118.2679
5061.24998372794  118.7063
5061.86813592911  124.7482
5062.48628813029  99.96745
5063.10444033147  116.0991
5063.72259253264  121.9507
5064.34074473382  118.6727
5064.95889693499  81.70606
5065.57704913617  122.8105
5066.19520133734  133.6613
5066.81335353852  105.7007
5067.43150573969  101.7125
5068.04965794087  107.4547
5068.66781014205  109.7672
5069.28596234322  101.7035
5069.9041145444  121.8544
5070.52226674557  116.183
5071.14041894675  93.74902
5071.75857114792  94.54285
5072.3767233491  98.01884
5072.99487555028  111.3424
5073.61302775145  112.4356
5074.23117995263  138.0432
5074.8493321538  111.5761
5075.46748435498  114.6061
5076.08563655615  122.103
5076.70378875733  114.0655
5077.32194095851  112.3767
5077.94009315968  108.7731
5078.55824536086  119.5854
5079.17639756203  107.1989
5079.79454976321  115.0583
5080.41270196438  120.4861
5081.03085416556  99.64883
5081.64900636674  117.4383
5082.26715856791  125.3699
5082.88531076909  119.7442
5083.50346297026  94.14951
5084.12161517144  99.31615
5084.73976737261  103.3155
5085.35791957379  116.6437
5085.97607177497  101.6217
5086.59422397614  101.7125
5087.21237617732  112.7931
5087.83052837849  107.3648
5088.44868057967  95.15868
5089.06683278084  111.483
5089.68498498202  103.9611
5090.30313718319  126.6731
5090.92128938437  124.5987
5091.53944158555  117.1236
5092.15759378672  91.65607
5092.7757459879  118.8975
5093.39389818907  80.12665
5094.01205039025  104.0556
5094.63020259143  116.1831
5095.2483547926  120.5814
5095.86650699378  92.80518
5096.48465919495  101.0157
5097.10281139613  118.49
5097.7209635973  113.7438
5098.33911579848  101.0054
5098.95726799966  92.18765
5099.57542020083  105.6117
5100.19357240201  86.27683
5100.81172460318  113.6872
5101.42987680436  96.22696
5102.04802900553  88.12439
5102.66618120671  135.4919
5103.28433340788  119.0205
5103.90248560906  125.0729
5104.52063781024  129.2077
5105.13879001141  107.9322
5105.75694221259  96.26616
5106.37509441376  122.3652
5106.99324661494  86.15652
5107.61139881612  136.7287
5108.22955101729  93.4612
5108.84770321847  109.9911
5109.46585541964  135.8046
5110.08400762082  102.9666
5110.70215982199  93.96889
5111.32031202317  94.2613
5111.93846422434  86.34292
5112.55661642552  115.5297
5113.1747686267  122.0956
5113.79292082787  122.6028
5114.41107302905  97.99049
5115.02922523022  100.2788
5115.6473774314  102.7903
5116.26552963257  107.6762
5116.88368183375  105.6721
5117.50183403493  121.8396
5118.1199862361  85.6666
5118.73813843728  130.6148
5119.35629063845  113.2396
5119.97444283963  120.7156
5120.5925950408  100.3585
5121.21074724198  117.8365
5121.82889944316  105.7472
5122.44705164433  103.3615
5123.06520384551  93.58132
5123.68335604668  113.4126
5124.30150824786  122.9397
5124.91966044903  121.3323
5125.53781265021  108.3043
5126.15596485138  112.1494
5126.77411705256  108.9566
5127.39226925374  109.9635
5128.01042145491  123.412
5128.62857365609  91.4168
5129.24672585726  107.1978
5129.86487805844  117.2878
5130.48303025961  118.6402
5131.10118246079  93.33721
5131.71933466197  114.311
5132.33748686314  95.53243
5132.95563906432  115.9792
5133.57379126549  114.6657
5134.19194346667  103.6877
5134.81009566785  110.2829
5135.42824786902  107.5432
5136.0464000702  101.6443
5136.66455227137  88.64207
5137.28270447255  143.3717
5137.90085667372  98.43827
5138.5190088749  84.58482
