3889.55493164062  51.79158
3890.17318165302  46.18203
3890.79143166542  36.93105
3891.40968167782  51.04563
3892.02793169022  52.28618
3892.64618170261  50.16341
3893.26443171501  54.28366
3893.88268172741  56.26428
3894.50093173981  45.87648
3895.1191817522  56.07916
3895.7374317646  68.76242
3896.355681777  47.67058
3896.9739317894  55.46157
3897.5921818018  68.10607
3898.21043181419  57.3051
3898.82868182659  54.47971
3899.44693183899  57.40737
3900.06518185139  57.36063
3900.68343186378  81.76572
3901.30168187618  80.6791
3901.91993188858  64.53075
3902.53818190098  61.21306
3903.15643191337  73.88199
3903.77468192577  59.16107
3904.39293193817  79.95048
3905.01118195057  68.97223
3905.62943196297  62.26466
3906.24768197536  79.53271
3906.86593198776  43.3982
3907.48418200016  54.54135
3908.10243201256  70.65809
3908.72068202495  58.01608
3909.33893203735  61.97357
3909.95718204975  61.98084
3910.57543206215  47.27901
3911.19368207455  57.29676
3911.81193208694  56.73282
3912.43018209934  42.9706
3913.04843211174  62.59194
3913.66668212414  64.74692
3914.28493213653  45.57615
3914.90318214893  46.1243
3915.52143216133  69.21409
3916.13968217373  59.70609
3916.75793218613  57.91642
3917.37618219852  48.79126
3917.99443221092  73.9053
3918.61268222332  58.58913
3919.23093223572  69.21309
3919.84918224811  93.96105
3920.46743226051  86.28496
3921.08568227291  63.55896
3921.70393228531  71.83671
3922.32218229771  84.24329
3922.9404323101  91.00439
3923.5586823225  72.4724
3924.1769323349  58.98839
3924.7951823473  69.27752
3925.41343235969  76.32413
3926.03168237209  66.61452
3926.64993238449  72.1625
3927.26818239689  97.48451
3927.88643240929  86.83079
3928.50468242168  74.44392
3929.12293243408  85.5804
3929.74118244648  61.92991
3930.35943245888  58.16604
3930.97768247127  62.28194
3931.59593248367  71.03691
3932.21418249607  79.56808
3932.83243250847  88.16505
3933.45068252087  76.98976
3934.06893253326  73.00211
3934.68718254566  55.89505
3935.30543255806  69.77171
3935.92368257046  71.00644
3936.54193258285  75.40775
3937.16018259525  79.48277
3937.77843260765  66.96306
3938.39668262005  88.50475
3939.01493263245  84.42479
3939.63318264484  64.35892
3940.25143265724  61.43871
3940.86968266964  80.09174
3941.48793268204  93.6391
3942.10618269443  80.9039
3942.72443270683  104.0423
3943.34268271923  110.0736
3943.96093273163  97.09643
3944.57918274403  81.20237
3945.19743275642  84.2539
3945.81568276882  105.3617
3946.43393278122  99.46404
3947.05218279362  81.46548
3947.67043280601  70.1991
3948.28868281841  101.5594
3948.90693283081  107.2917
3949.52518284321  99.36983
3950.14343285561  92.85336
3950.761682868  107.5351
3951.3799328804  104.7339
3951.9981828928  97.79566
3952.6164329052  115.6509
3953.23468291759  117.191
3953.85293292999  108.8832
3954.47118294239  111.8773
3955.08943295479  122.5098
3955.70768296718  130.6945
3956.32593297958  106.7185
3956.94418299198  122.2935
3957.56243300438  129.519
3958.18068301678  130.556
3958.79893302917  110.3877
3959.41718304157  107.2303
3960.03543305397  127.0495
3960.65368306637  122.5545
3961.27193307876  117.0452
3961.89018309116  134.6721
3962.50843310356  114.7442
3963.12668311596  132.1297
3963.74493312836  125.6815
3964.36318314075  103.2194
3964.98143315315  123.9491
3965.59968316555  112.858
3966.21793317795  118.5702
3966.83618319035  137.0273
3967.45443320274  91.65965
3968.07268321514  84.23112
3968.69093322754  113.5298
3969.30918323994  112.3695
3969.92743325233  105.2658
3970.54568326473  78.71751
3971.16393327713  92.41798
3971.78218328953  96.25698
3972.40043330192  96.62782
3973.01868331432  96.17774
3973.63693332672  99.43793
3974.25518333912  116.9523
3974.87343335152  128.9037
3975.49168336391  95.84661
3976.10993337631  103.2477
3976.72818338871  125.6252
3977.34643340111  114.2883
3977.96468341351  110.117
3978.5829334259  99.644
3979.2011834383  122.2804
3979.8194334507  144.5396
3980.4376834631  130.4986
3981.05593347549  104.9301
3981.67418348789  118.3284
3982.29243350029  123.8985
3982.91068351269  129.9187
3983.52893352508  128.6803
3984.14718353748  136.8996
3984.76543354988  98.27034
3985.38368356228  107.9985
3986.00193357468  103.4292
3986.62018358707  103.1085
3987.23843359947  80.83601
3987.85668361187  124.7158
3988.47493362427  113.4044
3989.09318363666  96.32137
3989.71143364906  106.6925
3990.32968366146  98.05186
3990.94793367386  91.24212
3991.56618368626  90.23049
3992.18443369865  84.29758
3992.80268371105  101.7785
3993.42093372345  84.11463
3994.03918373585  80.03344
3994.65743374824  83.31853
3995.27568376064  85.43089
3995.89393377304  95.46996
3996.51218378544  81.4427
3997.13043379784  86.23898
3997.74868381023  90.34086
3998.36693382263  86.01802
3998.98518383503  92.74177
3999.60343384743  90.47456
4000.22168385982  85.12135
4000.83993387222  79.72516
4001.45818388462  99.65698
4002.07643389702  86.20833
4002.69468390941  64.39002
4003.31293392181  77.15373
4003.93118393421  84.35662
4004.54943394661  68.9283
4005.16768395901  88.41267
4005.7859339714  95.17174
4006.4041839838  93.17713
4007.0224339962  97.87254
4007.6406840086  81.96203
4008.25893402099  91.83625
4008.87718403339  94.17965
4009.49543404579  112.0238
4010.11368405819  94.95919
4010.73193407059  87.77588
4011.35018408298  53.19158
4011.96843409538  82.84261
4012.58668410778  98.53989
4013.20493412018  78.92818
4013.82318413257  74.06248
4014.44143414497  98.47344
4015.05968415737  87.65047
4015.67793416977  95.33878
4016.29618418217  106.02
4016.91443419456  81.46977
4017.53268420696  78.42331
4018.15093421936  93.23329
4018.76918423176  80.17751
4019.38743424416  89.54333
4020.00568425655  98.91078
4020.62393426895  68.20004
4021.24218428135  68.37215
4021.86043429375  82.28769
4022.47868430614  99.80914
4023.09693431854  97.32059
4023.71518433094  77.00311
4024.33343434334  73.04562
4024.95168435573  104.5252
4025.56993436813  89.46295
4026.18818438053  87.34764
4026.80643439293  69.31776
4027.42468440533  89.1272
4028.04293441772  76.34372
4028.66118443012  97.01852
4029.27943444252  75.62981
4029.89768445492  69.77508
4030.51593446732  91.96795
4031.13418447971  83.22462
4031.75243449211  88.63634
4032.37068450451  82.57359
4032.98893451691  83.70612
4033.6071845293  84.82387
4034.2254345417  73.97746
4034.8436845541  115.3191
4035.4619345665  83.59415
4036.08018457889  92.47308
4036.69843459129  100.3398
4037.31668460369  100.9752
4037.93493461609  76.80488
4038.55318462848  124.4967
4039.17143464088  120.3173
4039.78968465328  86.7065
4040.40793466568  90.46877
4041.02618467808  100.9067
4041.64443469047  99.11028
4042.26268470287  90.88682
4042.88093471527  91.8242
4043.49918472767  89.56499
4044.11743474007  98.51064
4044.73568475246  95.98886
4045.35393476486  73.95542
4045.97218477726  64.84
4046.59043478966  80.69215
4047.20868480205  97.0905
4047.82693481445  100.9699
4048.44518482685  92.5863
4049.06343483925  88.66171
4049.68168485165  106.7498
4050.29993486404  89.23589
4050.91818487644  92.27876
4051.53643488884  88.51215
4052.15468490124  107.7382
4052.77293491363  93.22359
4053.39118492603  108.4798
4054.00943493843  91.78417
4054.62768495083  90.68523
4055.24593496323  100.3483
4055.86418497562  82.18907
4056.48243498802  81.71438
4057.10068500042  67.16279
4057.71893501282  69.3798
4058.33718502521  94.13418
4058.95543503761  86.67159
4059.57368505001  84.65411
4060.19193506241  88.09093
4060.81018507481  95.0834
4061.4284350872  104.367
4062.0466850996  77.95956
4062.664935112  92.14592
4063.2831851244  73.28043
4063.90143513679  101.6109
4064.51968514919  65.53214
4065.13793516159  88.2149
4065.75618517399  98.593
4066.37443518638  87.93136
4066.99268519878  84.8091
4067.61093521118  104.9971
4068.22918522358  97.25667
4068.84743523598  84.04655
4069.46568524837  127.9581
4070.08393526077  102.4248
4070.70218527317  88.84846
4071.32043528557  94.07294
4071.93868529797  85.8395
4072.55693531036  89.74744
4073.17518532276  92.56044
4073.79343533516  113.5976
4074.41168534756  104.3108
4075.02993535995  101.8203
4075.64818537235  99.99088
4076.26643538475  132.8365
4076.88468539715  121.0207
4077.50293540955  82.94268
4078.12118542194  105.6818
4078.73943543434  108.9444
4079.35768544674  87.46066
4079.97593545914  119.9271
4080.59418547153  114.6823
4081.21243548393  123.1934
4081.83068549633  118.8428
4082.44893550873  116.4056
4083.06718552113  130.5919
4083.68543553352  126.396
4084.30368554592  117.6541
4084.92193555832  141.1253
4085.54018557072  121.9322
4086.15843558311  120.0005
4086.77668559551  146.1054
4087.39493560791  152.1985
4088.01318562031  172.5015
4088.6314356327  143.4538
4089.2496856451  156.8968
4089.8679356575  181.6738
4090.4861856699  166.4676
4091.1044356823  180.9007
4091.72268569469  145.6417
4092.34093570709  169.8934
4092.95918571949  200.5319
4093.57743573189  155.8923
4094.19568574428  199.09
4094.81393575668  175.3501
4095.43218576908  174.2726
4096.05043578148  175.1198
4096.66868579388  169.6257
4097.28693580627  164.8181
4097.90518581867  164.6529
4098.52343583107  157.3141
4099.14168584347  150.0492
4099.75993585586  157.8787
4100.37818586826  157.3401
4100.99643588066  158.541
4101.61468589306  142.832
4102.23293590546  129.2874
4102.85118591785  135.8524
4103.46943593025  146.0047
4104.08768594265  143.7874
4104.70593595505  142.2087
4105.32418596744  152.0079
4105.94243597984  166.6758
4106.56068599224  156.4034
4107.17893600464  144.3502
4107.79718601704  150.5304
4108.41543602943  168.4605
4109.03368604183  173.7535
4109.65193605423  149.1674
4110.27018606663  157.0352
4110.88843607902  168.9571
4111.50668609142  169.2148
4112.12493610382  146.0494
4112.74318611622  147.2201
4113.36143612862  176.615
4113.97968614101  162.0863
4114.59793615341  165.5552
4115.21618616581  166.7482
4115.83443617821  164.3027
4116.4526861906  133.0813
4117.070936203  157.4705
4117.6891862154  187.5833
4118.3074362278  135.5915
4118.92568624019  168.1422
4119.54393625259  135.7127
4120.16218626499  136.4258
4120.78043627739  133.2691
4121.39868628979  122.2136
4122.01693630218  129.6837
4122.63518631458  160.9591
4123.25343632698  125.9888
4123.87168633938  133.5323
4124.48993635177  130.2225
4125.10818636417  112.3136
4125.72643637657  108.1891
4126.34468638897  113.3618
4126.96293640137  113.256
4127.58118641376  121.1764
4128.19943642616  137.467
4128.81768643856  89.95666
4129.43593645096  116.1852
4130.05418646336  112.0897
4130.67243647575  110.728
4131.29068648815  117.0196
4131.90893650055  117.9596
4132.52718651295  149.394
4133.14543652534  84.04337
4133.76368653774  91.26994
4134.38193655014  90.2332
4135.00018656254  111.2844
4135.61843657494  103.6097
4136.23668658733  79.6705
4136.85493659973  106.1529
4137.47318661213  90.07452
4138.09143662453  104.8594
4138.70968663692  89.5651
4139.32793664932  94.49826
4139.94618666172  103.3749
4140.56443667412  88.00626
4141.18268668651  105.8339
4141.80093669891  104.3299
4142.41918671131  90.42085
4143.03743672371  109.8791
4143.65568673611  93.74049
4144.2739367485  124.8197
4144.8921867609  113.5506
4145.5104367733  111.6382
4146.1286867857  100.2976
4146.74693679809  101.4699
4147.36518681049  101.7294
4147.98343682289  78.98002
4148.60168683529  77.80199
4149.21993684769  114.7979
4149.83818686008  111.0522
4150.45643687248  106.9996
4151.07468688488  86.06671
4151.69293689728  86.15001
4152.31118690967  109.5582
4152.92943692207  104.1938
4153.54768693447  91.06207
4154.16593694687  103.5959
4154.78418695927  104.9521
4155.40243697166  93.2263
4156.02068698406  62.00185
4156.63893699646  80.99586
4157.25718700886  120.3483
4157.87543702125  83.7808
4158.49368703365  99.31768
4159.11193704605  97.18968
4159.73018705845  108.0814
4160.34843707085  80.81673
4160.96668708324  111.143
4161.58493709564  76.5341
4162.20318710804  73.42585
4162.82143712044  97.06353
4163.43968713283  106.836
4164.05793714523  115.5506
4164.67618715763  110.3864
4165.29443717003  95.98934
4165.91268718243  99.69911
4166.53093719482  93.42688
4167.14918720722  86.74418
4167.76743721962  84.32033
4168.38568723202  93.79877
4169.00393724441  107.7088
4169.62218725681  83.53853
4170.24043726921  91.45872
4170.85868728161  95.44084
4171.47693729401  87.46841
4172.0951873064  86.6823
4172.7134373188  88.42247
4173.3316873312  102.0876
4173.9499373436  94.88835
4174.56818735599  83.73024
4175.18643736839  100.572
4175.80468738079  89.44648
4176.42293739319  107.8499
4177.04118740559  121.9511
4177.65943741798  103.2938
4178.27768743038  81.38495
4178.89593744278  92.65247
4179.51418745518  103.9966
4180.13243746757  93.47651
4180.75068747997  95.86249
4181.36893749237  107.9182
4181.98718750477  96.27248
4182.60543751716  91.36143
4183.22368752956  110.1739
4183.84193754196  92.85071
4184.46018755436  81.06641
4185.07843756676  99.45821
4185.69668757915  100.7596
4186.31493759155  96.81536
4186.93318760395  105.1921
4187.55143761635  101.434
4188.16968762875  89.07722
4188.78793764114  108.3594
4189.40618765354  98.8264
4190.02443766594  96.73497
4190.64268767834  122.7119
4191.26093769073  77.63409
4191.87918770313  94.80652
4192.49743771553  116.3651
4193.11568772793  95.66368
4193.73393774033  76.02014
4194.35218775272  102.5332
4194.97043776512  110.1593
4195.58868777752  82.91798
4196.20693778992  96.07964
4196.82518780231  95.79092
4197.44343781471  96.37597
4198.06168782711  80.38776
4198.67993783951  86.81326
4199.29818785191  100.4085
4199.9164378643  89.91433
4200.5346878767  98.33822
4201.1529378891  93.37553
4201.7711879015  85.99194
4202.3894379139  97.80676
4203.00768792629  95.12629
4203.62593793869  96.9006
4204.24418795109  108.0455
4204.86243796349  104.0418
4205.48068797588  103.4384
4206.09893798828  104.3178
4206.71718800068  68.11751
4207.33543801308  97.91732
4207.95368802547  113.534
4208.57193803787  84.72988
4209.19018805027  98.59333
4209.80843806267  80.05515
4210.42668807506  80.93768
4211.04493808746  106.7219
4211.66318809986  93.80606
4212.28143811226  85.57159
4212.89968812466  72.8454
4213.51793813705  86.28059
4214.13618814945  108.2417
4214.75443816185  95.11247
4215.37268817425  97.57189
4215.99093818665  97.55054
4216.60918819904  83.80483
4217.22743821144  97.15889
4217.84568822384  111.8509
4218.46393823624  97.98582
4219.08218824863  109.9249
4219.70043826103  84.9675
4220.31868827343  103.8226
4220.93693828583  89.81407
4221.55518829823  75.61996
4222.17343831062  81.38989
4222.79168832302  76.96085
4223.40993833542  97.41015
4224.02818834782  110.8342
4224.64643836021  115.3408
4225.26468837261  100.4943
4225.88293838501  82.63278
4226.50118839741  95.68084
4227.11943840981  104.6503
4227.7376884222  93.56636
4228.3559384346  91.89518
4228.974188447  94.82818
4229.5924384594  104.2911
4230.2106884718  98.08817
4230.82893848419  112.7081
4231.44718849659  98.98097
4232.06543850899  92.57646
4232.68368852139  101.7946
4233.30193853378  96.00413
4233.92018854618  100.872
4234.53843855858  101.1317
4235.15668857098  81.36633
4235.77493858337  100.5818
4236.39318859577  89.38865
4237.01143860817  114.0084
4237.62968862057  109.1785
4238.24793863296  91.96044
4238.86618864536  93.50748
4239.48443865776  95.646
4240.10268867016  88.32224
4240.72093868255  90.07045
4241.33918869495  96.8808
4241.95743870735  114.5406
4242.57568871975  90.72221
4243.19393873215  86.17868
4243.81218874454  119.0904
4244.43043875694  99.40265
4245.04868876934  85.89211
4245.66693878174  99.60356
4246.28518879414  86.44189
4246.90343880653  92.86608
4247.52168881893  85.68589
4248.13993883133  87.39637
4248.75818884373  88.03423
4249.37643885612  118.31
4249.99468886852  109.1916
4250.61293888092  120.9353
4251.23118889332  85.7315
4251.84943890572  86.49055
4252.46768891811  76.37112
4253.08593893051  80.40115
4253.70418894291  95.1589
4254.32243895531  111.0175
4254.94068896771  94.71422
4255.5589389801  105.8055
4256.1771889925  93.80987
4256.7954390049  86.23266
4257.4136890173  91.62109
4258.03193902969  95.9391
4258.65018904209  93.81012
4259.26843905449  106.266
4259.88668906689  102.0126
4260.50493907928  81.38151
4261.12318909168  74.7149
4261.74143910408  94.98928
4262.35968911648  115.3842
4262.97793912888  102.0703
4263.59618914127  99.60461
4264.21443915367  111.0089
4264.83268916607  85.68733
4265.45093917847  106.0046
4266.06918919086  108.6167
4266.68743920326  89.36535
4267.30568921566  97.56105
4267.92393922806  115.9526
4268.54218924045  88.79774
4269.16043925285  92.01969
4269.77868926525  84.80369
4270.39693927765  81.84669
4271.01518929005  97.27542
4271.63343930244  84.59972
4272.25168931484  93.5826
4272.86993932724  89.11189
4273.48818933964  100.7276
4274.10643935204  107.2554
4274.72468936443  96.59901
4275.34293937683  86.03559
4275.96118938923  86.27666
4276.57943940163  96.16298
4277.19768941402  100.1502
4277.81593942642  97.99533
4278.43418943882  83.47952
4279.05243945122  94.58252
4279.67068946362  96.19265
4280.28893947601  83.68234
4280.90718948841  85.92317
4281.52543950081  96.73325
4282.14368951321  97.21702
4282.7619395256  94.56096
4283.380189538  101.5558
4283.9984395504  83.9455
4284.6166895628  85.39457
4285.2349395752  85.68319
4285.85318958759  93.03603
4286.47143959999  98.14963
4287.08968961239  92.34011
4287.70793962479  91.66658
4288.32618963718  91.16496
4288.94443964958  75.45895
4289.56268966198  109.0886
4290.18093967438  103.22
4290.79918968677  78.68203
4291.41743969917  117.1765
4292.03568971157  111.3379
4292.65393972397  84.14182
4293.27218973637  110.0505
4293.89043974876  120.0113
4294.50868976116  105.4522
4295.12693977356  99.36315
4295.74518978596  107.4376
4296.36343979835  116.6019
4296.98168981075  94.81132
4297.59993982315  97.66556
4298.21818983555  95.4614
4298.83643984795  98.00668
4299.45468986034  117.0751
4300.07293987274  107.4306
4300.69118988514  107.2232
4301.30943989754  110.8208
4301.92768990994  96.97322
4302.54593992233  95.93896
4303.16418993473  103.1076
4303.78243994713  115.1785
4304.40068995953  123.5535
4305.01893997192  102.4394
4305.63718998432  92.87723
4306.25543999672  95.36761
4306.87369000912  114.4055
4307.49194002152  120.7581
4308.11019003391  97.52315
4308.72844004631  103.3618
4309.34669005871  117.1409
4309.96494007111  95.42552
4310.5831900835  98.746
4311.2014400959  102.9145
4311.8196901083  103.6781
4312.4379401207  108.601
4313.05619013309  135.505
4313.67444014549  112.5817
4314.29269015789  123.9121
4314.91094017029  112.9413
4315.52919018269  125.1689
4316.14744019508  112.5928
4316.76569020748  141.1933
4317.38394021988  135.1808
4318.00219023228  143.8139
4318.62044024467  126.8471
4319.23869025707  134.4264
4319.85694026947  141.1794
4320.47519028187  141.3091
4321.09344029426  133.3468
4321.71169030666  158.1067
4322.32994031906  155.7729
4322.94819033146  153.6345
4323.56644034386  140.2747
4324.18469035625  158.8338
4324.80294036865  162.0501
4325.42119038105  179.5683
4326.03944039345  195.6274
4326.65769040584  179.0454
4327.27594041824  182.1348
4327.89419043064  177.1682
4328.51244044304  197.8137
4329.13069045544  195.9739
4329.74894046783  177.674
4330.36719048023  179.7528
4330.98544049263  198.4523
4331.60369050503  191.9902
4332.22194051743  216.8107
4332.84019052982  173.5805
4333.45844054222  196.7445
4334.07669055462  182.4251
4334.69494056702  205.9091
4335.31319057941  156.6138
4335.93144059181  179.9433
4336.54969060421  180.0757
4337.16794061661  184.0048
4337.78619062901  159.544
4338.4044406414  138.5872
4339.0226906538  168.2165
4339.6409406662  157.6722
4340.2591906786  164.9621
4340.87744069099  151.5294
4341.49569070339  145.9465
4342.11394071579  166.8417
4342.73219072819  176.306
4343.35044074059  158.7634
4343.96869075298  150.2037
4344.58694076538  160.9908
4345.20519077778  172.2502
4345.82344079018  173.1911
4346.44169080257  164.9344
4347.05994081497  174.5135
4347.67819082737  201.5763
4348.29644083977  181.1731
4348.91469085216  162.5622
4349.53294086456  153.1522
4350.15119087696  163.6928
4350.76944088936  187.9562
4351.38769090176  178.3088
4352.00594091415  190.6504
4352.62419092655  162.2014
4353.24244093895  156.1875
4353.86069095135  224.6001
4354.47894096374  185.6389
4355.09719097614  175.0367
4355.71544098854  176.4651
4356.33369100094  167.4657
4356.95194101334  167.0922
4357.57019102573  146.7896
4358.18844103813  188.5444
4358.80669105053  150.2817
4359.42494106293  168.3997
4360.04319107533  157.4269
4360.66144108772  129.3254
4361.27969110012  125.7348
4361.89794111252  146.6782
4362.51619112492  145.535
4363.13444113731  148.6373
4363.75269114971  153.6228
4364.37094116211  131.6059
4364.98919117451  131.8676
4365.6074411869  153.8233
4366.2256911993  119.7056
4366.8439412117  111.725
4367.4621912241  116.9461
4368.0804412365  125.0238
4368.69869124889  141.0719
4369.31694126129  127.717
4369.93519127369  114.9642
4370.55344128609  116.0966
4371.17169129848  140.6309
4371.78994131088  91.70818
4372.40819132328  96.91955
4373.02644133568  87.40859
4373.64469134808  99.53252
4374.26294136047  111.9866
4374.88119137287  99.27409
4375.49944138527  97.02142
4376.11769139767  95.65028
4376.73594141006  104.5306
4377.35419142246  86.27947
4377.97244143486  113.1541
4378.59069144726  93.52895
4379.20894145966  112.5914
4379.82719147205  126.3341
4380.44544148445  83.83553
4381.06369149685  93.0092
4381.68194150925  84.50642
4382.30019152164  79.38435
4382.91844153404  94.00611
4383.53669154644  95.28254
4384.15494155884  109.2631
4384.77319157124  89.89336
4385.39144158363  102.815
4386.00969159603  87.37228
4386.62794160843  76.67918
4387.24619162083  98.63075
4387.86444163322  97.01037
4388.48269164562  95.04819
4389.10094165802  85.29467
4389.71919167042  91.34158
4390.33744168282  94.86552
4390.95569169521  108.9346
4391.57394170761  114.1851
4392.19219172001  97.6158
4392.81044173241  92.36111
4393.4286917448  87.90492
4394.0469417572  88.65269
4394.6651917696  105.5522
4395.283441782  108.3972
4395.9016917944  115.2783
4396.51994180679  108.9487
4397.13819181919  109.0312
4397.75644183159  81.92411
4398.37469184399  97.65904
4398.99294185638  111.5322
4399.61119186878  90.26099
4400.22944188118  90.39474
4400.84769189358  92.74887
4401.46594190598  67.9972
4402.08419191837  110.0637
4402.70244193077  118.068
4403.32069194317  105.3907
4403.93894195557  102.7639
4404.55719196796  122.5263
4405.17544198036  124.0101
4405.79369199276  100.6505
4406.41194200516  122.1624
4407.03019201755  111.9056
4407.64844202995  103.4202
4408.26669204235  108.1111
4408.88494205475  104.9916
4409.50319206715  115.0227
4410.12144207955  113.8304
4410.73969209194  101.3084
4411.35794210434  96.50069
4411.97619211674  88.24586
4412.59444212913  98.97479
4413.21269214153  116.0201
4413.83094215393  91.34225
4414.44919216633  83.01997
4415.06744217873  110.2367
4415.68569219112  105.5227
4416.30394220352  89.03733
4416.92219221592  109.2277
4417.54044222832  99.1545
4418.15869224071  113.8759
4418.77694225311  101.0743
4419.39519226551  103.4958
4420.01344227791  103.6775
4420.63169229031  103.8592
4421.2499423027  104.0409
4421.8681923151  104.2226
4422.4864423275  104.4043
4423.1046923399  103.8219
4423.72294235229  118.0603
4424.34119236469  94.64081
4424.95944237709  108.2133
4425.57769238949  118.463
4426.19594240189  79.14307
4426.81419241428  89.34324
4427.43244242668  89.84991
4428.05069243908  113.471
4428.66894245148  92.78647
4429.28719246387  108.0187
4429.90544247627  114.6941
4430.52369248867  99.34188
4431.14194250107  89.36758
4431.76019251347  94.31625
4432.37844252586  114.2664
4432.99669253826  93.53672
4433.61494255066  84.99067
4434.23319256306  112.7564
4434.85144257545  96.73585
4435.46969258785  89.90308
4436.08794260025  94.24514
4436.70619261265  99.67831
4437.32444262505  102.6217
4437.94269263744  94.41042
4438.56094264984  118.3051
4439.17919266224  121.905
4439.79744267464  113.9154
4440.41569268703  105.6067
4441.03394269943  94.32652
4441.65219271183  110.8831
4442.27044272423  96.85847
4442.88869273662  108.842
4443.50694274902  100.3627
4444.12519276142  97.83775
4444.74344277382  94.24023
4445.36169278622  87.26054
4445.97994279861  105.1969
4446.59819281101  113.9097
4447.21644282341  102.7459
4447.83469283581  91.07088
4448.45294284821  122.6089
4449.0711928606  112.032
4449.689442873  93.85962
4450.3076928854  122.9557
4450.9259428978  96.874
4451.54419291019  140.9144
4452.16244292259  122.8274
4452.78069293499  116.5306
4453.39894294739  118.3314
4454.01719295979  113.6142
4454.63544297218  109.9056
4455.25369298458  129.2903
4455.87194299698  124.7656
4456.49019300938  115.7549
4457.10844302177  121.0351
4457.72669303417  128.3514
4458.34494304657  125.1646
4458.96319305897  129.7957
4459.58144307137  125.0719
4460.19969308376  132.3877
4460.81794309616  134.1929
4461.43619310856  123.9242
4462.05444312096  109.8586
4462.67269313336  105.5084
4463.29094314575  133.9367
4463.90919315815  109.5053
4464.52744317055  105.2676
4465.14569318295  128.4745
4465.76394319534  130.2861
4466.38219320774  114.3904
4467.00044322014  128.2587
4467.61869323254  120.1551
4468.23694324493  126.2931
4468.85519325733  142.6452
4469.47344326973  102.7677
4470.09169328213  103.856
4470.70994329452  116.9794
4471.32819330692  102.431
4471.94644331932  119.5635
4472.56469333172  94.79762
4473.18294334412  88.04572
4473.80119335651  81.94547
4474.41944336891  122.705
4475.03769338131  130.8105
4475.65594339371  124.4513
4476.27419340611  101.8556
4476.8924434185  99.16457
4477.5106934309  115.5936
4478.1289434433  111.5207
4478.7471934557  105.276
4479.36544346809  135.1756
4479.98369348049  108.8075
4480.60194349289  126.8393
4481.22019350529  117.2734
4481.83844351768  133.9086
4482.45669353008  131.8438
4483.07494354248  112.3166
4483.69319355488  115.1977
4484.31144356728  127.1009
4484.92969357967  138.91
4485.54794359207  118.4996
4486.16619360447  114.9131
4486.78444361687  109.9617
4487.40269362927  146.9055
4488.02094364166  155.5672
4488.63919365406  133.9548
4489.25744366646  103.1419
4489.87569367886  120.7248
4490.49394369125  142.5701
4491.11219370365  135.9855
4491.73044371605  125.7563
4492.34869372845  115.8025
4492.96694374084  115.0793
4493.58519375324  102.8461
4494.20344376564  125.3115
4494.82169377804  128.7029
4495.43994379044  105.8911
4496.05819380283  110.3398
4496.67644381523  120.1975
4497.29469382763  102.0076
4497.91294384003  112.3257
4498.53119385242  132.8434
4499.14944386482  106.4606
4499.76769387722  102.2481
4500.38594388962  106.3208
4501.00419390201  132.4934
4501.62244391441  122.3928
4502.24069392681  113.8406
4502.85894393921  131.3874
4503.47719395161  105.9863
4504.095443964  96.78658
4504.7136939764  109.5969
4505.3319439888  100.1333
4505.9501940012  99.59711
4506.5684440136  112.2289
4507.18669402599  120.496
4507.80494403839  90.5236
4508.42319405079  115.1285
4509.04144406319  96.59847
4509.65969407558  98.52605
4510.27794408798  102.7356
4510.89619410038  124.8523
4511.51444411278  92.51489
4512.13269412518  120.203
4512.75094413757  80.64721
4513.36919414997  105.6471
4513.98744416237  110.743
4514.60569417477  124.4474
4515.22394418716  102.3651
4515.84219419956  110.9946
4516.46044421196  112.666
4517.07869422436  90.51894
4517.69694423676  89.50193
4518.31519424915  94.47198
4518.93344426155  69.06737
4519.55169427395  131.3485
4520.16994428635  126.8817
4520.78819429874  98.00626
4521.40644431114  96.93364
4522.02469432354  94.72755
4522.64294433594  124.2168
4523.26119434833  109.823
4523.87944436073  107.519
4524.49769437313  112.1704
4525.11594438553  110.3659
4525.73419439793  101.1395
4526.35244441032  120.4287
4526.97069442272  118.2485
4527.58894443512  110.481
4528.20719444752  113.0637
4528.82544445991  109.9681
4529.44369447231  101.121
4530.06194448471  125.304
4530.68019449711  116.9373
4531.29844450951  83.76467
4531.9166945219  108.1433
4532.5349445343  119.7452
4533.1531945467  109.5278
4533.7714445591  108.0339
4534.38969457149  135.221
4535.00794458389  135.377
4535.62619459629  113.8266
4536.24444460869  113.3327
4536.86269462109  102.2073
4537.48094463348  107.8554
4538.09919464588  123.9584
4538.71744465828  112.4615
4539.33569467068  119.4545
4539.95394468308  122.5168
4540.57219469547  105.7359
4541.19044470787  96.66
4541.80869472027  123.1856
4542.42694473267  112.0013
4543.04519474506  96.63889
4543.66344475746  115.94
4544.28169476986  112.9768
4544.89994478226  128.5237
4545.51819479465  110.338
4546.13644480705  99.81167
4546.75469481945  106.8399
4547.37294483185  101.7226
4547.99119484425  113.5986
4548.60944485664  118.3936
4549.22769486904  106.5481
4549.84594488144  99.44265
4550.46419489384  121.7227
4551.08244490623  119.4752
4551.70069491863  109.1526
4552.31894493103  132.4809
4552.93719494343  93.77145
4553.55544495583  99.2562
4554.17369496822  116.1045
4554.79194498062  117.9027
4555.41019499302  100.2178
4556.02844500542  133.1983
4556.64669501781  135.728
4557.26494503021  96.62085
4557.88319504261  106.9886
4558.50144505501  94.42003
4559.1196950674  118.4747
4559.7379450798  96.21413
4560.3561950922  106.3646
4560.9744451046  116.8033
4561.592695117  131.7432
4562.21094512939  115.45
4562.82919514179  104.7641
4563.44744515419  102.6546
4564.06569516659  99.19507
4564.68394517899  94.76167
4565.30219519138  104.3234
4565.92044520378  118.0875
4566.53869521618  110.1392
4567.15694522858  121.7054
4567.77519524097  139.3008
4568.39344525337  110.6259
4569.01169526577  117.6485
4569.62994527817  108.0645
4570.24819529057  128.0823
4570.86644530296  113.9502
4571.48469531536  96.80095
4572.10294532776  114.0929
4572.72119534016  92.54333
4573.33944535255  113.5378
4573.95769536495  111.2562
4574.57594537735  95.42632
4575.19419538975  126.8088
4575.81244540215  87.86052
4576.43069541454  117.1781
4577.04894542694  120.2715
4577.66719543934  110.5124
4578.28544545174  99.65013
4578.90369546413  117.1819
4579.52194547653  128.3227
4580.14019548893  95.28565
4580.75844550133  105.201
4581.37669551373  131.4824
4581.99494552612  102.8544
4582.61319553852  113.1943
4583.23144555092  108.6295
4583.84969556332  125.6069
4584.46794557572  123.9853
4585.08619558811  112.4666
4585.70444560051  108.8186
4586.32269561291  98.59757
4586.9409456253  139.0281
4587.5591956377  96.11369
4588.1774456501  100.1609
4588.7956956625  116.281
4589.4139456749  107.7083
4590.03219568729  97.81062
4590.65044569969  109.5367
4591.26869571209  76.47411
4591.88694572449  109.0781
4592.50519573689  86.90673
4593.12344574928  113.4064
4593.74169576168  101.2435
4594.35994577408  100.7744
4594.97819578648  136.8128
4595.59644579887  102.7775
4596.21469581127  107.1727
4596.83294582367  104.6365
4597.45119583607  106.2734
4598.06944584846  94.65172
4598.68769586086  134.7058
4599.30594587326  74.06197
4599.92419588566  96.15021
4600.54244589806  105.4731
4601.16069591045  120.6614
4601.77894592285  119.0362
4602.39719593525  119.5869
4603.01544594765  121.3621
4603.63369596004  125.1526
4604.25194597244  109.7007
4604.87019598484  103.2261
4605.48844599724  111.389
4606.10669600964  116.9847
4606.72494602203  119.9096
4607.34319603443  102.6874
4607.96144604683  116.2571
4608.57969605923  110.1154
4609.19794607162  96.92888
4609.81619608402  114.5563
4610.43444609642  128.11
4611.05269610882  103.9417
4611.67094612122  102.5736
4612.28919613361  107.4408
4612.90744614601  99.96919
4613.52569615841  95.11376
4614.14394617081  100.7617
4614.7621961832  89.35449
4615.3804461956  102.546
4615.998696208  87.03268
4616.6169462204  119.6119
4617.2351962328  129.3015
4617.85344624519  91.46384
4618.47169625759  120.7525
4619.08994626999  131.8346
4619.70819628239  132.283
4620.32644629478  96.37792
4620.94469630718  95.68156
4621.56294631958  116.267
4622.18119633198  128.022
4622.79944634438  109.2791
4623.41769635677  114.8274
4624.03594636917  106.3048
4624.65419638157  97.19304
4625.27244639397  108.8407
4625.89069640636  97.77423
4626.50894641876  115.7916
4627.12719643116  108.2766
4627.74544644356  93.55969
4628.36369645596  125.2359
4628.98194646835  119.2131
4629.60019648075  89.64615
4630.21844649315  119.2945
4630.83669650555  112.8627
4631.45494651794  118.3666
4632.07319653034  113.3792
4632.69144654274  120.3688
4633.30969655514  127.3205
4633.92794656754  114.9467
4634.54619657993  111.7776
4635.16444659233  116.6489
4635.78269660473  121.4653
4636.40094661713  102.4236
4637.01919662952  121.7583
4637.63744664192  141.6174
4638.25569665432  126.8489
4638.87394666672  122.5485
4639.49219667911  123.7212
4640.11044669151  134.6136
4640.72869670391  121.1357
4641.34694671631  83.46957
4641.96519672871  132.4621
4642.5834467411  123.5944
4643.2016967535  104.7745
4643.8199467659  116.5032
4644.4381967783  129.4939
4645.05644679069  122.3725
4645.67469680309  94.99684
4646.29294681549  136.1959
4646.91119682789  117.6094
4647.52944684029  101.4077
4648.14769685268  95.74405
4648.76594686508  113.2971
4649.38419687748  122.1692
4650.00244688988  107.587
4650.62069690228  107.7384
4651.23894691467  132.0383
4651.85719692707  104.6366
4652.47544693947  111.7468
4653.09369695187  114.5553
4653.71194696426  100.9934
4654.33019697666  120.892
4654.94844698906  127.0372
4655.56669700146  84.93012
4656.18494701385  95.86333
4656.80319702625  117.7561
4657.42144703865  102.2953
4658.03969705105  108.7762
4658.65794706345  102.776
4659.27619707584  123.1752
4659.89444708824  107.3433
4660.51269710064  109.9369
4661.13094711304  111.0084
4661.74919712544  103.0407
4662.36744713783  99.72466
4662.98569715023  133.0051
4663.60394716263  126.3906
4664.22219717503  115.7793
4664.84044718742  128.0617
4665.45869719982  116.5071
4666.07694721222  91.76257
4666.69519722462  117.1279
4667.31344723701  113.1152
4667.93169724941  110.2424
4668.54994726181  144.326
4669.16819727421  118.5348
4669.78644728661  110.9327
4670.404697299  123.3502
4671.0229473114  118.8658
4671.6411973238  124.8079
4672.2594473362  122.2906
4672.87769734859  103.8664
4673.49594736099  113.9967
4674.11419737339  109.9809
4674.73244738579  117.1667
4675.35069739818  126.8659
4675.96894741058  139.019
4676.58719742298  113.2188
4677.20544743538  127.0057
4677.82369744778  128.6733
4678.44194746017  127.0843
4679.06019747257  136.7792
4679.67844748497  127.4489
4680.29669749737  126.2072
4680.91494750977  139.8161
4681.53319752216  138.0193
4682.15144753456  163.8288
4682.76969754696  130.187
4683.38794755936  123.9799
4684.00619757175  150.784
4684.62444758415  126.8386
4685.24269759655  147.2154
4685.86094760895  119.7735
4686.47919762135  139.5603
4687.09744763374  116.4903
4687.71569764614  122.5459
4688.33394765854  140.9601
4688.95219767094  125.6049
4689.57044768333  140.0799
4690.18869769573  129.5367
4690.80694770813  117.7309
4691.42519772053  131.2411
4692.04344773293  126.5738
4692.66169774532  117.4281
4693.27994775772  122.0912
4693.89819777012  142.8652
4694.51644778252  152.3856
4695.13469779491  125.7567
4695.75294780731  117.5668
4696.37119781971  143.0111
4696.98944783211  125.2889
4697.60769784451  106.7996
4698.2259478569  127.8538
4698.8441978693  134.6295
4699.4624478817  130.4259
4700.0806978941  117.6223
4700.69894790649  128.6569
4701.31719791889  128.9713
4701.93544793129  111.0515
4702.55369794369  131.5743
4703.17194795608  131.9577
4703.79019796848  116.1535
4704.40844798088  118.8872
4705.02669799328  133.7393
4705.64494800568  137.3823
4706.26319801807  124.5098
4706.88144803047  119.513
4707.49969804287  120.2626
4708.11794805527  143.9249
4708.73619806766  119.3429
4709.35444808006  131.6571
4709.97269809246  110.5966
4710.59094810486  115.9387
4711.20919811726  117.9735
4711.82744812965  130.9874
4712.44569814205  120.1984
4713.06394815445  120.9074
4713.68219816685  134.8177
4714.30044817925  117.962
4714.91869819164  102.5649
4715.53694820404  115.9361
4716.15519821644  136.9983
4716.77344822884  121.7361
4717.39169824123  103.4867
4718.00994825363  121.9214
4718.62819826603  117.7542
4719.24644827843  121.486
4719.86469829082  125.1927
4720.48294830322  118.6154
4721.10119831562  125.5547
4721.71944832802  133.3032
4722.33769834042  118.6217
4722.95594835281  112.5699
4723.57419836521  112.8283
4724.19244837761  140.3182
4724.81069839001  119.6652
4725.4289484024  126.1544
4726.0471984148  106.5138
4726.6654484272  103.8407
4727.2836984396  109.1672
4727.901948452  89.55376
4728.52019846439  102.7309
4729.13844847679  142.3217
4729.75669848919  101.2806
4730.37494850159  134.9286
4730.99319851398  82.38261
4731.61144852638  107.4046
4732.22969853878  122.4686
4732.84794855118  112.161
4733.46619856357  110.3791
4734.08444857597  110.2586
4734.70269858837  106.5982
4735.32094860077  95.47608
4735.93919861317  111.0874
4736.55744862556  116.5887
4737.17569863796  112.636
4737.79394865036  99.10622
4738.41219866276  98.79548
4739.03044867516  112.9029
4739.64869868755  109.8494
4740.26694869995  120.0199
4740.88519871235  116.0215
4741.50344872475  115.4691
4742.12169873714  113.6285
4742.73994874954  102.5829
4743.35819876194  104.6524
4743.97644877434  101.1949
4744.59469878674  96.9308
4745.21294879913  95.87982
4745.83119881153  113.1747
4746.44944882393  87.21798
4747.06769883633  94.51569
4747.68594884872  123.4676
4748.30419886112  126.0696
4748.92244887352  123.3282
4749.54069888592  74.47163
4750.15894889832  98.86121
4750.77719891071  101.7493
4751.39544892311  103.1448
4752.01369893551  107.8069
4752.63194894791  112.4967
4753.2501989603  115.2258
4753.8684489727  110.2111
4754.4866989851  94.83406
4755.1049489975  107.4515
4755.72319900989  97.98299
4756.34144902229  96.4772
4756.95969903469  92.53091
4757.57794904709  90.77185
4758.19619905949  111.728
4758.81444907188  106.8866
4759.43269908428  95.78769
4760.05094909668  109.4733
4760.66919910908  105.7131
4761.28744912147  124.0155
4761.90569913387  106.0777
4762.52394914627  87.36048
4763.14219915867  93.54105
4763.76044917107  98.98114
4764.37869918346  108.1187
4764.99694919586  93.41565
4765.61519920826  107.7162
4766.23344922066  85.88644
4766.85169923306  132.0995
4767.46994924545  94.33938
4768.08819925785  90.70991
4768.70644927025  96.28712
4769.32469928265  100.7488
4769.94294929505  111.7104
4770.56119930744  102.8262
4771.17944931984  101.8188
4771.79769933224  116.1473
4772.41594934464  105.8292
4773.03419935703  97.36001
4773.65244936943  113.7865
4774.27069938183  112.7082
4774.88894939423  89.33557
4775.50719940662  120.7806
4776.12544941902  112.6344
4776.74369943142  84.35052
4777.36194944382  100.2228
4777.98019945621  129.6524
4778.59844946861  121.508
4779.21669948101  107.3026
4779.83494949341  92.15097
4780.45319950581  94.41615
4781.0714495182  94.76766
4781.6896995306  113.848
4782.307949543  133.2695
4782.9261995554  91.34267
4783.54444956779  121.3306
4784.16269958019  82.66671
4784.78094959259  121.4539
4785.39919960499  104.0229
4786.01744961738  92.02309
4786.63569962978  102.8619
4787.25394964218  107.3254
4787.87219965458  104.5024
4788.49044966698  96.98306
4789.10869967937  96.99564
4789.72694969177  112.4595
4790.34519970417  120.4077
4790.96344971657  107.3101
4791.58169972897  111.3741
4792.19994974136  120.4516
4792.81819975376  108.0916
4793.43644976616  104.3123
4794.05469977856  93.99578
4794.67294979095  88.9144
4795.29119980335  102.0717
4795.90944981575  94.84147
4796.52769982815  91.41444
4797.14594984055  96.9898
4797.76419985294  117.4587
4798.38244986534  122.0559
4799.00069987774  87.5535
4799.61894989014  87.10364
4800.23719990253  82.10268
4800.85544991493  98.05562
4801.47369992733  108.3519
4802.09194993973  86.01373
4802.71019995213  97.85456
4803.32844996452  98.09595
4803.94669997692  100.4413
4804.56494998932  107.4561
4805.18320000172  87.48531
4805.80145001411  96.9503
4806.41970002651  96.52525
4807.03795003891  85.88609
4807.65620005131  103.0139
4808.27445006371  97.38921
4808.8927000761  112.3459
4809.5109500885  109.2832
4810.1292001009  78.78474
4810.7474501133  125.1124
4811.36570012569  104.5086
4811.98395013809  100.5722
4812.60220015049  103.7266
4813.22045016289  87.39719
4813.83870017529  92.29237
4814.45695018768  91.30995
4815.07520020008  135.5276
4815.69345021248  123.3417
4816.31170022488  93.77445
4816.92995023727  121.4922
4817.54820024967  101.215
4818.16645026207  107.7765
4818.78470027447  128.6088
4819.40295028686  118.0227
4820.02120029926  125.6571
4820.63945031166  103.5789
4821.25770032406  107.3967
4821.87595033646  95.31198
4822.49420034886  109.1369
4823.11245036125  132.5907
4823.73070037365  78.50437
4824.34895038605  127.9859
4824.96720039845  99.93694
4825.58545041084  120.0164
4826.20370042324  119.8303
4826.82195043564  124.4317
4827.44020044804  135.7971
4828.05845046043  121.8644
4828.67670047283  105.9683
4829.29495048523  136.5113
4829.91320049763  104.5596
4830.53145051002  149.1499
4831.14970052242  122.002
4831.76795053482  150.3009
4832.38620054722  142.168
4833.00445055962  131.4265
4833.62270057201  137.653
4834.24095058441  123.7689
4834.85920059681  128.8526
4835.47745060921  142.6988
4836.09570062161  130.7373
4836.713950634  146.5214
4837.3322006464  161.2814
4837.9504506588  138.2638
4838.5687006712  152.6529
4839.18695068359  168.914
4839.80520069599  191.3411
4840.42345070839  159.212
4841.04170072079  198.7826
4841.65995073318  195.3291
4842.27820074558  184.0807
4842.89645075798  191.8394
4843.51470077038  181.4879
4844.13295078278  195.5924
4844.75120079517  209.3841
4845.36945080757  230.9665
4845.98770081997  220.1882
4846.60595083237  205.5929
4847.22420084476  235.9456
4847.84245085716  259.6482
4848.46070086956  255.644
4849.07895088196  227.2666
4849.69720089436  245.0538
4850.31545090675  257.4919
4850.93370091915  260.7153
4851.55195093155  247.708
4852.17020094395  262.3505
4852.78845095634  266.4075
4853.40670096874  237.6093
4854.02495098114  238.6293
4854.64320099354  263.5045
4855.26145100594  251.6944
4855.87970101833  229.9246
4856.49795103073  244.9858
4857.11620104313  239.1696
4857.73445105553  262.7451
4858.35270106792  232.0548
4858.97095108032  219.9339
4859.58920109272  235.2177
4860.20745110512  197.9427
4860.82570111752  196.1719
4861.44395112991  185.1161
4862.06220114231  187.1412
4862.68045115471  174.3116
4863.29870116711  201.7346
4863.9169511795  244.4946
4864.5352011919  198.1642
4865.1534512043  221.0701
4865.7717012167  226.7231
4866.3899512291  235.8732
4867.00820124149  226.6534
4867.62645125389  246.5487
4868.24470126629  232.2931
4868.86295127869  243.5078
4869.48120129108  262.4709
4870.09945130348  243.8675
4870.71770131588  234.9081
4871.33595132828  275.4887
4871.95420134067  222.2441
4872.57245135307  282.8695
4873.19070136547  211.4317
4873.80895137787  265.8405
4874.42720139027  226.3721
4875.04545140266  239.7808
4875.66370141506  247.4705
4876.28195142746  236.7447
4876.90020143986  211.3796
4877.51845145225  203.5716
4878.13670146465  203.4051
4878.75495147705  220.8737
4879.37320148945  181.8908
4879.99145150185  162.8676
4880.60970151424  197.9244
4881.22795152664  200.9963
4881.84620153904  182.5117
4882.46445155144  187.8159
4883.08270156384  196.3055
4883.70095157623  171.2663
4884.31920158863  173.815
4884.93745160103  198.61
4885.55570161343  180.1239
4886.17395162583  177.0514
4886.79220163822  117.0042
4887.41045165062  148.3556
4888.02870166302  143.4094
4888.64695167542  150.0355
4889.26520168781  163.3103
4889.88345170021  142.0088
4890.50170171261  142.1117
4891.11995172501  143.0109
4891.7382017374  129.6917
4892.3564517498  135.3369
4892.9747017622  127.8076
4893.5929517746  138.42
4894.211201787  130.8059
4894.82945179939  143.7484
4895.44770181179  151.1344
4896.06595182419  104.4927
4896.68420183659  139.8043
4897.30245184899  123.4693
4897.92070186138  112.2627
4898.53895187378  128.5284
4899.15720188618  127.8165
4899.77545189858  139.1694
4900.39370191097  127.5805
4901.01195192337  120.1779
4901.63020193577  129.5335
4902.24845194817  113.3271
4902.86670196056  118.3299
4903.48495197296  123.7348
4904.10320198536  121.4141
4904.72145199776  138.404
4905.33970201015  122.8103
4905.95795202255  105.1669
4906.57620203495  141.095
4907.19445204735  123.4542
4907.81270205975  144.097
4908.43095207215  113.1124
4909.04920208454  109.5804
4909.66745209694  100.5096
4910.28570210934  123.5759
4910.90395212174  159.6003
4911.52220213413  114.9205
4912.14045214653  122.719
4912.75870215893  114.5353
4913.37695217133  103.2805
4913.99520218372  132.1461
4914.61345219612  130.3041
4915.23170220852  101.2025
4915.84995222092  123.9934
4916.46820223331  110.0729
4917.08645224571  120.6253
4917.70470225811  122.3887
4918.32295227051  119.6441
4918.94120228291  110.0213
4919.5594522953  82.11562
4920.1777023077  128.6798
4920.7959523201  108.2193
4921.4142023325  129.5705
4922.0324523449  113.1692
4922.65070235729  104.223
4923.26895236969  85.29661
4923.88720238209  147.7557
4924.50545239449  99.27936
4925.12370240688  124.4449
4925.74195241928  117.8617
4926.36020243168  108.6418
4926.97845244408  118.4376
4927.59670245647  118.5338
4928.21495246887  109.7405
4928.83320248127  106.2266
4929.45145249367  101.7859
4930.06970250607  107.9023
4930.68795251846  100.6354
4931.30620253086  130.8091
4931.92445254326  114.0852
4932.54270255566  88.72787
4933.16095256805  102.4234
4933.77920258045  106.3967
4934.39745259285  116.0073
4935.01570260525  135.0084
4935.63395261765  140.975
4936.25220263004  109.925
4936.87045264244  143.4274
4937.48870265484  127.69
4938.10695266724  118.5948
4938.72520267964  96.03962
4939.34345269203  116.3208
4939.96170270443  120.6519
4940.57995271683  100.1382
4941.19820272923  127.6114
4941.81645274162  113.6802
4942.43470275402  98.90991
4943.05295276642  128.5751
4943.67120277882  111.7791
4944.28945279121  92.82782
4944.90770280361  137.6711
4945.52595281601  116.4654
4946.14420282841  91.76353
4946.76245284081  90.34907
4947.3807028532  126.4584
4947.9989528656  102.3386
4948.617202878  128.6696
4949.2354528904  129.4267
4949.85370290279  99.87756
4950.47195291519  110.491
4951.09020292759  105.6565
4951.70845293999  110.4953
4952.32670295239  109.2866
4952.94495296478  118.7525
4953.56320297718  93.97766
4954.18145298958  85.33704
4954.79970300198  121.7437
4955.41795301437  112.8641
4956.03620302677  106.9566
4956.65445303917  105.6367
4957.27270305157  108.5791
4957.89095306396  106.228
4958.50920307636  102.6931
4959.12745308876  110.7594
4959.74570310116  119.7339
4960.36395311356  89.6489
4960.98220312596  89.22794
4961.60045313835  109.556
4962.21870315075  100.2327
4962.83695316315  79.85369
4963.45520317555  104.4575
4964.07345318794  102.1369
4964.69170320034  91.77562
4965.30995321274  109.1989
4965.92820322514  88.56406
4966.54645323754  109.1487
4967.16470324993  113.9907
4967.78295326233  106.5963
4968.40120327473  102.9212
4969.01945328713  96.27959
4969.63770329952  98.76766
4970.25595331192  108.4067
4970.87420332432  111.7145
4971.49245333672  104.0202
4972.11070334912  106.0446
4972.72895336151  128.914
4973.34720337391  95.32011
4973.96545338631  94.09916
4974.58370339871  87.73671
4975.2019534111  114.5677
4975.8202034235  107.9168
4976.4384534359  103.9621
4977.0567034483  100.3194
4977.67495346069  97.44193
4978.29320347309  122.6431
4978.91145348549  108.881
4979.52970349789  101.4838
4980.14795351028  103.8951
4980.76620352268  125.6443
4981.38445353508  111.3938
4982.00270354748  85.39672
4982.62095355988  99.232
4983.23920357227  96.2048
4983.85745358467  98.53911
4984.47570359707  112.8468
4985.09395360947  98.03233
4985.71220362187  113.9638
4986.33045363426  107.8491
4986.94870364666  124.2053
4987.56695365906  102.9238
4988.18520367146  93.97999
4988.80345368385  126.921
4989.42170369625  132.7863
4990.03995370865  91.97646
4990.65820372105  80.6134
4991.27645373344  132.6522
4991.89470374584  118.3134
4992.51295375824  110.0176
4993.13120377064  144.0228
4993.74945378304  104.602
4994.36770379544  108.7657
4994.98595380783  110.1382
4995.60420382023  140.6913
4996.22245383263  121.0835
4996.84070384503  109.3981
4997.45895385742  118.521
4998.07720386982  108.9324
4998.69545388222  129.4326
4999.31370389462  130.9599
4999.93195390701  113.9316
5000.55020391941  105.0269
5001.16845393181  134.7546
5001.78670394421  144.6297
5002.40495395661  131.0837
5003.023203969  116.9159
5003.6414539814  129.7231
5004.2597039938  110.9379
5004.8779540062  113.7081
5005.49620401859  106.9482
5006.11445403099  118.4353
5006.73270404339  129.0246
5007.35095405579  139.9683
5007.96920406819  117.601
5008.58745408058  115.4271
5009.20570409298  110.4256
5009.82395410538  125.4363
5010.44220411778  107.37
5011.06045413017  125.0918
5011.67870414257  139.6734
5012.29695415497  122.6461
5012.91520416737  119.4627
5013.53345417977  122.068
5014.15170419216  141.7734
5014.76995420456  138.5098
5015.38820421696  123.4828
5016.00645422936  117.4825
5016.62470424176  130.4956
5017.24295425415  125.6545
5017.86120426655  116.3022
5018.47945427895  122.0225
5019.09770429135  108.0985
5019.71595430374  116.7944
5020.33420431614  119.93
5020.95245432854  126.9699
5021.57070434094  143.6667
5022.18895435333  97.78022
5022.80720436573  114.7421
5023.42545437813  144.3852
5024.04370439053  123.5078
5024.66195440293  128.0177
5025.28020441532  123.3862
5025.89845442772  124.7331
5026.51670444012  123.704
5027.13495445252  151.5713
5027.75320446491  119.7139
5028.37145447731  121.9659
5028.98970448971  125.4297
5029.60795450211  115.9669
5030.2262045145  138.6786
5030.8444545269  130.5157
5031.4627045393  132.6427
5032.0809545517  143.8956
5032.6992045641  133.7963
5033.31745457649  124.2107
5033.93570458889  128.9315
5034.55395460129  131.2702
5035.17220461369  107.3383
5035.79045462608  125.7085
5036.40870463848  103.4473
5037.02695465088  123.8393
5037.64520466328  134.243
5038.26345467568  127.1018
5038.88170468807  124.6709
5039.49995470047  124.68
5040.11820471287  134.5587
5040.73645472527  141.8419
5041.35470473766  120.4873
5041.97295475006  127.3502
5042.59120476246  126.7571
5043.20945477486  141.7909
5043.82770478726  122.0984
5044.44595479965  127.2819
5045.06420481205  114.6651
5045.68245482445  114.6151
5046.30070483685  108.5175
5046.91895484925  109.6226
5047.53720486164  89.72022
5048.15545487404  130.1732
5048.77370488644  113.004
5049.39195489884  116.2268
5050.01020491123  106.2756
5050.62845492363  125.6175
5051.24670493603  117.4891
5051.86495494843  105.7024
5052.48320496082  107.6177
5053.10145497322  83.34857
5053.71970498562  120.8359
5054.33795499802  112.9733
5054.95620501041  127.5275
5055.57445502281  109.5582
5056.19270503521  123.5606
5056.81095504761  143.8003
5057.42920506001  125.6224
5058.04745507241  112.58
5058.6657050848  111.2308
5059.2839550972  109.7726
5059.9022051096  118.8402
5060.520455122  109.9064
5061.13870513439  129.8481
5061.75695514679  147.7066
5062.37520515919  102.6702
5062.99345517159  119.636
5063.61170518398  141.5867
5064.22995519638  136.7563
5064.84820520878  121.1453
5065.46645522118  120.9947
5066.08470523358  133.1156
5066.70295524597  112.9506
5067.32120525837  113.693
5067.93945527077  136.4823
5068.55770528317  115.1991
5069.17595529556  119.4963
5069.79420530796  125.7106
5070.41245532036  105.3205
5071.03070533276  127.1036
5071.64895534516  119.8527
5072.26720535755  102.2793
5072.88545536995  119.8333
5073.50370538235  130.1642
5074.12195539475  105.0641
5074.74020540715  115.8555
5075.35845541954  106.9945
5075.97670543194  118.7774
5076.59495544434  95.06543
5077.21320545674  119.1408
5077.83145546913  113.5222
5078.44970548153  132.5393
5079.06795549393  125.3357
5079.68620550633  137.0822
5080.30445551872  119.5264
5080.92270553112  145.4029
5081.54095554352  125.1511
5082.15920555592  123.9173
5082.77745556832  87.61535
5083.39570558071  123.8988
5084.01395559311  105.5121
5084.63220560551  112.4104
5085.25045561791  99.99387
5085.8687056303  98.08694
5086.4869556427  104.0936
5087.1052056551  122.4641
5087.7234556675  109.9419
5088.3417056799  101.0339
5088.95995569229  99.20888
5089.57820570469  120.6773
5090.19645571709  114.461
5090.81470572949  115.4797
5091.43295574188  127.3581
5092.05120575428  117.6723
5092.66945576668  119.1001
5093.28770577908  132.4735
5093.90595579148  128.3404
5094.52420580387  112.2449
5095.14245581627  111.1476
5095.76070582867  132.8206
5096.37895584107  111.3385
5096.99720585346  117.3222
5097.61545586586  136.4522
5098.23370587826  106.4655
5098.85195589066  106.2523
5099.47020590306  116.9237
5100.08845591545  125.6925
5100.70670592785  121.6112
5101.32495594025  123.6787
5101.94320595265  125.7082
5102.56145596504  124.5438
5103.17970597744  106.4322
5103.79795598984  103.7471
5104.41620600224  131.3691
5105.03445601464  86.42239
5105.65270602703  117.5431
5106.27095603943  131.6275
5106.88920605183  126.4611
5107.50745606422  123.4226
5108.12570607662  110.3943
5108.74395608902  114.8494
5109.36220610142  122.8928
5109.98045611382  112.0787
5110.59870612621  133.1294
5111.21695613861  95.90615
5111.83520615101  139.2182
5112.45345616341  134.9407
5113.0717061758  98.48025
5113.6899561882  104.5269
5114.3082062006  103.4699
5114.926456213  108.0246
5115.5447062254  104.6447
5116.16295623779  134.0987
5116.78120625019  110.3563
5117.39945626259  118.8398
5118.01770627499  112.3098
5118.63595628739  123.293
5119.25420629978  118.5768
5119.87245631218  114.6969
5120.49070632458  120.7908
5121.10895633698  114.9204
5121.72720634937  110.6068
5122.34545636177  116.3203
5122.96370637417  109.8815
5123.58195638657  131.413
5124.20020639897  100.2602
5124.81845641136  134.2811
5125.43670642376  97.83427
5126.05495643616  134.3279
5126.67320644856  112.9642
5127.29145646095  95.45701
5127.90970647335  129.0088
5128.52795648575  108.7336
5129.14620649815  114.0765
5129.76445651055  117.8277
5130.38270652294  124.396
5131.00095653534  124.2571
5131.61920654774  101.4529
5132.23745656014  122.5182
5132.85570657254  108.7446
5133.47395658493  127.1044
5134.09220659733  129.1328
5134.71045660973  102.5844
5135.32870662213  110.8842
5135.94695663452  132.7239
5136.56520664692  101.7908
5137.18345665932  105.1335
5137.80170667172  113.3949
5138.41995668411  102.0163
