3889.88623046875  40.80829
3890.50428646803  46.16859
3891.12234246731  58.45708
3891.74039846659  46.53167
3892.35845446587  53.67117
3892.97651046515  60.00145
3893.59456646443  67.25159
3894.21262246371  63.64275
3894.83067846299  66.24213
3895.44873446226  62.92946
3896.06679046154  72.52286
3896.68484646082  69.56142
3897.3029024601  77.8462
3897.92095845938  87.47064
3898.53901445866  83.88338
3899.15707045794  86.97884
3899.77512645722  69.65489
3900.3931824565  83.51844
3901.01123845578  72.17181
3901.62929445506  66.89008
3902.24735045433  90.93953
3902.86540645361  71.89565
3903.48346245289  77.04448
3904.10151845217  92.96786
3904.71957445145  76.41163
3905.33763045073  74.02396
3905.95568645001  79.28521
3906.57374244929  88.56879
3907.19179844857  80.79282
3907.80985444785  76.28273
3908.42791044712  79.98398
3909.0459664464  65.39426
3909.66402244568  68.43901
3910.28207844496  73.31284
3910.90013444424  80.42706
3911.51819044352  64.64886
3912.1362464428  70.02439
3912.75430244208  101.1248
3913.37235844136  80.05357
3913.99041444064  68.83168
3914.60847043991  54.94707
3915.22652643919  74.19609
3915.84458243847  94.28574
3916.46263843775  81.0853
3917.08069443703  84.33447
3917.69875043631  74.63612
3918.31680643559  84.71154
3918.93486243487  77.81604
3919.55291843415  58.39907
3920.17097443343  52.97508
3920.78903043271  79.4795
3921.40708643198  67.65567
3922.02514243126  81.81082
3922.64319843054  92.81329
3923.26125442982  79.61871
3923.8793104291  85.91896
3924.49736642838  77.79404
3925.11542242766  72.31326
3925.73347842694  104.302
3926.35153442622  102.8792
3926.9695904255  83.65461
3927.58764642477  93.8847
3928.20570242405  91.51183
3928.82375842333  79.6011
3929.44181442261  74.17512
3930.05987042189  89.91762
3930.67792642117  69.01206
3931.29598242045  83.23294
3931.91403841973  80.56141
3932.53209441901  81.27251
3933.15015041829  73.61266
3933.76820641756  81.67831
3934.38626241684  90.48522
3935.00431841612  79.02582
3935.6223744154  93.6605
3936.24043041468  105.8213
3936.85848641396  83.93471
3937.47654241324  77.05293
3938.09459841252  94.14401
3938.7126544118  87.26226
3939.33071041108  91.37042
3939.94876641035  97.77711
3940.56682240963  87.15685
3941.18487840891  108.4436
3941.80293440819  97.88977
3942.42099040747  121.2785
3943.03904640675  104.0765
3943.65710240603  103.939
3944.27515840531  117.673
3944.89321440459  104.467
3945.51127040387  124.969
3946.12932640315  114.5479
3946.74738240242  95.08937
3947.3654384017  111.1775
3947.98349440098  148.7679
3948.60155040026  138.7212
3949.21960639954  119.1274
3949.83766239882  113.1227
3950.4557183981  120.2239
3951.07377439738  114.9199
3951.69183039666  97.47407
3952.30988639594  114.1792
3952.92794239521  142.591
3953.54599839449  129.7746
3954.16405439377  134.2538
3954.78211039305  129.2815
3955.40016639233  147.3663
3956.01822239161  120.4034
3956.63627839089  144.6485
3957.25433439017  168.4467
3957.87239038945  146.0393
3958.49044638873  149.1732
3959.108502388  150.6975
3959.72655838728  146.6703
3960.34461438656  155.5966
3960.96267038584  175.3798
3961.58072638512  163.7612
3962.1987823844  145.1235
3962.81683838368  158.7802
3963.43489438296  149.8648
3964.05295038224  148.5328
3964.67100638152  168.8007
3965.2890623808  158.0074
3965.90711838007  125.3453
3966.52517437935  144.6184
3967.14323037863  104.6412
3967.76128637791  145.7612
3968.37934237719  148.8203
3968.99739837647  121.1095
3969.61545437575  117.0772
3970.23351037503  99.09174
3970.85156637431  115.9678
3971.46962237358  138.5371
3972.08767837286  139.2454
3972.70573437214  131.1065
3973.32379037142  121.5286
3973.9418463707  117.8696
3974.55990236998  141.9399
3975.17795836926  147.7447
3975.79601436854  145.3401
3976.41407036782  162.0649
3977.0321263671  156.4305
3977.65018236638  160.5804
3978.26823836565  150.058
3978.88629436493  142.1693
3979.50435036421  139.0531
3980.12240636349  147.4201
3980.74046236277  162.407
3981.35851836205  153.6229
3981.97657436133  155.3525
3982.59463036061  119.6573
3983.21268635989  157.2667
3983.83074235916  109.9813
3984.44879835844  119.2219
3985.06685435772  117.7867
3985.684910357  123.7124
3986.30296635628  125.838
3986.92102235556  124.2365
3987.53907835484  110.1952
3988.15713435412  102.837
3988.7751903534  115.0022
3989.39324635268  111.8143
3990.01130235196  114.1579
3990.62935835124  122.7944
3991.24741435051  103.5975
3991.86547034979  98.85355
3992.48352634907  108.6313
3993.10158234835  94.03923
3993.71963834763  101.2686
3994.33769434691  110.7927
3994.95575034619  83.11166
3995.57380634547  94.22175
3996.19186234475  124.2039
3996.80991834403  98.58823
3997.4279743433  98.11121
3998.04603034258  104.0806
3998.66408634186  118.3854
3999.28214234114  95.24404
3999.90019834042  81.40804
4000.5182543397  91.36425
4001.13631033898  92.27967
4001.75436633826  89.7649
4002.37242233754  90.40421
4002.99047833682  115.0122
4003.60853433609  107.9397
4004.22659033537  78.77472
4004.84464633465  89.23482
4005.46270233393  73.11878
4006.08075833321  116.5429
4006.69881433249  94.24956
4007.31687033177  119.7768
4007.93492633105  107.9403
4008.55298233033  101.1652
4009.1710383296  106.257
4009.78909432889  103.5238
4010.40715032816  109.9141
4011.02520632744  108.1293
4011.64326232672  109.2463
4012.261318326  103.8601
4012.87937432528  95.22833
4013.49743032456  98.49668
4014.11548632384  122.1485
4014.73354232312  115.2489
4015.3515983224  86.86176
4015.96965432167  75.53365
4016.58771032095  94.1181
4017.20576632023  91.6461
4017.82382231951  101.8805
4018.44187831879  110.5446
4019.05993431807  100.1065
4019.67799031735  88.66797
4020.29604631663  97.44949
4020.91410231591  93.21188
4021.53215831519  121.162
4022.15021431447  90.5902
4022.76827031374  101.1919
4023.38632631302  103.1544
4024.0043823123  86.11765
4024.62243831158  90.56827
4025.24049431086  85.87684
4025.85855031014  89.0775
4026.47660630942  99.54201
4027.0946623087  91.19028
4027.71271830798  96.85725
4028.33077430725  87.05339
4028.94883030653  93.33652
4029.56688630581  104.5146
4030.18494230509  109.8083
4030.80299830437  88.24094
4031.42105430365  89.49194
4032.03911030293  91.02359
4032.65716630221  94.95043
4033.27522230149  87.64673
4033.89327830077  131.9691
4034.51133430005  110.1246
4035.12939029932  89.58856
4035.7474462986  111.2528
4036.36550229788  111.6317
4036.98355829716  100.0005
4037.60161429644  101.3481
4038.21967029572  86.5796
4038.837726295  88.92433
4039.45578229428  102.0461
4040.07383829356  104.4863
4040.69189429284  96.51414
4041.30995029212  127.9761
4041.92800629139  113.574
4042.54606229067  99.44434
4043.16411828995  94.32068
4043.78217428923  134.634
4044.40023028851  88.14487
4045.01828628779  74.80504
4045.63634228707  101.4644
4046.25439828635  114.2334
4046.87245428563  99.10561
4047.4905102849  113.0602
4048.10856628418  116.4283
4048.72662228346  98.8907
4049.34467828274  94.35917
4049.96273428202  125.279
4050.5807902813  114.8733
4051.19884628058  104.5216
4051.81690227986  116.1764
4052.43495827914  95.82098
4053.05301427842  93.20193
4053.67107027769  100.5151
4054.28912627697  89.74597
4054.90718227625  97.45373
4055.52523827553  95.99009
4056.14329427481  88.90592
4056.76135027409  116.7926
4057.37940627337  111.4477
4057.99746227265  124.5918
4058.61551827193  95.79971
4059.23357427121  95.12463
4059.85163027048  91.08533
4060.46968626976  97.44719
4061.08774226904  108.5244
4061.70579826832  95.31599
4062.3238542676  108.6418
4062.94191026688  117.7977
4063.55996626616  100.1952
4064.17802226544  84.43948
4064.79607826472  72.93736
4065.414134264  93.82695
4066.03219026328  96.4403
4066.65024626256  105.6933
4067.26830226183  117.7861
4067.88635826111  115.9517
4068.50441426039  101.0103
4069.12247025967  119.9799
4069.74052625895  104.817
4070.35858225823  124.09
4070.97663825751  97.1899
4071.59469425679  112.7
4072.21275025607  131.2677
4072.83080625535  106.9946
4073.44886225462  120.7404
4074.0669182539  109.6096
4074.68497425318  106.4764
4075.30303025246  117.1005
4075.92108625174  92.96
4076.53914225102  112.2084
4077.1571982503  129.2326
4077.77525424958  129.8891
4078.39331024886  128.9198
4079.01136624814  121.3292
4079.62942224741  128.661
4080.24747824669  142.4381
4080.86553424597  155.8337
4081.48359024525  158.5308
4082.10164624453  127.719
4082.71970224381  149.5773
4083.33775824309  164.8184
4083.95581424237  156.4341
4084.57387024165  167.1092
4085.19192624093  186.9518
4085.80998224021  171.6168
4086.42803823948  165.5825
4087.04609423876  182.3779
4087.66415023804  201.9416
4088.28220623732  198.4688
4088.9002622366  204.4687
4089.51831823588  205.1165
4090.13637423516  190.515
4090.75443023444  184.7645
4091.37248623372  195.5848
4091.99054223299  206.2818
4092.60859823227  228.3854
4093.22665423155  227.3979
4093.84471023083  205.5637
4094.46276623011  222.1968
4095.08082222939  206.6247
4095.69887822867  234.6614
4096.31693422795  190.3377
4096.93499022723  200.559
4097.55304622651  209.1758
4098.17110222579  221.7218
4098.78915822506  184.4548
4099.40721422434  193.6068
4100.02527022362  149.6052
4100.6433262229  176.1927
4101.26138222218  180.062
4101.87943822146  143.5502
4102.49749422074  150.3174
4103.11555022002  183.2569
4103.7336062193  158.7699
4104.35166221857  143.3375
4104.96971821785  171.7376
4105.58777421713  188.3402
4106.20583021641  190.636
4106.82388621569  175.3703
4107.44194221497  190.063
4108.05999821425  202.4997
4108.67805421353  212.3808
4109.29611021281  215.0966
4109.91416621209  205.3263
4110.53222221137  180.13
4111.15027821065  225.6225
4111.76833420992  215.0025
4112.3863902092  175.9603
4113.00444620848  204.6307
4113.62250220776  217.6968
4114.24055820704  191.4301
4114.85861420632  183.9238
4115.4766702056  183.7186
4116.09472620488  183.7169
4116.71278220416  196.752
4117.33083820343  187.68
4117.94889420271  191.1304
4118.56695020199  169.4854
4119.18500620127  165.2874
4119.80306220055  183.7056
4120.42111819983  140.2082
4121.03917419911  127.5348
4121.65723019839  160.146
4122.27528619767  173.6365
4122.89334219695  175.7654
4123.51139819623  137.8453
4124.1294541955  169.0295
4124.74751019478  148.9251
4125.36556619406  164.5896
4125.98362219334  140.2098
4126.60167819262  112.6949
4127.2197341919  137.4644
4127.83779019118  138.0039
4128.45584619046  130.3689
4129.07390218974  119.8022
4129.69195818902  122.4957
4130.3100141883  133.5397
4130.92807018757  144.2254
4131.54612618685  131.5849
4132.16418218613  117.1628
4132.78223818541  127.2749
4133.40029418469  133.9014
4134.01835018397  128.0241
4134.63640618325  136.8299
4135.25446218253  108.6016
4135.87251818181  90.34775
4136.49057418108  119.4076
4137.10863018036  121.92
4137.72668617964  89.29591
4138.34474217892  118.0123
4138.9627981782  112.5331
4139.58085417748  109.8759
4140.19891017676  115.8963
4140.81696617604  107.0604
4141.43502217532  122.007
4142.0530781746  113.8137
4142.67113417387  122.2715
4143.28919017315  124.8863
4143.90724617243  101.7729
4144.52530217171  91.17538
4145.14335817099  101.4245
4145.76141417027  109.2439
4146.37947016955  111.134
4146.99752616883  107.3059
4147.61558216811  126.7518
4148.23363816739  119.7608
4148.85169416666  84.80476
4149.46975016594  87.57277
4150.08780616522  94.47401
4150.7058621645  82.18669
4151.32391816378  104.2957
4151.94197416306  111.5861
4152.56003016234  107.8276
4153.17808616162  124.3918
4153.7961421609  105.4209
4154.41419816018  119.072
4155.03225415945  102.9636
4155.65031015873  81.6022
4156.26836615801  89.82625
4156.88642215729  107.6362
4157.50447815657  94.20927
4158.12253415585  83.70402
4158.74059015513  106.8847
4159.35864615441  113.0097
4159.97670215369  93.15731
4160.59475815297  106.9903
4161.21281415225  116.2797
4161.83087015152  95.19428
4162.4489261508  85.36844
4163.06698215008  86.08125
4163.68503814936  95.07899
4164.30309414864  110.4739
4164.92115014792  108.3824
4165.5392061472  116.289
4166.15726214648  68.84333
4166.77531814576  118.3653
4167.39337414503  83.85917
4168.01143014431  99.27088
4168.62948614359  89.21664
4169.24754214287  90.66177
4169.86559814215  123.7804
4170.48365414143  99.71445
4171.10171014071  94.86707
4171.71976613999  102.8706
4172.33782213927  98.91823
4172.95587813855  89.41874
4173.57393413783  107.768
4174.1919901371  117.9354
4174.81004613638  94.47334
4175.42810213566  76.85099
4176.04615813494  113.8694
4176.66421413422  105.2664
4177.2822701335  91.74367
4177.90032613278  89.20084
4178.51838213206  128.3732
4179.13643813134  97.31757
4179.75449413061  77.46721
4180.3725501299  95.81232
4180.99060612917  110.2344
4181.60866212845  82.15725
4182.22671812773  98.66174
4182.84477412701  107.9357
4183.46283012629  106.0428
4184.08088612557  119.1274
4184.69894212485  109.0098
4185.31699812413  101.6454
4185.93505412341  99.64207
4186.55311012268  109.9458
4187.17116612196  98.47438
4187.78922212124  105.5679
4188.40727812052  102.767
4189.0253341198  119.3007
4189.64339011908  107.3811
4190.26144611836  88.10217
4190.87950211764  112.0547
4191.49755811692  96.90335
4192.1156141162  85.65328
4192.73367011548  106.3694
4193.35172611475  103.6354
4193.96978211403  94.52289
4194.58783811331  111.6311
4195.20589411259  97.08516
4195.82395011187  104.4781
4196.44200611115  106.5844
4197.06006211043  98.44472
4197.67811810971  58.61169
4198.29617410899  97.29035
4198.91423010826  91.87397
4199.53228610754  92.34595
4200.15034210682  108.0433
4200.7683981061  95.97223
4201.38645410538  90.25122
4202.00451010466  96.39346
4202.62256610394  95.93221
4203.24062210322  101.1104
4203.8586781025  98.74494
4204.47673410178  92.54651
4205.09479010106  85.26415
4205.71284610033  112.1308
4206.33090209961  110.8792
4206.94895809889  102.3772
4207.56701409817  101.8852
4208.18507009745  95.95761
4208.80312609673  96.03234
4209.42118209601  113.8782
4210.03923809529  84.55069
4210.65729409457  112.628
4211.27535009385  102.5061
4211.89340609313  99.58004
4212.5114620924  103.4885
4213.12951809168  118.7166
4213.74757409096  120.9817
4214.36563009024  93.85104
4214.98368608952  107.2207
4215.6017420888  94.89226
4216.21979808808  86.88132
4216.83785408736  109.3774
4217.45591008664  124.9739
4218.07396608592  96.12143
4218.6920220852  96.56042
4219.31007808447  102.1182
4219.92813408375  94.96005
4220.54619008303  120.4681
4221.16424608231  124.2452
4221.78230208159  120.0273
4222.40035808087  104.4266
4223.01841408015  110.2725
4223.63647007943  113.3923
4224.2545260787  109.5946
4224.87258207798  86.01896
4225.49063807726  118.2344
4226.10869407654  124.2727
4226.72675007582  96.9259
4227.3448060751  88.70363
4227.96286207438  108.7304
4228.58091807366  109.5425
4229.19897407294  110.502
4229.81703007222  104.8843
4230.4350860715  100.6668
4231.05314207077  110.381
4231.67119807005  108.821
4232.28925406933  105.5397
4232.90731006861  86.2113
4233.52536606789  89.33017
4234.14342206717  95.00918
4234.76147806645  103.3514
4235.37953406573  100.0883
4235.99759006501  100.0221
4236.61564606429  113.3919
4237.23370206356  114.3047
4237.85175806284  110.9887
4238.46981406212  87.57467
4239.0878700614  91.07101
4239.70592606068  104.6405
4240.32398205996  101.3862
4240.94203805924  99.6854
4241.56009405852  98.55071
4242.1781500578  100.0489
4242.79620605708  121.042
4243.41426205636  93.6069
4244.03231805564  93.96245
4244.65037405491  107.4078
4245.26843005419  91.52818
4245.88648605347  98.11337
4246.50454205275  108.2517
4247.12259805203  110.9338
4247.74065405131  94.2456
4248.35871005059  78.749
4248.97676604987  94.5939
4249.59482204915  109.7741
4250.21287804842  89.79554
4250.8309340477  88.71878
4251.44899004698  102.9113
4252.06704604626  91.79869
4252.68510204554  108.9826
4253.30315804482  91.86092
4253.9212140441  102.6354
4254.53927004338  112.7225
4255.15732604266  84.07034
4255.77538204194  88.7403
4256.39343804122  75.53545
4257.01149404049  120.4418
4257.62955003977  101.5176
4258.24760603905  79.88368
4258.86566203833  94.30051
4259.48371803761  113.1608
4260.10177403689  107.1749
4260.71983003617  95.2143
4261.33788603545  93.97308
4261.95594203473  89.89634
4262.57399803401  93.21707
4263.19205403328  87.60757
4263.81011003256  110.6206
4264.42816603184  124.9065
4265.04622203112  123.3812
4265.6642780304  109.1765
4266.28233402968  96.74399
4266.90039002896  106.6157
4267.51844602824  98.93657
4268.13650202752  96.22207
4268.7545580268  96.37096
4269.37261402607  91.09127
4269.99067002535  105.6725
4270.60872602463  91.42225
4271.22678202391  100.7949
4271.84483802319  78.14323
4272.46289402247  105.5844
4273.08095002175  99.95295
4273.69900602103  86.02357
4274.31706202031  95.10297
4274.93511801959  98.3371
4275.55317401886  92.33109
4276.17123001814  96.56175
4276.78928601742  88.5881
4277.4073420167  101.1611
4278.02539801598  108.905
4278.64345401526  103.5923
4279.26151001454  104.9233
4279.87956601382  96.97526
4280.4976220131  105.7476
4281.11567801238  87.58784
4281.73373401165  85.9701
4282.35179001093  122.2214
4282.96984601021  126.9165
4283.58790200949  120.3959
4284.20595800877  122.0694
4284.82401400805  93.57276
4285.44207000733  98.95965
4286.06012600661  121.7672
4286.67818200589  86.26284
4287.29623800517  118.066
4287.91429400444  118.2651
4288.53235000372  103.8795
4289.150406003  118.2861
4289.76846200228  126.5549
4290.38651800156  128.1381
4291.00457400084  100.8954
4291.62263000012  117.0927
4292.2406859994  103.5709
4292.85874199868  97.56679
4293.47679799796  83.36915
4294.09485399724  103.8715
4294.71290999651  117.9776
4295.33096599579  96.98185
4295.94902199507  94.49595
4296.56707799435  122.0798
4297.18513399363  112.7402
4297.80318999291  110.6833
4298.42124599219  115.5424
4299.03930199147  97.97464
4299.65735799075  114.0472
4300.27541399003  108.3628
4300.8934699893  118.5978
4301.51152598858  128.4772
4302.12958198786  111.6155
4302.74763798714  115.762
4303.36569398642  72.72453
4303.9837499857  113.939
4304.60180598498  108.977
4305.21986198426  116.5423
4305.83791798354  112.506
4306.45597398282  125.6347
4307.07402998209  101.2269
4307.69208598137  145.8422
4308.31014198065  126.3682
4308.92819797993  118.9058
4309.54625397921  117.4289
4310.16430997849  124.0374
4310.78236597777  133.1347
4311.40042197705  120.7201
4312.01847797633  120.7523
4312.63653397561  140.7625
4313.25458997488  141.6797
4313.87264597416  113.9067
4314.49070197344  154.5474
4315.10875797272  153.9804
4315.726813972  148.9428
4316.34486997128  162.624
4316.96292597056  120.9248
4317.58098196984  157.8938
4318.19903796912  176.1299
4318.8170939684  151.4626
4319.43514996768  178.2034
4320.05320596695  179.4178
4320.67126196623  185.1538
4321.28931796551  146.6621
4321.90737396479  172.7888
4322.52542996407  177.4629
4323.14348596335  187.0023
4323.76154196263  168.4117
4324.37959796191  212.3975
4324.99765396119  202.0788
4325.61570996046  197.8681
4326.23376595974  201.8266
4326.85182195902  220.3468
4327.4698779583  238.2457
4328.08793395758  233.2678
4328.70598995686  240.9211
4329.32404595614  248.7054
4329.94210195542  245.8525
4330.5601579547  217.4486
4331.17821395398  234.9452
4331.79626995326  253.7107
4332.41432595253  255.435
4333.03238195181  243.3907
4333.65043795109  235.1162
4334.26849395037  240.375
4334.88654994965  250.9548
4335.50460594893  222.9273
4336.12266194821  207.6476
4336.74071794749  211.8699
4337.35877394677  213.107
4337.97682994604  189.6209
4338.59488594533  158.5849
4339.2129419446  186.3827
4339.83099794388  191.3013
4340.44905394316  180.0551
4341.06710994244  183.5334
4341.68516594172  169.9637
4342.303221941  171.8195
4342.92127794028  183.0025
4343.53933393956  175.9859
4344.15738993884  171.8722
4344.77544593811  214.2643
4345.39350193739  213.8021
4346.01155793667  228.6115
4346.62961393595  198.275
4347.24766993523  215.9407
4347.86572593451  203.2611
4348.48378193379  237.0461
4349.10183793307  224.995
4349.71989393235  234.8721
4350.33794993163  248.1357
4350.95600593091  239.3697
4351.57406193018  213.6395
4352.19211792946  230.6289
4352.81017392874  220.4904
4353.42822992802  213.611
4354.0462859273  229.8284
4354.66434192658  228.3117
4355.28239792586  203.147
4355.90045392514  172.5488
4356.51850992442  170.3874
4357.13656592369  184.0019
4357.75462192297  188.5658
4358.37267792225  176.4452
4358.99073392153  164.3113
4359.60878992081  166.7376
4360.22684592009  168.4155
4360.84490191937  152.0172
4361.46295791865  151.3617
4362.08101391793  147.1427
4362.69906991721  172.0082
4363.31712591649  142.5839
4363.93518191576  157.5817
4364.55323791504  141.7305
4365.17129391432  134.5941
4365.7893499136  124.079
4366.40740591288  138.0448
4367.02546191216  140.6762
4367.64351791144  139.5134
4368.26157391072  137.9097
4368.87962991  137.4206
4369.49768590928  128.9753
4370.11574190855  132.2347
4370.73379790783  130.929
4371.35185390711  131.2566
4371.96990990639  121.3145
4372.58796590567  116.2058
4373.20602190495  125.9129
4373.82407790423  111.7148
4374.44213390351  115.7624
4375.06018990279  127.5153
4375.67824590207  98.12952
4376.29630190134  99.28085
4376.91435790062  118.6468
4377.5324138999  113.9489
4378.15046989918  123.2042
4378.76852589846  96.47115
4379.38658189774  120.1175
4380.00463789702  157.1894
4380.6226938963  123.0093
4381.24074989558  100.6247
4381.85880589486  124.563
4382.47686189414  107.8019
4383.09491789341  79.94952
4383.71297389269  98.57429
4384.33102989197  113.115
4384.94908589125  111.2424
4385.56714189053  106.6771
4386.18519788981  118.392
4386.80325388909  87.45747
4387.42130988837  109.7032
4388.03936588765  95.00156
4388.65742188693  114.4504
4389.27547788621  117.2495
4389.89353388548  102.4266
4390.51158988476  107.1586
4391.12964588404  149.3003
4391.74770188332  112.1167
4392.3657578826  103.3522
4392.98381388188  127.9104
4393.60186988116  124.0422
4394.21992588044  106.4344
4394.83798187972  88.62707
4395.456037879  59.44936
4396.07409387827  116.5545
4396.69214987755  104.1195
4397.31020587683  103.1146
4397.92826187611  109.88
4398.54631787539  97.79502
4399.16437387467  97.85403
4399.78242987395  108.7355
4400.40048587323  98.44138
4401.01854187251  106.6171
4401.63659787178  107.2315
4402.25465387106  101.5263
4402.87270987034  92.02998
4403.49076586962  80.6078
4404.1088218689  102.3509
4404.72687786818  146.4092
4405.34493386746  132.4475
4405.96298986674  95.3871
4406.58104586602  105.4444
4407.1991018653  94.66066
4407.81715786458  83.1517
4408.43521386385  112.6066
4409.05326986313  98.89883
4409.67132586241  99.77
4410.28938186169  94.3003
4410.90743786097  85.68172
4411.52549386025  104.0881
4412.14354985953  110.3973
4412.76160585881  96.92979
4413.37966185809  82.09782
4413.99771785737  114.9878
4414.61577385664  106.26
4415.23382985592  119.3071
4415.8518858552  96.92922
4416.46994185448  80.87068
4417.08799785376  94.22312
4417.70605385304  113.6843
4418.32410985232  101.3615
4418.9421658516  92.97071
4419.56022185088  108.216
4420.17827785016  119.5461
4420.79633384943  125.5721
4421.41438984871  95.74189
4422.03244584799  95.28296
4422.65050184727  99.7673
4423.26855784655  114.0181
4423.88661384583  105.5856
4424.50466984511  119.6005
4425.12272584439  103.8364
4425.74078184367  96.34435
4426.35883784295  87.57812
4426.97689384223  112.5844
4427.5949498415  121.7133
4428.21300584078  111.4657
4428.83106184006  97.50101
4429.44911783934  101.8587
4430.06717383862  103.0635
4430.6852298379  102.5936
4431.30328583718  95.94875
4431.92134183646  107.1223
4432.53939783574  105.2863
4433.15745383502  116.4691
4433.77550983429  93.50628
4434.39356583357  109.0887
4435.01162183285  111.3866
4435.62967783213  124.2258
4436.24773383141  89.29514
4436.86578983069  89.35677
4437.48384582997  105.0859
4438.10190182925  102.3474
4438.71995782853  115.9358
4439.33801382781  104.6163
4439.95606982708  96.89465
4440.57412582636  104.9336
4441.19218182564  108.5922
4441.81023782492  101.8326
4442.4282938242  119.78
4443.04634982348  105.7673
4443.66440582276  100.9066
4444.28246182204  105.7407
4444.90051782132  110.2526
4445.5185738206  133.3713
4446.13662981987  115.5697
4446.75468581915  107.3834
4447.37274181843  134.4683
4447.99079781771  136.606
4448.60885381699  110.8994
4449.22690981627  118.7936
4449.84496581555  125.2379
4450.46302181483  137.7511
4451.08107781411  135.118
4451.69913381339  123.599
4452.31718981267  102.9902
4452.93524581194  126.1531
4453.55330181122  138.1791
4454.1713578105  113.5959
4454.78941380978  133.4304
4455.40746980906  132.9315
4456.02552580834  126.2748
4456.64358180762  115.7742
4457.2616378069  125.459
4457.87969380618  139.2281
4458.49774980545  147.963
4459.11580580473  131.0295
4459.73386180401  120.6686
4460.35191780329  125.2113
4460.96997380257  131.6338
4461.58802980185  137.2038
4462.20608580113  142.5409
4462.82414180041  154.641
4463.44219779969  145.0512
4464.06025379897  122.2743
4464.67830979825  137.237
4465.29636579752  125.4493
4465.9144217968  142.8408
4466.53247779608  136.6867
4467.15053379536  120.8592
4467.76858979464  107.4738
4468.38664579392  131.9324
4469.0047017932  138.2844
4469.62275779248  119.3312
4470.24081379176  111.7463
4470.85886979104  111.0041
4471.47692579031  117.7972
4472.09498178959  119.623
4472.71303778887  97.60561
4473.33109378815  109.2141
4473.94914978743  114.4902
4474.56720578671  123.3493
4475.18526178599  131.8701
4475.80331778527  123.782
4476.42137378455  130.7883
4477.03942978383  115.0492
4477.65748578311  118.6288
4478.27554178238  137.0255
4478.89359778166  126.3618
4479.51165378094  129.265
4480.12970978022  113.6577
4480.7477657795  151.8111
4481.36582177878  149.5108
4481.98387777806  133.8513
4482.60193377734  148.7079
4483.21998977662  136.3174
4483.83804577589  136.0344
4484.45610177517  133.7834
4485.07415777445  123.7361
4485.69221377373  170.5965
4486.31026977301  153.8585
4486.92832577229  140.8502
4487.54638177157  151.6118
4488.16443777085  133.8205
4488.78249377013  124.7222
4489.40054976941  134.0745
4490.01860576869  149.5654
4490.63666176796  127.639
4491.25471776724  146.9252
4491.87277376652  161.4583
4492.4908297658  130.8794
4493.10888576508  129.5044
4493.72694176436  138.5959
4494.34499776364  148.4582
4494.96305376292  129.1385
4495.5811097622  106.7607
4496.19916576147  114.7914
4496.81722176076  121.5592
4497.43527776003  125.0517
4498.05333375931  136.0776
4498.67138975859  124.7829
4499.28944575787  118.3485
4499.90750175715  123.2907
4500.52555775643  141.3659
4501.14361375571  107.8621
4501.76166975499  122.9703
4502.37972575427  116.0748
4502.99778175354  83.23922
4503.61583775282  109.6849
4504.2338937521  118.3316
4504.85194975138  112.9189
4505.47000575066  129.4404
4506.08806174994  122.0528
4506.70611774922  113.9348
4507.3241737485  132.0052
4507.94222974778  127.3471
4508.56028574706  84.04697
4509.17834174634  102.5574
4509.79639774561  127.7273
4510.41445374489  125.443
4511.03250974417  118.5751
4511.65056574345  121.9289
4512.26862174273  101.0845
4512.88667774201  108.8316
4513.50473374129  111.8611
4514.12278974057  108.3909
4514.74084573985  106.2161
4515.35890173912  103.7129
4515.9769577384  91.26585
4516.59501373768  111.1985
4517.21306973696  126.6334
4517.83112573624  134.7178
4518.44918173552  120.2507
4519.0672377348  99.25846
4519.68529373408  120.4928
4520.30334973336  104.1907
4520.92140573264  84.10007
4521.53946173192  123.1042
4522.15751773119  109.8894
4522.77557373047  119.6275
4523.39362972975  86.49376
4524.01168572903  123.6747
4524.62974172831  106.9627
4525.24779772759  113.8926
4525.86585372687  100.49
4526.48390972615  104.5411
4527.10196572543  100.3916
4527.72002172471  95.21498
4528.33807772399  90.76782
4528.95613372326  121.0828
4529.57418972254  103.365
4530.19224572182  95.38562
4530.8103017211  117.7449
4531.42835772038  130.3344
4532.04641371966  122.7912
4532.66446971894  121.332
4533.28252571822  130.7229
4533.90058171749  110.612
4534.51863771677  119.6351
4535.13669371605  125.127
4535.75474971533  113.0957
4536.37280571461  120.3574
4536.99086171389  147.6382
4537.60891771317  145.8339
4538.22697371245  117.0474
4538.84502971173  104.4085
4539.46308571101  85.33193
4540.08114171029  100.5819
4540.69919770956  129.5276
4541.31725370884  93.0211
4541.93530970812  114.9969
4542.5533657074  139.3213
4543.17142170668  115.258
4543.78947770596  133.4738
4544.40753370524  116.7689
4545.02558970452  95.69633
4545.6436457038  124.1351
4546.26170170308  120.5058
4546.87975770235  122.3404
4547.49781370163  116.2003
4548.11586970091  104.9711
4548.73392570019  111.4031
4549.35198169947  127.9744
4549.97003769875  125.7773
4550.58809369803  124.3962
4551.20614969731  103.8802
4551.82420569659  98.29183
4552.44226169587  87.33503
4553.06031769515  110.1447
4553.67837369442  125.3476
4554.2964296937  107.2151
4554.91448569298  102.8762
4555.53254169226  99.56853
4556.15059769154  127.0188
4556.76865369082  80.12536
4557.3867096901  93.63947
4558.00476568938  111.258
4558.62282168866  105.455
4559.24087768794  111.3647
4559.85893368722  116.6769
4560.47698968649  123.6343
4561.09504568577  112.7457
4561.71310168505  109.4668
4562.33115768433  103.9725
4562.94921368361  139.996
4563.56726968289  126.8641
4564.18532568217  121.6914
4564.80338168145  121.5693
4565.42143768073  135.3342
4566.03949368  105.0927
4566.65754967928  89.8253
4567.27560567856  112.3645
4567.89366167784  132.8375
4568.51171767712  117.0526
4569.1297736764  134.8621
4569.74782967568  139.4241
4570.36588567496  122.7312
4570.98394167424  117.8759
4571.60199767352  118.1787
4572.2200536728  127.0293
4572.83810967208  114.7359
4573.45616567135  120.2913
4574.07422167063  129.6304
4574.69227766991  137.8338
4575.31033366919  117.4753
4575.92838966847  119.103
4576.54644566775  112.9078
4577.16450166703  109.2514
4577.78255766631  132.8954
4578.40061366559  113.6121
4579.01866966487  121.1395
4579.63672566414  97.61098
4580.25478166342  88.59448
4580.8728376627  142.1231
4581.49089366198  113.1081
4582.10894966126  94.25879
4582.72700566054  129.4442
4583.34506165982  97.38295
4583.9631176591  121.3621
4584.58117365838  101.7753
4585.19922965766  115.3357
4585.81728565693  147.2437
4586.43534165621  108.013
4587.05339765549  127.0706
4587.67145365477  138.3631
4588.28950965405  110.2824
4588.90756565333  126.4341
4589.52562165261  133.5012
4590.14367765189  114.3926
4590.76173365117  122.6133
4591.37978965045  107.0732
4591.99784564972  115.8909
4592.615901649  120.4387
4593.23395764828  118.5835
4593.85201364756  135.1457
4594.47006964684  110.0685
4595.08812564612  129.6919
4595.7061816454  129.946
4596.32423764468  119.5051
4596.94229364396  130.8095
4597.56034964324  115.7087
4598.17840564252  115.9815
4598.79646164179  106.4972
4599.41451764107  117.8243
4600.03257364035  118.2541
4600.65062963963  107.0403
4601.26868563891  101.0863
4601.88674163819  111.8387
4602.50479763747  114.859
4603.12285363675  94.37408
4603.74090963603  109.8331
4604.3589656353  105.4585
4604.97702163458  86.06184
4605.59507763386  102.0923
4606.21313363314  118.6919
4606.83118963242  111.1864
4607.4492456317  110.9817
4608.06730163098  140.8743
4608.68535763026  96.81599
4609.30341362954  111.0035
4609.92146962882  112.4564
4610.5395256281  109.4952
4611.15758162737  132.7435
4611.77563762665  97.59129
4612.39369362593  114.9259
4613.01174962521  115.3062
4613.62980562449  114.0501
4614.24786162377  123.8221
4614.86591762305  124.0375
4615.48397362233  135.1401
4616.10202962161  120.263
4616.72008562089  85.85787
4617.33814162016  116.7877
4617.95619761944  123.7286
4618.57425361872  135.6803
4619.192309618  102.897
4619.81036561728  99.53201
4620.42842161656  141.9848
4621.04647761584  120.6506
4621.66453361512  103.1159
4622.2825896144  120.2957
4622.90064561368  118.5694
4623.51870161296  110.471
4624.13675761223  134.7298
4624.75481361151  107.0042
4625.37286961079  114.507
4625.99092561007  127.4595
4626.60898160935  80.59869
4627.22703760863  134.3483
4627.84509360791  139.4652
4628.46314960719  116.6303
4629.08120560647  125.8407
4629.69926160574  150.9873
4630.31731760502  122.8755
4630.9353736043  113.4863
4631.55342960358  118.5155
4632.17148560286  116.5444
4632.78954160214  111.5383
4633.40759760142  102.4072
4634.0256536007  119.1356
4634.64370959998  126.5563
4635.26176559926  131.3129
4635.87982159854  139.4569
4636.49787759781  131.8516
4637.11593359709  152.4588
4637.73398959637  129.2658
4638.35204559565  124.9204
4638.97010159493  133.61
4639.58815759421  99.94627
4640.20621359349  105.6095
4640.82426959277  112.0024
4641.44232559205  113.48
4642.06038159132  140.6201
4642.67843759061  127.6928
4643.29649358988  98.46048
4643.91454958916  136.7395
4644.53260558844  108.3439
4645.15066158772  100.4411
4645.768717587  140.6394
4646.38677358628  108.8804
4647.00482958556  123.3735
4647.62288558484  121.8174
4648.24094158412  145.0987
4648.85899758339  127.5863
4649.47705358267  119.4254
4650.09510958195  121.6342
4650.71316558123  109.6793
4651.33122158051  131.1337
4651.94927757979  103.3868
4652.56733357907  113.9308
4653.18538957835  132.0236
4653.80344557763  119.6262
4654.42150157691  137.7456
4655.03955757619  137.7194
4655.65761357546  153.0248
4656.27566957474  104.339
4656.89372557402  127.7523
4657.5117815733  148.3478
4658.12983757258  129.6217
4658.74789357186  143.6752
4659.36594957114  112.2997
4659.98400557042  113.8147
4660.6020615697  138.0274
4661.22011756897  137.088
4661.83817356825  115.5159
4662.45622956753  138.6407
4663.07428556681  120.2116
4663.69234156609  138.1407
4664.31039756537  128.6238
4664.92845356465  125.9673
4665.54650956393  114.3341
4666.16456556321  125.4498
4666.78262156249  144.0734
4667.40067756177  127.8234
4668.01873356104  119.2414
4668.63678956032  136.4493
4669.2548455596  136.039
4669.87290155888  137.1252
4670.49095755816  128.9328
4671.10901355744  103.5197
4671.72706955672  134.4256
4672.345125556  125.4367
4672.96318155528  120.3167
4673.58123755456  156.1968
4674.19929355384  109.2665
4674.81734955311  123.2574
4675.43540555239  136.3784
4676.05346155167  150.3048
4676.67151755095  125.58
4677.28957355023  89.93108
4677.90762954951  151.026
4678.52568554879  156.2429
4679.14374154807  118.6875
4679.76179754734  119.2196
4680.37985354662  112.0473
4680.9979095459  131.7675
4681.61596554518  124.357
4682.23402154446  128.348
4682.85207754374  129.4322
4683.47013354302  119.9412
4684.0881895423  117.1975
4684.70624554158  129.8258
4685.32430154086  139.1501
4685.94235754014  159.9397
4686.56041353941  135.4955
4687.17846953869  151.6507
4687.79652553797  135.8094
4688.41458153725  115.8539
4689.03263753653  122.3637
4689.65069353581  117.784
4690.26874953509  127.6372
4690.88680553437  118.8093
4691.50486153365  110.889
4692.12291753293  128.5405
4692.74097353221  122.2868
4693.35902953148  142.5569
4693.97708553076  142.2142
4694.59514153004  114.8191
4695.21319752932  123.4699
4695.8312535286  124.2865
4696.44930952788  138.5273
4697.06736552716  143.5847
4697.68542152644  124.2566
4698.30347752572  129.0965
4698.921533525  127.6824
4699.53958952427  113.0879
4700.15764552355  120.1464
4700.77570152283  128.4256
4701.39375752211  137.3213
4702.01181352139  127.0011
4702.62986952067  162.4794
4703.24792551995  154.9892
4703.86598151923  112.813
4704.48403751851  132.7698
4705.10209351779  117.671
4705.72014951707  119.1098
4706.33820551634  139.2572
4706.95626151562  152.4236
4707.5743175149  120.3236
4708.19237351418  121.723
4708.81042951346  130.5206
4709.42848551274  117.529
4710.04654151202  137.9424
4710.6645975113  129.7017
4711.28265351058  120.6177
4711.90070950986  141.6607
4712.51876550913  135.6551
4713.13682150841  132.7977
4713.75487750769  134.8513
4714.37293350697  139.2357
4714.99098950625  135.5851
4715.60904550553  127.201
4716.22710150481  132.4498
4716.84515750409  126.523
4717.46321350337  123.1379
4718.08126950265  129.107
4718.69932550192  129.6094
4719.3173815012  113.1205
4719.93543750048  113.1682
4720.55349349976  102.8496
4721.17154949904  123.2949
4721.78960549832  92.30746
4722.4076614976  156.5661
4723.02571749688  119.3555
4723.64377349616  126.9936
4724.26182949544  142.0468
4724.87988549471  92.37813
4725.49794149399  116.1183
4726.11599749327  98.00613
4726.73405349255  123.3812
4727.35210949183  121.8687
4727.97016549111  121.3839
4728.58822149039  117.1916
4729.20627748967  105.9328
4729.82433348895  150.804
4730.44238948823  137.1648
4731.06044548751  110.698
4731.67850148678  100.8642
4732.29655748606  110.7974
4732.91461348534  106.9926
4733.53266948462  119.1575
4734.1507254839  115.8465
4734.76878148318  113.5279
4735.38683748246  117.2813
4736.00489348174  104.2408
4736.62294948102  123.8053
4737.24100548029  114.02
4737.85906147957  108.9272
4738.47711747885  100.7709
4739.09517347813  107.4647
4739.71322947741  89.78636
4740.33128547669  134.3873
4740.94934147597  98.89394
4741.56739747525  110.3732
4742.18545347453  99.87603
4742.80350947381  112.4535
4743.42156547309  128.598
4744.03962147236  127.1689
4744.65767747164  103.7438
4745.27573347092  117.4629
4745.8937894702  109.634
4746.51184546948  95.6189
4747.12990146876  141.8254
4747.74795746804  122.456
4748.36601346732  116.9201
4748.9840694666  98.83471
4749.60212546588  101.218
4750.22018146515  106.3893
4750.83823746443  103.6319
4751.45629346371  98.35554
4752.07434946299  123.7364
4752.69240546227  129.8778
4753.31046146155  104.5281
4753.92851746083  120.4173
4754.54657346011  109.1175
4755.16462945939  104.5368
4755.78268545867  83.77377
4756.40074145795  112.6608
4757.01879745722  125.1192
4757.6368534565  115.1899
4758.25490945578  122.0161
4758.87296545506  102.3246
4759.49102145434  123.2931
4760.10907745362  115.7043
4760.7271334529  103.9862
4761.34518945218  105.8732
4761.96324545146  104.7629
4762.58130145074  107.5211
4763.19935745001  117.0731
4763.81741344929  123.5104
4764.43546944857  123.702
4765.05352544785  105.1588
4765.67158144713  102.839
4766.28963744641  114.2346
4766.90769344569  134.0426
4767.52574944497  114.9677
4768.14380544425  107.6832
4768.76186144353  114.4364
4769.3799174428  107.7449
4769.99797344208  111.799
4770.61602944136  99.48479
4771.23408544064  102.3973
4771.85214143992  121.9112
4772.4701974392  119.3141
4773.08825343848  104.4848
4773.70630943776  106.4905
4774.32436543704  106.3299
4774.94242143632  101.7364
4775.56047743559  101.4842
4776.17853343487  107.1393
4776.79658943415  107.169
4777.41464543343  112.2982
4778.03270143271  117.4943
4778.65075743199  99.83484
4779.26881343127  122.8086
4779.88686943055  113.2994
4780.50492542983  103.4956
4781.12298142911  132.8549
4781.74103742838  133.959
4782.35909342766  98.39005
4782.97714942694  110.9631
4783.59520542622  126.942
4784.2132614255  108.7629
4784.83131742478  97.56689
4785.44937342406  122.154
4786.06742942334  115.9917
4786.68548542262  134.9967
4787.3035414219  142.0018
4787.92159742117  127.8341
4788.53965342045  103.1893
4789.15770941973  108.0279
4789.77576541901  117.0506
4790.39382141829  109.3682
4791.01187741757  115.3326
4791.62993341685  98.29066
4792.24798941613  102.0414
4792.86604541541  116.8262
4793.48410141469  112.2052
4794.10215741397  120.7543
4794.72021341324  117.8816
4795.33826941252  106.4148
4795.9563254118  105.6258
4796.57438141108  105.519
4797.19243741036  90.44066
4797.81049340964  104.1716
4798.42854940892  151.5486
4799.0466054082  127.8431
4799.66466140748  67.13386
4800.28271740675  103.0124
4800.90077340604  131.7625
4801.51882940531  101.2689
4802.13688540459  111.7389
4802.75494140387  104.0752
4803.37299740315  120.5866
4803.99105340243  108.4047
4804.60910940171  116.1621
4805.22716540099  117.8086
4805.84522140027  124.323
4806.46327739955  112.2175
4807.08133339882  117.3404
4807.6993893981  111.2403
4808.31744539738  101.9918
4808.93550139666  110.0216
4809.55355739594  136.9004
4810.17161339522  133.3446
4810.7896693945  121.6951
4811.40772539378  124.485
4812.02578139306  127.0169
4812.64383739233  137.521
4813.26189339162  134.5221
4813.87994939089  113.376
4814.49800539017  112.3631
4815.11606138945  121.68
4815.73411738873  113.0502
4816.35217338801  136.8185
4816.97022938729  108.3422
4817.58828538657  108.4242
4818.20634138585  144.8548
4818.82439738513  115.9317
4819.4424533844  118.1312
4820.06050938368  148.0609
4820.67856538296  98.69865
4821.29662138224  139.8727
4821.91467738152  116.7041
4822.5327333808  135.1099
4823.15078938008  117.2776
4823.76884537936  110.5118
4824.38690137864  109.5089
4825.00495737791  137.3266
4825.6230133772  141.8817
4826.24106937647  128.7966
4826.85912537575  135.2695
4827.47718137503  125.9862
4828.09523737431  140.2088
4828.71329337359  142.2408
4829.33134937287  139.104
4829.94940537215  132.9248
4830.56746137143  157.1504
4831.18551737071  169.2128
4831.80357336999  157.4764
4832.42162936926  159.7749
4833.03968536854  162.927
4833.65774136782  133.9198
4834.2757973671  178.1032
4834.89385336638  181.0294
4835.51190936566  180.3649
4836.12996536494  172.2142
4836.74802136422  144.3858
4837.3660773635  179.351
4837.98413336278  232.1116
4838.60218936205  180.919
4839.22024536133  187.5636
4839.83830136061  220.0747
4840.45635735989  200.9427
4841.07441335917  182.3477
4841.69246935845  148.8793
4842.31052535773  220.1035
4842.92858135701  218.4734
4843.54663735629  218.6486
4844.16469335557  242.4108
4844.78274935484  219.6915
4845.40080535412  242.6707
4846.0188613534  222.813
4846.63691735268  238.1209
4847.25497335196  235.8786
4847.87302935124  288.0963
4848.49108535052  277.0482
4849.1091413498  289.15
4849.72719734908  303.1296
4850.34525334836  297.3993
4850.96330934764  309.1403
4851.58136534691  317.4901
4852.19942134619  336.0457
4852.81747734547  321.8542
4853.43553334475  351.8045
4854.05358934403  354.2783
4854.67164534331  354.035
4855.28970134259  319.9795
4855.90775734187  298.7983
4856.52581334115  316.1586
4857.14386934042  319.5696
4857.7619253397  298.8718
4858.37998133898  259.5575
4858.99803733826  264.7801
4859.61609333754  232.0094
4860.23414933682  277.1888
4860.8522053361  271.676
4861.47026133538  222.4526
4862.08831733466  207.8166
4862.70637333394  220.9047
4863.32442933322  238.1949
4863.94248533249  246.0697
4864.56054133177  289.7062
4865.17859733105  278.3996
4865.79665333033  249.389
4866.41470932961  261.8925
4867.03276532889  271.8904
4867.65082132817  255.5528
4868.26887732745  271.9862
4868.88693332673  287.9738
4869.50498932601  278.0787
4870.12304532528  344.595
4870.74110132456  274.3171
4871.35915732384  302.2192
4871.97721332312  301.8875
4872.5952693224  287.9924
4873.21332532168  274.2326
4873.83138132096  285.526
4874.44943732024  281.9999
4875.06749331952  251.1632
4875.6855493188  269.5272
4876.30360531808  239.2773
4876.92166131735  215.224
4877.53971731663  204.9934
4878.15777331591  242.1671
4878.77582931519  226.2971
4879.39388531447  212.5051
4880.01194131375  205.473
4880.62999731303  186.2853
4881.24805331231  218.5453
4881.86610931159  219.0396
4882.48416531087  193.8625
4883.10222131014  186.2442
4883.72027730942  211.4225
4884.3383333087  195.3058
4884.95638930798  157.9398
4885.57444530726  165.4673
4886.19250130654  175.0006
4886.81055730582  163.6397
4887.4286133051  158.3851
4888.04666930438  165.3455
4888.66472530365  203.5086
4889.28278130293  153.3655
4889.90083730221  175.2001
4890.51889330149  184.0465
4891.13694930077  144.4853
4891.75500530005  156.011
4892.37306129933  166.8779
4892.99111729861  108.8079
4893.60917329789  143.7359
4894.22722929717  151.4842
4894.84528529645  168.9774
4895.46334129573  149.106
4896.081397295  144.0314
4896.69945329428  130.7798
4897.31750929356  179.0738
4897.93556529284  127.7758
4898.55362129212  152.207
4899.1716772914  159.2633
4899.78973329068  138.2835
4900.40778928996  143.0243
4901.02584528924  162.7625
4901.64390128852  161.4763
4902.26195728779  136.769
4902.88001328707  140.2641
4903.49806928635  147.4068
4904.11612528563  152.8823
4904.73418128491  150.4173
4905.35223728419  121.9284
4905.97029328347  146.5273
4906.58834928275  143.5999
4907.20640528203  129.8309
4907.82446128131  146.1373
4908.44251728058  152.6673
4909.06057327986  131.0417
4909.67862927914  156.7286
4910.29668527842  143.3385
4910.9147412777  132.3367
4911.53279727698  154.4012
4912.15085327626  105.4089
4912.76890927554  125.642
4913.38696527482  99.81655
4914.0050212741  128.5142
4914.62307727337  120.2677
4915.24113327265  122.6771
4915.85918927193  149.9342
4916.47724527121  125.0032
4917.09530127049  140.265
4917.71335726977  127.7248
4918.33141326905  137.7104
4918.94946926833  137.8812
4919.56752526761  124.7896
4920.18558126689  128.7817
4920.80363726616  114.9532
4921.42169326544  123.5701
4922.03974926472  131.5856
4922.657805264  114.6684
4923.27586126328  117.2662
4923.89391726256  116.9335
4924.51197326184  130.7231
4925.13002926112  131.6404
4925.7480852604  131.3938
4926.36614125968  112.2627
4926.98419725896  116.8412
4927.60225325823  119.2017
4928.22030925751  108.642
4928.83836525679  109.7393
4929.45642125607  102.8589
4930.07447725535  119.7852
4930.69253325463  99.88686
4931.31058925391  126.0786
4931.92864525319  132.0151
4932.54670125247  91.97269
4933.16475725174  115.4426
4933.78281325102  123.8741
4934.4008692503  137.141
4935.01892524958  110.0105
4935.63698124886  125.4289
4936.25503724814  143.1742
4936.87309324742  131.9805
4937.4911492467  154.9057
4938.10920524598  124.3284
4938.72726124526  121.2472
4939.34531724454  131.1727
4939.96337324382  152.2429
4940.58142924309  138.3902
4941.19948524237  135.8691
4941.81754124165  135.0385
4942.43559724093  140.2417
4943.05365324021  111.1627
4943.67170923949  106.4149
4944.28976523877  103.0641
4944.90782123805  121.7378
4945.52587723733  111.877
4946.1439332366  124.7188
4946.76198923588  127.6667
4947.38004523516  108.8908
4947.99810123444  120.7265
4948.61615723372  104.6248
4949.234213233  114.0171
4949.85226923228  150.5671
4950.47032523156  117.2222
4951.08838123084  106.3231
4951.70643723012  111.0658
4952.3244932294  105.5627
4952.94254922867  141.9671
4953.56060522795  122.1608
4954.17866122723  109.2911
4954.79671722651  101.3874
4955.41477322579  145.2254
4956.03282922507  111.9821
4956.65088522435  124.9723
4957.26894122363  132.1158
4957.88699722291  106.4838
4958.50505322218  101.9906
4959.12310922146  122.2898
4959.74116522074  96.60104
4960.35922122002  95.8433
4960.9772772193  86.39423
4961.59533321858  85.94422
4962.21338921786  113.074
4962.83144521714  140.5347
4963.44950121642  79.45634
4964.0675572157  117.6144
4964.68561321498  94.09671
4965.30366921425  114.2633
4965.92172521353  108.3511
4966.53978121281  122.4346
4967.15783721209  101.2006
4967.77589321137  107.0271
4968.39394921065  108.5601
4969.01200520993  130.2727
4969.63006120921  104.5706
4970.24811720849  129.0825
4970.86617320776  125.7828
4971.48422920705  101.2901
4972.10228520632  131.8567
4972.7203412056  86.90614
4973.33839720488  144.885
4973.95645320416  127.8006
4974.57450920344  137.9295
4975.19256520272  114.1952
4975.810621202  114.5976
4976.42867720128  117.1761
4977.04673320056  122.9359
4977.66478919983  134.5973
4978.28284519911  95.27732
4978.90090119839  102.7923
4979.51895719767  105.1842
4980.13701319695  108.5682
4980.75506919623  104.4824
4981.37312519551  134.2802
4981.99118119479  92.5703
4982.60923719407  105.5766
4983.22729319335  98.80607
4983.84534919263  106.4082
4984.4634051919  124.3471
4985.08146119118  131.9261
4985.69951719046  79.47617
4986.31757318974  105.0767
4986.93562918902  128.0714
4987.5536851883  121.871
4988.17174118758  123.41
4988.78979718686  93.11683
4989.40785318614  122.9338
4990.02590918541  120.3211
4990.64396518469  136.0244
4991.26202118397  121.227
4991.88007718325  112.6799
4992.49813318253  122.2302
4993.11618918181  122.3142
4993.73424518109  119.4721
4994.35230118037  135.4337
4994.97035717965  158.5979
4995.58841317893  128.6006
4996.2064691782  129.6387
4996.82452517748  103.5919
4997.44258117676  138.9747
4998.06063717604  133.1999
4998.67869317532  129.0536
4999.2967491746  124.1366
4999.91480517388  139.0808
5000.53286117316  145.5733
5001.15091717244  165.9131
5001.76897317172  115.8293
5002.387029171  107.5714
5003.00508517027  147.477
5003.62314116955  140.2941
5004.24119716883  137.8376
5004.85925316811  98.81216
5005.47730916739  130.5737
5006.09536516667  150.203
5006.71342116595  148.824
5007.33147716523  130.1514
5007.94953316451  159.3456
5008.56758916379  148.1527
5009.18564516307  149.8634
5009.80370116234  133.5998
5010.42175716162  142.0636
5011.0398131609  109.4351
5011.65786916018  127.0633
5012.27592515946  135.3401
5012.89398115874  115.2922
5013.51203715802  130.2041
5014.1300931573  110.0181
5014.74814915658  128.2362
5015.36620515586  144.6433
5015.98426115513  139.5412
5016.60231715441  109.2353
5017.22037315369  133.6707
5017.83842915297  121.4837
5018.45648515225  117.8829
5019.07454115153  97.48476
5019.69259715081  144.908
5020.31065315009  132.1604
5020.92870914937  120.2362
5021.54676514865  133.8171
5022.16482114793  140.1403
5022.7828771472  150.0818
5023.40093314648  145.5488
5024.01898914576  149.1781
5024.63704514504  146.1173
5025.25510114432  148.0356
5025.8731571436  143.8294
5026.49121314288  147.5851
5027.10926914216  150.4847
5027.72732514144  156.3592
5028.34538114071  156.8913
5028.96343713999  175.8328
5029.58149313927  151.5297
5030.19954913855  134.0031
5030.81760513783  106.3201
5031.43566113711  133.7955
5032.05371713639  121.8341
5032.67177313567  168.6037
5033.28982913495  149.2847
5033.90788513423  164.3835
5034.52594113351  134.1154
5035.14399713278  120.6366
5035.76205313206  136.9787
5036.38010913134  133.8883
5036.99816513062  149.0715
5037.6162211299  129.5402
5038.23427712918  146.3612
5038.85233312846  149.4766
5039.47038912774  129.9388
5040.08844512702  140.2761
5040.7065011263  131.028
5041.32455712557  132.3746
5041.94261312485  142.6582
5042.56066912413  126.9508
5043.17872512341  123.1329
5043.79678112269  140.3413
5044.41483712197  129.1896
5045.03289312125  124.218
5045.65094912053  146.021
5046.26900511981  143.7088
5046.88706111909  120.0012
5047.50511711836  124.4406
5048.12317311764  100.4196
5048.74122911692  117.3098
5049.3592851162  132.0032
5049.97734111548  105.193
5050.59539711476  96.57335
5051.21345311404  132.7989
5051.83150911332  135.1353
5052.4495651126  123.9966
5053.06762111188  125.3054
5053.68567711116  105.0397
5054.30373311043  138.6317
5054.92178910971  108.0337
5055.53984510899  134.4084
5056.15790110827  126.2634
5056.77595710755  120.7516
5057.39401310683  119.5934
5058.01206910611  116.9557
5058.63012510539  147.9686
5059.24818110467  121.3077
5059.86623710395  108.123
5060.48429310323  119.9832
5061.1023491025  124.4618
5061.72040510178  141.5412
5062.33846110106  121.8237
5062.95651710034  131.9795
5063.57457309962  116.3811
5064.1926290989  141.1264
5064.81068509818  144.5116
5065.42874109746  102.4747
5066.04679709674  130.4967
5066.66485309601  114.4804
5067.28290909529  112.7587
5067.90096509457  104.6682
5068.51902109385  126.7493
5069.13707709313  133.656
5069.75513309241  147.377
5070.37318909169  127.3909
5070.99124509097  128.2012
5071.60930109025  123.7922
5072.22735708953  153.4556
5072.84541308881  106.6139
5073.46346908808  111.1936
5074.08152508736  105.0932
5074.69958108664  173.4481
5075.31763708592  130.9579
5075.9356930852  121.638
5076.55374908448  107.8109
5077.17180508376  135.4043
5077.78986108304  108.7613
5078.40791708232  105.8395
5079.02597308159  118.9166
5079.64402908087  118.9568
5080.26208508015  96.72511
5080.88014107943  112.8261
5081.49819707871  119.2947
5082.11625307799  102.577
5082.73430907727  110.5353
5083.35236507655  99.35749
5083.97042107583  117.7893
5084.58847707511  117.9348
5085.20653307439  122.819
5085.82458907366  132.6622
5086.44264507294  135.8022
5087.06070107222  131.2809
5087.6787570715  140.3534
5088.29681307078  112.7072
5088.91486907006  100.0246
5089.53292506934  127.7192
5090.15098106862  138.3902
5090.7690370679  127.9501
5091.38709306717  115.5529
5092.00514906645  127.0797
5092.62320506573  120.8918
5093.24126106501  142.8141
5093.85931706429  126.284
5094.47737306357  99.91677
5095.09542906285  141.4944
5095.71348506213  133.5718
5096.33154106141  130.1324
5096.94959706069  123.2574
5097.56765305997  135.3266
5098.18570905924  156.1881
5098.80376505852  125.7268
5099.4218210578  115.5745
5100.03987705708  128.3484
5100.65793305636  140.0987
5101.27598905564  128.6598
5101.89404505492  124.9144
5102.5121010542  145.2792
5103.13015705348  132.953
5103.74821305276  129.2704
5104.36626905203  132.0889
5104.98432505131  143.6239
5105.60238105059  108.2459
5106.22043704987  88.25746
5106.83849304915  141.5737
5107.45654904843  131.5929
5108.07460504771  156.9839
5108.69266104699  140.863
5109.31071704627  137.9037
5109.92877304555  116.0976
5110.54682904482  135.7336
5111.1648850441  134.2076
5111.78294104338  114.6059
5112.40099704266  137.9931
5113.01905304194  130.5413
5113.63710904122  176.3974
5114.2551650405  113.2447
5114.87322103978  143.5241
5115.49127703906  135.1776
5116.10933303834  115.3394
5116.72738903761  128.2154
5117.34544503689  102.9979
5117.96350103617  136.7511
5118.58155703545  84.91122
5119.19961303473  163.658
5119.81766903401  131.7172
5120.43572503329  137.7967
5121.05378103257  123.7502
5121.67183703185  111.6476
5122.28989303113  143.2152
5122.9079490304  119.3549
5123.52600502968  113.0238
5124.14406102896  146.6328
5124.76211702824  128.3725
5125.38017302752  137.5797
5125.9982290268  123.4603
5126.61628502608  141.4235
5127.23434102536  133.0357
5127.85239702464  147.5921
5128.47045302392  157.4219
5129.0885090232  128.7343
5129.70656502247  139.1454
5130.32462102175  112.6617
5130.94267702103  137.7973
5131.56073302031  121.476
5132.17878901959  109.9562
5132.79684501887  131.4469
5133.41490101815  143.9819
5134.03295701743  131.3307
5134.65101301671  124.3945
5135.26906901599  110.5012
5135.88712501526  119.9266
5136.50518101454  109.6981
5137.12323701382  141.4245
5137.7412930131  103.7934
5138.35934901238  149.683
