3889.72973632813  74.55943
3890.34790027142  75.81648
3890.96606421472  67.03216
3891.58422815801  52.58023
3892.2023921013  73.66279
3892.82055604459  77.51876
3893.43871998788  73.65813
3894.05688393117  86.93416
3894.67504787446  86.88139
3895.29321181775  81.67619
3895.91137576104  91.67671
3896.52953970433  72.90304
3897.14770364762  82.88841
3897.76586759091  94.6026
3898.3840315342  91.25446
3899.00219547749  89.43639
3899.62035942079  83.35712
3900.23852336408  73.75807
3900.85668730737  97.77102
3901.47485125066  110.6834
3902.09301519395  99.60305
3902.71117913724  95.98531
3903.32934308053  117.2182
3903.94750702382  90.86639
3904.56567096711  87.06285
3905.1838349104  99.21262
3905.80199885369  81.69878
3906.42016279698  110.7496
3907.03832674027  124.2165
3907.65649068357  94.37662
3908.27465462686  79.56504
3908.89281857015  84.97012
3909.51098251344  90.52816
3910.12914645673  86.74593
3910.74731040002  76.79402
3911.36547434331  93.30112
3911.9836382866  99.18053
3912.60180222989  95.71416
3913.21996617318  80.62201
3913.83813011647  96.2756
3914.45629405976  99.15991
3915.07445800305  82.55689
3915.69262194634  81.5787
3916.31078588963  82.59171
3916.92894983293  85.95932
3917.54711377622  78.19846
3918.16527771951  79.14349
3918.7834416628  113.668
3919.40160560609  92.89629
3920.01976954938  89.23159
3920.63793349267  90.63033
3921.25609743596  104.7821
3921.87426137925  76.54282
3922.49242532254  95.71584
3923.11058926583  85.29218
3923.72875320912  77.74189
3924.34691715241  83.25735
3924.9650810957  108.7197
3925.583245039  124.9416
3926.20140898229  125.9588
3926.81957292558  116.5309
3927.43773686887  102.1187
3928.05590081216  88.32565
3928.67406475545  98.03536
3929.29222869874  97.51553
3929.91039264203  96.98343
3930.52855658532  99.63426
3931.14672052861  92.6148
3931.7648844719  107.7669
3932.38304841519  108.153
3933.00121235848  104.4535
3933.61937630177  93.80421
3934.23754024507  84.8437
3934.85570418836  72.9029
3935.47386813165  93.25737
3936.09203207494  103.4659
3936.71019601823  100.9533
3937.32835996152  96.58362
3937.94652390481  95.63783
3938.5646878481  123.0778
3939.18285179139  113.2481
3939.80101573468  103.8288
3940.41917967797  102.8907
3941.03734362126  111.598
3941.65550756455  112.6489
3942.27367150784  112.1974
3942.89183545114  123.709
3943.50999939443  110.025
3944.12816333772  121.8395
3944.74632728101  114.9225
3945.3644912243  123.3865
3945.98265516759  137.3166
3946.60081911088  133.3688
3947.21898305417  115.1977
3947.83714699746  118.7819
3948.45531094075  140.9324
3949.07347488404  123.0835
3949.69163882733  109.8542
3950.30980277062  136.0808
3950.92796671391  139.5948
3951.54613065721  148.6811
3952.1642946005  135.9433
3952.78245854379  144.0449
3953.40062248708  135.4548
3954.01878643037  153.1175
3954.63695037366  169.7447
3955.25511431695  150.7921
3955.87327826024  151.9691
3956.49144220353  143.5309
3957.10960614682  144.4162
3957.72777009011  155.5845
3958.3459340334  159.9561
3958.96409797669  173.3096
3959.58226191998  176.6508
3960.20042586328  188.221
3960.81858980657  186.5242
3961.43675374986  161.1172
3962.05491769315  171.5209
3962.67308163644  175.0964
3963.29124557973  153.7819
3963.90940952302  183.1809
3964.52757346631  173.5319
3965.1457374096  155.4775
3965.76390135289  174.9622
3966.38206529618  151.9201
3967.00022923947  156.9621
3967.61839318276  145.548
3968.23655712605  155.2363
3968.85472106934  157.7871
3969.47288501264  128.95
3970.09104895593  131.4734
3970.70921289922  119.6428
3971.32737684251  138.8343
3971.9455407858  147.2175
3972.56370472909  139.8576
3973.18186867238  150.5713
3973.80003261567  130.7925
3974.41819655896  150.869
3975.03636050225  151.007
3975.65452444554  174.5099
3976.27268838883  157.4315
3976.89085233212  154.2521
3977.50901627541  169.2036
3978.12718021871  166.884
3978.745344162  151.2153
3979.36350810529  153.4617
3979.98167204858  163.9089
3980.59983599187  169.3726
3981.21799993516  146.4953
3981.83616387845  149.369
3982.45432782174  154.7221
3983.07249176503  157.8381
3983.69065570832  160.2816
3984.30881965161  154.179
3984.9269835949  150.9517
3985.54514753819  132.7752
3986.16331148148  176.3448
3986.78147542478  137.8188
3987.39963936807  138.7129
3988.01780331136  146.2886
3988.63596725465  147.778
3989.25413119794  159.3693
3989.87229514123  140.3443
3990.49045908452  141.8002
3991.10862302781  126.9227
3991.7267869711  147.7495
3992.34495091439  119.938
3992.96311485768  115.6645
3993.58127880097  125.2722
3994.19944274426  134.8863
3994.81760668755  135.0089
3995.43577063085  120.5006
3996.05393457414  120.1234
3996.67209851743  122.3329
3997.29026246072  123.
3997.90842640401  119.3857
3998.5265903473  125.9534
3999.14475429059  125.8462
3999.76291823388  130.079
4000.38108217717  116.1694
4000.99924612046  105.4435
4001.61741006375  123.4096
4002.23557400704  122.0698
4002.85373795033  127.6282
4003.47190189363  100.4043
4004.09006583691  115.7273
4004.70822978021  124.1406
4005.3263937235  116.3425
4005.94455766679  100.4913
4006.56272161008  105.4362
4007.18088555337  107.8377
4007.79904949666  120.6871
4008.41721343995  128.4899
4009.03537738324  122.826
4009.65354132653  128.5044
4010.27170526982  108.0545
4010.88986921311  111.3937
4011.5080331564  135.1974
4012.1261970997  126.8393
4012.74436104299  121.3643
4013.36252498628  108.5253
4013.98068892957  118.5841
4014.59885287286  121.0193
4015.21701681615  116.2045
4015.83518075944  86.27539
4016.45334470273  125.3044
4017.07150864602  119.7794
4017.68967258931  104.7892
4018.3078365326  120.2832
4018.92600047589  123.6344
4019.54416441918  99.76491
4020.16232836247  111.232
4020.78049230577  117.9025
4021.39865624906  110.3799
4022.01682019235  119.6877
4022.63498413564  123.975
4023.25314807893  108.4419
4023.87131202222  102.5194
4024.48947596551  129.4857
4025.1076399088  112.3738
4025.72580385209  104.9119
4026.34396779538  101.479
4026.96213173867  102.4505
4027.58029568196  126.6633
4028.19845962525  104.4576
4028.81662356854  97.17909
4029.43478751183  97.26159
4030.05295145513  134.5057
4030.67111539842  107.9799
4031.28927934171  113.5368
4031.907443285  112.8735
4032.52560722829  114.4359
4033.14377117158  123.8597
4033.76193511487  115.6718
4034.38009905816  113.7556
4034.99826300145  119.2884
4035.61642694474  111.5598
4036.23459088803  105.4998
4036.85275483132  124.024
4037.47091877461  113.3644
4038.08908271791  126.2189
4038.7072466612  106.1659
4039.32541060449  123.1453
4039.94357454778  133.0171
4040.56173849107  119.3312
4041.17990243436  123.5363
4041.79806637765  106.8458
4042.41623032094  110.4186
4043.03439426423  111.8781
4043.65255820752  143.2475
4044.27072215081  118.1044
4044.8888860941  140.5768
4045.50705003739  142.0887
4046.12521398068  123.9471
4046.74337792397  114.3834
4047.36154186727  124.8098
4047.97970581056  145.5448
4048.59786975385  134.3292
4049.21603369714  127.0781
4049.83419764043  132.7893
4050.45236158372  131.6695
4051.07052552701  123.0476
4051.6886894703  128.4629
4052.30685341359  108.265
4052.92501735688  118.9196
4053.54318130017  100.9651
4054.16134524346  124.5752
4054.77950918675  107.5837
4055.39767313004  130.7698
4056.01583707334  105.6456
4056.63400101663  118.8317
4057.25216495992  111.3106
4057.87032890321  124.3533
4058.4884928465  110.2677
4059.10665678979  119.5628
4059.72482073308  132.538
4060.34298467637  123.3814
4060.96114861966  117.2773
4061.57931256295  114.5313
4062.19747650624  123.7581
4062.81564044953  121.4784
4063.43380439282  123.7443
4064.05196833611  124.8788
4064.67013227941  139.8409
4065.2882962227  133.0411
4065.90646016599  115.3615
4066.52462410928  141.5306
4067.14278805257  129.567
4067.76095199586  127.8619
4068.37911593915  104.5008
4068.99727988244  116.9358
4069.61544382573  136.2196
4070.23360776902  128.8324
4070.85177171231  154.3149
4071.4699356556  145.4281
4072.08809959889  127.894
4072.70626354218  125.493
4073.32442748548  144.8409
4073.94259142877  147.3117
4074.56075537206  169.9559
4075.17891931535  187.9951
4075.79708325864  154.2398
4076.41524720193  124.9264
4077.03341114522  135.2574
4077.65157508851  155.1668
4078.2697390318  143.2287
4078.88790297509  158.9025
4079.50606691838  144.5761
4080.12423086167  159.6486
4080.74239480496  172.4091
4081.36055874825  151.3745
4081.97872269154  197.4685
4082.59688663484  175.1608
4083.21505057813  204.0547
4083.83321452142  160.1592
4084.45137846471  197.8178
4085.069542408  197.8322
4085.68770635129  173.3489
4086.30587029458  197.4532
4086.92403423787  228.0131
4087.54219818116  233.3661
4088.16036212445  211.9356
4088.77852606774  214.5998
4089.39669001103  235.1024
4090.01485395432  243.6232
4090.63301789761  218.3239
4091.25118184091  246.566
4091.8693457842  252.4569
4092.48750972749  218.3131
4093.10567367078  218.0036
4093.72383761407  220.7206
4094.34200155736  276.2061
4094.96016550065  238.8034
4095.57832944394  233.3727
4096.19649338723  207.5135
4096.81465733052  203.2081
4097.43282127381  217.5476
4098.0509852171  211.3951
4098.66914916039  218.6295
4099.28731310369  203.0969
4099.90547704698  161.6749
4100.52364099027  183.2211
4101.14180493356  173.8528
4101.75996887685  166.9216
4102.37813282014  185.378
4102.99629676343  166.4575
4103.61446070672  180.7621
4104.23262465001  181.0385
4104.8507885933  170.6917
4105.46895253659  205.0815
4106.08711647988  199.7796
4106.70528042317  190.9695
4107.32344436646  219.6163
4107.94160830976  197.8418
4108.55977225305  218.905
4109.17793619634  200.3295
4109.79610013963  219.9133
4110.41426408292  249.4981
4111.03242802621  220.2432
4111.6505919695  227.927
4112.26875591279  227.3536
4112.88691985608  245.8472
4113.50508379937  243.9614
4114.12324774266  231.2038
4114.74141168595  223.728
4115.35957562924  228.5583
4115.97773957253  214.525
4116.59590351583  192.0774
4117.21406745911  209.0956
4117.83223140241  196.2686
4118.4503953457  193.0689
4119.06855928899  193.3004
4119.68672323228  213.2558
4120.30488717557  199.2598
4120.92305111886  177.3441
4121.54121506215  181.5061
4122.15937900544  175.6865
4122.77754294873  181.6063
4123.39570689202  162.9918
4124.01387083531  171.4554
4124.6320347786  187.9859
4125.2501987219  156.4624
4125.86836266519  169.5361
4126.48652660848  165.6444
4127.10469055177  165.889
4127.72285449506  172.6573
4128.34101843835  160.7081
4128.95918238164  148.4184
4129.57734632493  140.6022
4130.19551026822  129.6411
4130.81367421151  161.2075
4131.4318381548  162.0206
4132.05000209809  133.6824
4132.66816604138  155.8995
4133.28632998467  129.0037
4133.90449392796  106.8905
4134.52265787126  117.9878
4135.14082181455  159.3595
4135.75898575784  156.9753
4136.37714970113  158.6075
4136.99531364442  115.1352
4137.61347758771  117.7825
4138.231641531  137.4346
4138.84980547429  110.1277
4139.46796941758  143.7229
4140.08613336087  133.8105
4140.70429730416  120.9153
4141.32246124745  119.4044
4141.94062519074  128.1019
4142.55878913404  144.5302
4143.17695307732  141.7397
4143.79511702062  128.5491
4144.41328096391  104.6371
4145.0314449072  113.5562
4145.64960885049  134.2903
4146.26777279378  141.9953
4146.88593673707  105.6648
4147.50410068036  129.8374
4148.12226462365  113.5824
4148.74042856694  141.0365
4149.35859251023  108.8959
4149.97675645352  119.18
4150.59492039681  137.31
4151.21308434011  114.0247
4151.8312482834  115.8718
4152.44941222668  125.8945
4153.06757616998  126.9855
4153.68574011327  134.9598
4154.30390405656  112.7919
4154.92206799985  110.2439
4155.54023194314  132.6656
4156.15839588643  131.4883
4156.77655982972  132.201
4157.39472377301  148.9272
4158.0128877163  135.0363
4158.63105165959  126.4231
4159.24921560288  120.9835
4159.86737954617  125.9794
4160.48554348947  126.614
4161.10370743276  125.825
4161.72187137605  112.0755
4162.34003531934  132.4904
4162.95819926263  125.7554
4163.57636320592  127.6063
4164.19452714921  132.3114
4164.8126910925  125.713
4165.43085503579  118.6074
4166.04901897908  125.4945
4166.66718292237  129.163
4167.28534686566  126.29
4167.90351080895  119.4256
4168.52167475224  110.3885
4169.13983869554  112.2004
4169.75800263883  142.8026
4170.37616658212  123.8637
4170.99433052541  131.3117
4171.6124944687  127.5098
4172.23065841199  88.10034
4172.84882235528  119.3741
4173.46698629857  110.1848
4174.08515024186  106.6222
4174.70331418515  131.3751
4175.32147812844  139.0595
4175.93964207173  133.9881
4176.55780601502  122.0891
4177.17596995831  98.14769
4177.79413390161  135.0622
4178.4122978449  105.4405
4179.03046178819  116.5044
4179.64862573148  108.182
4180.26678967477  131.7078
4180.88495361806  114.7877
4181.50311756135  118.0933
4182.12128150464  123.3434
4182.73944544793  117.6853
4183.35760939122  124.974
4183.97577333451  124.1852
4184.5939372778  114.5427
4185.21210122109  106.3297
4185.83026516438  112.843
4186.44842910768  98.70712
4187.06659305097  129.0844
4187.68475699426  122.6576
4188.30292093755  99.59075
4188.92108488084  152.5612
4189.53924882413  115.7045
4190.15741276742  116.9267
4190.77557671071  105.8854
4191.393740654  115.8989
4192.01190459729  122.0015
4192.63006854058  133.3749
4193.24823248387  113.6751
4193.86639642716  123.8948
4194.48456037045  143.3981
4195.10272431374  122.2465
4195.72088825704  115.2491
4196.33905220033  95.27254
4196.95721614362  107.8049
4197.57538008691  138.9403
4198.1935440302  131.2793
4198.81170797349  121.4044
4199.42987191678  122.6649
4200.04803586007  118.304
4200.66619980336  115.0215
4201.28436374665  107.5959
4201.90252768994  116.8663
4202.52069163323  123.2863
4203.13885557652  129.2978
4203.75701951981  130.7918
4204.37518346311  112.5779
4204.9933474064  114.9205
4205.61151134969  118.4789
4206.22967529298  91.09698
4206.84783923627  111.7468
4207.46600317956  110.2258
4208.08416712285  137.7469
4208.70233106614  130.1042
4209.32049500943  149.0333
4209.93865895272  113.5041
4210.55682289601  114.9564
4211.1749868393  139.7036
4211.79315078259  133.7552
4212.41131472589  98.61663
4213.02947866918  89.83176
4213.64764261247  121.9721
4214.26580655576  109.679
4214.88397049905  109.9857
4215.50213444234  132.2952
4216.12029838563  123.3276
4216.73846232892  114.3061
4217.35662627221  124.647
4217.9747902155  119.3369
4218.59295415879  110.0931
4219.21111810208  127.118
4219.82928204537  120.6929
4220.44744598866  118.9909
4221.06560993196  115.2599
4221.68377387525  86.96055
4222.30193781854  123.0899
4222.92010176183  96.78831
4223.53826570512  112.7112
4224.15642964841  111.1805
4224.7745935917  126.7232
4225.39275753499  141.952
4226.01092147828  130.0073
4226.62908542157  122.6665
4227.24724936486  106.1137
4227.86541330815  112.5559
4228.48357725144  135.9979
4229.10174119473  130.6842
4229.71990513802  120.3074
4230.33806908131  122.9889
4230.95623302461  126.5677
4231.5743969679  124.7261
4232.19256091119  121.1007
4232.81072485448  129.6372
4233.42888879777  137.0181
4234.04705274106  146.7081
4234.66521668435  116.5932
4235.28338062764  103.4974
4235.90154457093  124.6916
4236.51970851422  118.8085
4237.13787245751  112.7116
4237.7560364008  135.6084
4238.3742003441  98.5679
4238.99236428739  133.2527
4239.61052823068  110.5602
4240.22869217397  96.02199
4240.84685611726  112.8568
4241.46502006055  122.1277
4242.08318400384  126.9307
4242.70134794713  131.9979
4243.31951189042  98.72658
4243.93767583371  125.0795
4244.555839777  136.5574
4245.17400372029  114.5809
4245.79216766358  133.8107
4246.41033160687  143.4285
4247.02849555017  124.3092
4247.64665949346  128.9827
4248.26482343675  126.1225
4248.88298738004  123.8758
4249.50115132333  102.4746
4250.11931526662  98.24497
4250.73747920991  129.4032
4251.3556431532  134.33
4251.97380709649  127.8091
4252.59197103978  122.0274
4253.21013498307  116.0798
4253.82829892636  121.4242
4254.44646286965  138.0776
4255.06462681294  124.7722
4255.68279075624  109.1329
4256.30095469952  126.9658
4256.91911864282  106.3046
4257.53728258611  121.5066
4258.1554465294  148.5267
4258.77361047269  120.8258
4259.39177441598  108.8767
4260.00993835927  116.6081
4260.62810230256  121.6111
4261.24626624585  118.4316
4261.86443018914  111.5971
4262.48259413243  122.3875
4263.10075807572  147.7743
4263.71892201901  119.0068
4264.33708596231  124.589
4264.9552499056  148.7994
4265.57341384889  134.5385
4266.19157779218  119.2483
4266.80974173547  109.6969
4267.42790567876  126.459
4268.04606962205  124.2336
4268.66423356534  111.7822
4269.28239750863  113.3217
4269.90056145192  112.2831
4270.51872539521  116.3366
4271.1368893385  113.5628
4271.75505328179  123.2091
4272.37321722508  121.141
4272.99138116837  114.8738
4273.60954511167  126.0557
4274.22770905496  119.899
4274.84587299825  98.20773
4275.46403694154  127.4996
4276.08220088483  132.9339
4276.70036482812  99.8503
4277.31852877141  116.3916
4277.9366927147  125.2666
4278.55485665799  123.9162
4279.17302060128  132.087
4279.79118454457  103.1473
4280.40934848786  125.5678
4281.02751243115  121.456
4281.64567637444  137.6878
4282.26384031774  125.1006
4282.88200426103  105.1843
4283.50016820432  118.7882
4284.11833214761  145.6924
4284.7364960909  153.0349
4285.35466003419  112.6922
4285.97282397748  99.5397
4286.59098792077  119.6297
4287.20915186406  148.6116
4287.82731580735  114.5395
4288.44547975064  143.118
4289.06364369393  110.5722
4289.68180763722  108.3319
4290.29997158051  124.456
4290.91813552381  141.9031
4291.5362994671  132.846
4292.15446341039  116.8805
4292.77262735368  115.7723
4293.39079129697  122.0475
4294.00895524026  126.1603
4294.62711918355  108.4148
4295.24528312684  120.8561
4295.86344707013  125.8555
4296.48161101342  132.8984
4297.09977495671  111.3588
4297.7179389  128.6995
4298.33610284329  153.7351
4298.95426678658  112.2072
4299.57243072988  121.9964
4300.19059467317  122.1093
4300.80875861646  123.1227
4301.42692255975  108.83
4302.04508650304  158.3103
4302.66325044633  125.9357
4303.28141438962  131.8979
4303.89957833291  150.1528
4304.5177422762  170.368
4305.13590621949  140.7004
4305.75407016278  114.1481
4306.37223410607  179.9964
4306.99039804936  139.2511
4307.60856199265  137.5699
4308.22672593594  129.3661
4308.84488987924  147.8128
4309.46305382253  170.6793
4310.08121776582  149.5991
4310.69938170911  140.4358
4311.3175456524  137.0053
4311.93570959569  154.2947
4312.55387353898  158.5391
4313.17203748227  151.3611
4313.79020142556  160.5845
4314.40836536885  138.1592
4315.02652931214  170.2222
4315.64469325543  185.7849
4316.26285719872  156.8394
4316.88102114202  172.8006
4317.49918508531  181.4134
4318.1173490286  163.526
4318.73551297189  202.2575
4319.35367691518  168.5374
4319.97184085847  195.5172
4320.59000480176  187.4462
4321.20816874505  172.8479
4321.82633268834  199.0609
4322.44449663163  199.6088
4323.06266057492  180.9168
4323.68082451821  192.2453
4324.2989884615  234.538
4324.9171524048  221.6526
4325.53531634808  250.2046
4326.15348029138  248.3501
4326.77164423467  213.9006
4327.38980817796  236.889
4328.00797212125  263.7611
4328.62613606454  229.0064
4329.24430000783  211.2745
4329.86246395112  252.866
4330.48062789441  265.6526
4331.0987918377  227.8074
4331.71695578099  228.2247
4332.33511972428  274.9108
4332.95328366757  261.9559
4333.57144761086  245.5415
4334.18961155416  256.2917
4334.80777549745  249.4742
4335.42593944074  213.1718
4336.04410338403  237.3572
4336.66226732732  247.1811
4337.28043127061  234.6331
4337.8985952139  237.9017
4338.51675915719  228.4669
4339.13492310048  206.3659
4339.75308704377  184.7991
4340.37125098706  216.9399
4340.98941493035  183.9825
4341.60757887364  177.7039
4342.22574281693  197.8799
4342.84390676022  193.6815
4343.46207070352  214.409
4344.08023464681  247.9474
4344.6983985901  232.4577
4345.31656253339  210.6127
4345.93472647668  219.0969
4346.55289041997  244.5192
4347.17105436326  220.6801
4347.78921830655  236.2493
4348.40738224984  262.7522
4349.02554619313  257.8788
4349.64371013642  237.6
4350.26187407971  250.6945
4350.880038023  256.1664
4351.4982019663  236.3903
4352.11636590959  236.908
4352.73452985288  223.0047
4353.35269379617  232.633
4353.97085773946  253.9008
4354.58902168275  236.4785
4355.20718562604  230.6432
4355.82534956933  223.6104
4356.44351351262  224.6179
4357.06167745591  193.6653
4357.6798413992  224.1551
4358.29800534249  195.1643
4358.91616928578  188.2329
4359.53433322907  206.024
4360.15249717237  210.5783
4360.77066111566  186.5482
4361.38882505895  215.6422
4362.00698900224  199.7164
4362.62515294553  195.203
4363.24331688882  220.5132
4363.86148083211  198.5009
4364.4796447754  197.1297
4365.09780871869  179.0385
4365.71597266198  185.9911
4366.33413660527  183.765
4366.95230054856  165.3524
4367.57046449185  170.0443
4368.18862843514  174.6444
4368.80679237843  154.4578
4369.42495632172  144.6591
4370.04312026502  153.2983
4370.66128420831  155.3038
4371.2794481516  140.9122
4371.89761209489  149.0518
4372.51577603818  139.6134
4373.13393998147  111.6194
4373.75210392476  155.4901
4374.37026786805  164.8415
4374.98843181134  151.7574
4375.60659575463  150.89
4376.22475969792  139.9282
4376.84292364121  130.7915
4377.46108758451  114.8341
4378.0792515278  136.0613
4378.69741547109  135.9513
4379.31557941438  136.1811
4379.93374335767  138.5822
4380.55190730096  149.925
4381.17007124425  156.2139
4381.78823518754  156.1519
4382.40639913083  127.8831
4383.02456307412  114.2392
4383.64272701741  117.8253
4384.2608909607  131.3138
4384.87905490399  155.5308
4385.49721884728  111.1784
4386.11538279057  139.7628
4386.73354673387  128.1259
4387.35171067716  127.9719
4387.96987462045  123.3107
4388.58803856374  132.0376
4389.20620250703  132.4614
4389.82436645032  118.2105
4390.44253039361  118.0973
4391.0606943369  120.6934
4391.67885828019  124.446
4392.29702222348  135.7063
4392.91518616677  123.1275
4393.53335011006  107.3355
4394.15151405335  113.1323
4394.76967799665  116.0949
4395.38784193994  139.9224
4396.00600588323  135.1135
4396.62416982652  147.1622
4397.24233376981  147.8461
4397.8604977131  125.8867
4398.47866165639  140.3205
4399.09682559968  126.6692
4399.71498954297  125.8935
4400.33315348626  161.1022
4400.95131742955  134.2009
4401.56948137284  106.9043
4402.18764531613  112.1225
4402.80580925942  114.2552
4403.42397320271  136.4224
4404.04213714601  135.9137
4404.6603010893  145.709
4405.27846503259  132.281
4405.89662897588  112.1581
4406.51479291917  128.6648
4407.13295686246  120.2988
4407.75112080575  114.2677
4408.36928474904  103.7429
4408.98744869233  127.4585
4409.60561263562  142.2035
4410.22377657891  152.8656
4410.8419405222  126.8285
4411.46010446549  137.8329
4412.07826840878  121.8789
4412.69643235208  115.5262
4413.31459629537  127.7502
4413.93276023866  108.9906
4414.55092418195  128.7094
4415.16908812524  133.6402
4415.78725206853  105.6574
4416.40541601182  98.06594
4417.02357995511  117.3596
4417.6417438984  118.1781
4418.25990784169  125.725
4418.87807178498  132.4415
4419.49623572827  127.3988
4420.11439967156  114.8576
4420.73256361485  125.8658
4421.35072755815  127.1551
4421.96889150144  117.2583
4422.58705544473  129.2562
4423.20521938802  125.1892
4423.82338333131  122.3829
4424.4415472746  128.1807
4425.05971121789  136.7693
4425.67787516118  104.5162
4426.29603910447  113.4839
4426.91420304776  110.1777
4427.53236699105  110.4868
4428.15053093434  157.7769
4428.76869487763  117.1944
4429.38685882092  119.0014
4430.00502276422  145.8379
4430.62318670751  123.0506
4431.2413506508  123.5263
4431.85951459409  116.6756
4432.47767853738  111.3748
4433.09584248067  118.0339
4433.71400642396  122.7257
4434.33217036725  144.2161
4434.95033431054  129.909
4435.56849825383  133.6467
4436.18666219712  150.2993
4436.80482614041  121.4265
4437.4229900837  123.5741
4438.041154027  114.0033
4438.65931797028  109.823
4439.27748191358  128.3718
4439.89564585687  132.3695
4440.51380980016  128.3746
4441.13197374345  119.8537
4441.75013768674  119.234
4442.36830163003  128.6376
4442.98646557332  149.7181
4443.60462951661  136.0631
4444.2227934599  134.369
4444.84095740319  150.1219
4445.45912134648  137.2607
4446.07728528977  131.4926
4446.69544923306  128.3951
4447.31361317636  128.5942
4447.93177711965  135.6393
4448.54994106294  160.3505
4449.16810500623  127.8115
4449.78626894952  124.8808
4450.40443289281  163.3829
4451.0225968361  153.5639
4451.64076077939  137.8827
4452.25892472268  148.7376
4452.87708866597  160.7929
4453.49525260926  153.0741
4454.11341655255  166.4914
4454.73158049584  139.5088
4455.34974443913  177.6481
4455.96790838242  157.5192
4456.58607232572  111.0138
4457.20423626901  163.5082
4457.8224002123  152.4294
4458.44056415559  147.662
4459.05872809888  140.7671
4459.67689204217  185.5166
4460.29505598546  178.521
4460.91321992875  149.8248
4461.53138387204  158.6588
4462.14954781533  182.867
4462.76771175862  152.9272
4463.38587570191  140.7162
4464.0040396452  149.0041
4464.62220358849  138.1873
4465.24036753179  147.0765
4465.85853147508  151.9926
4466.47669541837  139.7027
4467.09485936166  140.9714
4467.71302330495  156.1953
4468.33118724824  130.4508
4468.94935119153  132.8194
4469.56751513482  160.0541
4470.18567907811  137.8639
4470.8038430214  140.3006
4471.42200696469  129.7703
4472.04017090798  127.5179
4472.65833485127  134.7645
4473.27649879457  123.2944
4473.89466273785  150.0194
4474.51282668115  147.832
4475.13099062444  128.9642
4475.74915456773  120.2882
4476.36731851102  136.043
4476.98548245431  145.6485
4477.6036463976  137.189
4478.22181034089  138.0167
4478.83997428418  144.8275
4479.45813822747  145.3843
4480.07630217076  151.6044
4480.69446611405  148.9012
4481.31263005734  136.9732
4481.93079400063  119.0024
4482.54895794392  171.8944
4483.16712188722  165.2211
4483.78528583051  152.2775
4484.4034497738  140.4766
4485.02161371709  121.7539
4485.63977766038  145.2933
4486.25794160367  167.0844
4486.87610554696  164.074
4487.49426949025  137.7662
4488.11243343354  166.8736
4488.73059737683  144.7529
4489.34876132012  127.8742
4489.96692526341  163.5406
4490.58508920671  150.4193
4491.20325315  174.4425
4491.82141709329  162.0733
4492.43958103658  143.7024
4493.05774497987  166.9016
4493.67590892316  153.8575
4494.29407286645  147.9075
4494.91223680974  157.2754
4495.53040075303  160.3373
4496.14856469632  146.2454
4496.76672863961  163.5876
4497.3848925829  167.194
4498.00305652619  139.8921
4498.62122046948  141.6533
4499.23938441278  152.1156
4499.85754835607  154.9014
4500.47571229936  155.8434
4501.09387624265  153.5988
4501.71204018594  143.1189
4502.33020412923  137.8171
4502.94836807252  132.1502
4503.56653201581  136.1369
4504.1846959591  152.0376
4504.80285990239  173.1813
4505.42102384568  125.7709
4506.03918778897  142.4957
4506.65735173226  154.7846
4507.27551567555  125.9365
4507.89367961884  140.2289
4508.51184356214  144.8867
4509.13000750543  140.4347
4509.74817144872  119.1474
4510.36633539201  141.2603
4510.9844993353  141.3016
4511.60266327859  121.6271
4512.22082722188  132.2441
4512.83899116517  176.632
4513.45715510846  134.7271
4514.07531905175  133.8628
4514.69348299504  134.4756
4515.31164693833  138.6385
4515.92981088162  118.3322
4516.54797482491  134.6544
4517.16613876821  131.904
4517.7843027115  125.8438
4518.40246665479  121.905
4519.02063059808  125.8226
4519.63879454137  155.929
4520.25695848466  124.0476
4520.87512242795  122.3343
4521.49328637124  110.2606
4522.11145031453  129.9828
4522.72961425782  126.1967
4523.34777820111  146.1511
4523.9659421444  115.9174
4524.58410608769  137.2906
4525.20227003098  135.4003
4525.82043397428  154.4555
4526.43859791757  127.8009
4527.05676186086  137.8875
4527.67492580415  141.3081
4528.29308974744  157.5709
4528.91125369073  161.3934
4529.52941763402  126.3396
4530.14758157731  151.308
4530.7657455206  132.3369
4531.38390946389  150.7
4532.00207340718  145.1447
4532.62023735047  119.443
4533.23840129376  139.9308
4533.85656523705  143.6425
4534.47472918035  113.4328
4535.09289312364  141.3664
4535.71105706693  131.5026
4536.32922101022  114.6979
4536.94738495351  152.6151
4537.5655488968  145.8088
4538.18371284009  146.6083
4538.80187678338  137.8323
4539.42004072667  118.5874
4540.03820466996  147.9611
4540.65636861325  141.8728
4541.27453255654  135.4653
4541.89269649983  133.2484
4542.51086044313  142.2519
4543.12902438642  129.5089
4543.74718832971  125.2675
4544.365352273  140.677
4544.98351621629  136.51
4545.60168015958  134.1844
4546.21984410287  160.6717
4546.83800804616  153.4818
4547.45617198945  136.6898
4548.07433593274  147.0674
4548.69249987603  139.6852
4549.31066381932  126.7631
4549.92882776261  114.379
4550.5469917059  133.5674
4551.16515564919  139.6406
4551.78331959248  140.1033
4552.40148353578  133.7108
4553.01964747907  134.8107
4553.63781142236  147.2365
4554.25597536565  136.3717
4554.87413930894  147.9483
4555.49230325223  127.9035
4556.11046719552  137.7529
4556.72863113881  157.5947
4557.3467950821  144.9598
4557.96495902539  131.0656
4558.58312296868  109.8893
4559.20128691197  157.8598
4559.81945085526  125.4655
4560.43761479855  128.7807
4561.05577874185  114.2542
4561.67394268514  116.645
4562.29210662843  116.9676
4562.91027057172  127.4471
4563.52843451501  128.8687
4564.1465984583  165.1677
4564.76476240159  141.8984
4565.38292634488  136.7509
4566.00109028817  134.3161
4566.61925423146  128.6743
4567.23741817475  136.1821
4567.85558211804  145.6125
4568.47374606133  120.8419
4569.09191000462  171.0702
4569.71007394792  136.9001
4570.32823789121  112.0314
4570.9464018345  143.7606
4571.56456577779  109.3891
4572.18272972108  161.6816
4572.80089366437  143.4651
4573.41905760766  146.8663
4574.03722155095  141.3934
4574.65538549424  134.4384
4575.27354943753  153.6486
4575.89171338082  160.0618
4576.50987732411  151.6494
4577.12804126741  114.7083
4577.74620521069  167.4152
4578.36436915399  160.55
4578.98253309728  138.0251
4579.60069704057  138.1075
4580.21886098386  117.5471
4580.83702492715  173.3798
4581.45518887044  169.0719
4582.07335281373  148.076
4582.69151675702  138.9735
4583.30968070031  118.5706
4583.9278446436  160.7096
4584.54600858689  152.7313
4585.16417253018  162.803
4585.78233647347  145.252
4586.40050041677  138.7643
4587.01866436005  180.8522
4587.63682830335  147.7757
4588.25499224664  175.0222
4588.87315618993  152.6038
4589.49132013322  131.1606
4590.10948407651  110.7883
4590.7276480198  137.3642
4591.34581196309  115.809
4591.96397590638  145.6562
4592.58213984967  112.849
4593.20030379296  165.2765
4593.81846773625  178.8602
4594.43663167954  137.7961
4595.05479562283  141.0006
4595.67295956613  171.426
4596.29112350942  147.7572
4596.90928745271  164.5314
4597.527451396  157.0695
4598.14561533929  144.3578
4598.76377928258  147.9257
4599.38194322587  99.44742
4600.00010716916  157.4537
4600.61827111245  148.7722
4601.23643505574  180.9584
4601.85459899903  145.8322
4602.47276294232  108.8853
4603.09092688562  139.7362
4603.70909082891  136.558
4604.3272547722  125.4211
4604.94541871549  140.9756
4605.56358265878  161.9121
4606.18174660207  169.4091
4606.79991054536  153.6074
4607.41807448865  139.0551
4608.03623843194  140.9161
4608.65440237523  152.2132
4609.27256631852  141.8892
4609.89073026181  145.4821
4610.5088942051  115.7788
4611.12705814839  152.3728
4611.74522209168  144.4946
4612.36338603498  126.2837
4612.98154997827  143.1474
4613.59971392156  122.4716
4614.21787786485  139.4341
4614.83604180814  123.607
4615.45420575143  143.3951
4616.07236969472  130.5567
4616.69053363801  146.8901
4617.3086975813  149.0449
4617.92686152459  117.1554
4618.54502546788  143.2094
4619.16318941117  142.4739
4619.78135335446  158.4002
4620.39951729775  149.9102
4621.01768124105  137.9426
4621.63584518434  141.6806
4622.25400912763  147.6482
4622.87217307092  143.6023
4623.49033701421  119.663
4624.1085009575  157.4769
4624.72666490079  144.0835
4625.34482884408  119.4682
4625.96299278737  122.0915
4626.58115673066  125.327
4627.19932067395  145.804
4627.81748461724  163.3216
4628.43564856053  153.433
4629.05381250383  153.211
4629.67197644711  132.9518
4630.29014039041  159.2098
4630.9083043337  130.6234
4631.52646827699  136.3335
4632.14463222028  164.7259
4632.76279616357  153.0501
4633.38096010686  159.7054
4633.99912405015  143.8967
4634.61728799344  136.1758
4635.23545193673  155.782
4635.85361588002  145.6249
4636.47177982331  137.6331
4637.0899437666  150.8019
4637.70810770989  154.1544
4638.32627165318  155.7909
4638.94443559648  132.2698
4639.56259953977  156.0946
4640.18076348306  148.7877
4640.79892742635  148.1979
4641.41709136964  144.9263
4642.03525531293  147.1528
4642.65341925622  122.6468
4643.27158319951  140.933
4643.8897471428  160.6205
4644.50791108609  134.0575
4645.12607502938  132.6199
4645.74423897267  145.071
4646.36240291596  131.8993
4646.98056685925  148.1832
4647.59873080255  165.1254
4648.21689474584  145.4347
4648.83505868913  150.0347
4649.45322263242  161.7822
4650.07138657571  148.596
4650.689550519  154.6328
4651.30771446229  140.9936
4651.92587840558  152.6782
4652.54404234887  137.0187
4653.16220629216  146.4548
4653.78037023545  155.5538
4654.39853417874  154.7357
4655.01669812203  171.4398
4655.63486206533  149.8182
4656.25302600862  170.8301
4656.87118995191  189.8282
4657.4893538952  162.3175
4658.10751783849  150.0053
4658.72568178178  145.7589
4659.34384572507  175.5487
4659.96200966836  132.8207
4660.58017361165  146.3075
4661.19833755494  161.7318
4661.81650149823  150.8235
4662.43466544152  162.1778
4663.05282938481  157.4653
4663.6709933281  146.6024
4664.2891572714  138.2657
4664.90732121469  162.4579
4665.52548515798  170.1803
4666.14364910127  137.8175
4666.76181304456  122.8903
4667.37997698785  161.0661
4667.99814093114  140.6156
4668.61630487443  157.2733
4669.23446881772  152.7106
4669.85263276101  137.3232
4670.4707967043  170.108
4671.08896064759  162.8208
4671.70712459088  140.5307
4672.32528853417  150.9763
4672.94345247746  179.1237
4673.56161642076  130.0705
4674.17978036405  149.2672
4674.79794430734  118.6659
4675.41610825063  161.2648
4676.03427219392  156.6329
4676.65243613721  162.8203
4677.2706000805  161.5272
4677.88876402379  139.8919
4678.50692796708  137.6304
4679.12509191037  138.2952
4679.74325585366  134.4078
4680.36141979695  122.22
4680.97958374024  146.8661
4681.59774768353  135.2986
4682.21591162682  166.8499
4682.83407557012  160.8686
4683.45223951341  174.6108
4684.0704034567  158.8826
4684.68856739999  126.2868
4685.30673134328  149.857
4685.92489528657  165.6451
4686.54305922986  149.8643
4687.16122317315  133.524
4687.77938711644  162.5147
4688.39755105973  152.7167
4689.01571500302  164.8269
4689.63387894631  165.1135
4690.25204288961  157.5391
4690.8702068329  173.0356
4691.48837077619  161.9764
4692.10653471948  151.6731
4692.72469866277  162.0677
4693.34286260606  136.7428
4693.96102654935  144.0569
4694.57919049264  163.6941
4695.19735443593  161.989
4695.81551837922  147.1922
4696.43368232251  123.4425
4697.0518462658  146.5237
4697.67001020909  156.9706
4698.28817415238  154.789
4698.90633809568  147.5908
4699.52450203897  151.6537
4700.14266598226  153.9627
4700.76082992555  134.6325
4701.37899386884  126.5934
4701.99715781213  149.181
4702.61532175542  174.0006
4703.23348569871  154.1554
4703.851649642  144.2966
4704.46981358529  133.7186
4705.08797752858  145.5454
4705.70614147187  155.4733
4706.32430541516  140.3483
4706.94246935845  142.7025
4707.56063330174  154.6823
4708.17879724504  156.9834
4708.79696118833  180.8875
4709.41512513162  166.7021
4710.03328907491  129.7731
4710.6514530182  143.1768
4711.26961696149  151.3168
4711.88778090478  139.2919
4712.50594484807  156.305
4713.12410879136  167.559
4713.74227273465  146.5108
4714.36043667794  156.9886
4714.97860062123  138.1276
4715.59676456452  119.6331
4716.21492850781  144.0755
4716.83309245111  143.7907
4717.4512563944  134.2308
4718.06942033769  166.629
4718.68758428098  119.7069
4719.30574822427  142.9522
4719.92391216756  157.4262
4720.54207611085  138.215
4721.16024005414  146.0434
4721.77840399743  145.7243
4722.39656794072  157.1936
4723.01473188401  128.2414
4723.6328958273  144.5075
4724.25105977059  159.3979
4724.86922371388  137.6457
4725.48738765718  128.5849
4726.10555160047  166.1211
4726.72371554376  116.7818
4727.34187948705  155.8548
4727.96004343034  109.9031
4728.57820737363  145.8809
4729.19637131692  138.2316
4729.81453526021  154.3388
4730.4326992035  145.5527
4731.05086314679  160.4281
4731.66902709008  149.3013
4732.28719103337  155.3935
4732.90535497666  153.2893
4733.52351891995  169.0964
4734.14168286325  129.4981
4734.75984680654  135.8548
4735.37801074983  157.9633
4735.99617469312  128.9397
4736.61433863641  157.8684
4737.2325025797  151.6128
4737.85066652299  132.9871
4738.46883046628  153.9122
4739.08699440957  141.2802
4739.70515835286  131.3508
4740.32332229615  146.1023
4740.94148623944  141.2602
4741.55965018273  124.9239
4742.17781412603  145.4717
4742.79597806931  161.3584
4743.41414201261  158.5891
4744.0323059559  131.2719
4744.65046989919  120.3183
4745.26863384248  143.0587
4745.88679778577  141.4329
4746.50496172906  157.6116
4747.12312567235  129.4648
4747.74128961564  120.7097
4748.35945355893  150.1906
4748.97761750222  132.8059
4749.59578144551  139.583
4750.2139453888  124.9472
4750.83210933209  122.5496
4751.45027327539  142.2095
4752.06843721868  144.964
4752.68660116197  117.0601
4753.30476510526  152.0958
4753.92292904855  161.0097
4754.54109299184  155.4882
4755.15925693513  159.206
4755.77742087842  128.1145
4756.39558482171  121.4464
4757.013748765  99.26604
4757.63191270829  108.8738
4758.25007665158  136.5819
4758.86824059487  132.6055
4759.48640453816  126.3091
4760.10456848145  122.1469
4760.72273242475  144.4518
4761.34089636804  125.9193
4761.95906031133  127.7353
4762.57722425462  118.6581
4763.19538819791  157.3387
4763.8135521412  128.0927
4764.43171608449  127.4085
4765.04988002778  129.3852
4765.66804397107  134.1694
4766.28620791436  131.0233
4766.90437185765  151.4681
4767.52253580094  131.6143
4768.14069974424  113.6165
4768.75886368753  100.0041
4769.37702763082  103.8907
4769.99519157411  143.725
4770.6133555174  130.5067
4771.23151946069  151.9239
4771.84968340398  128.7766
4772.46784734727  126.5753
4773.08601129056  161.9381
4773.70417523385  134.9669
4774.32233917714  111.5613
4774.94050312043  109.2748
4775.55866706372  152.9678
4776.17683100701  171.6728
4776.7949949503  127.1991
4777.4131588936  120.2028
4778.03132283689  148.6627
4778.64948678018  114.8174
4779.26765072347  111.9046
4779.88581466676  160.7973
4780.50397861005  136.9817
4781.12214255334  151.0656
4781.74030649663  125.8638
4782.35847043992  135.7339
4782.97663438321  125.6122
4783.5947983265  126.7267
4784.21296226979  145.3818
4784.83112621308  109.3134
4785.44929015637  139.2679
4786.06745409966  131.5309
4786.68561804296  99.42261
4787.30378198625  123.1815
4787.92194592954  80.09758
4788.54010987283  127.3664
4789.15827381612  110.9808
4789.77643775941  151.3864
4790.3946017027  112.7603
4791.01276564599  113.3537
4791.63092958928  133.0826
4792.24909353257  136.933
4792.86725747586  108.0361
4793.48542141915  123.5176
4794.10358536244  146.8661
4794.72174930574  118.5955
4795.33991324902  127.0039
4795.95807719232  143.7883
4796.57624113561  117.1953
4797.1944050789  119.4106
4797.81256902219  150.1835
4798.43073296548  145.339
4799.04889690877  145.1944
4799.66706085206  142.1159
4800.28522479535  108.4912
4800.90338873864  128.0245
4801.52155268193  141.9356
4802.13971662522  126.4314
4802.75788056851  124.2384
4803.37604451181  130.6888
4803.9942084551  128.8579
4804.61237239839  124.7934
4805.23053634168  145.3444
4805.84870028497  149.3308
4806.46686422826  135.0735
4807.08502817155  147.8552
4807.70319211484  155.5455
4808.32135605813  127.8945
4808.93952000142  127.4665
4809.55768394471  137.8586
4810.175847888  143.1256
4810.79401183129  148.9608
4811.41217577458  134.6405
4812.03033971787  132.1084
4812.64850366117  134.3234
4813.26666760446  148.0584
4813.88483154775  145.7467
4814.50299549104  152.6183
4815.12115943433  133.3496
4815.73932337762  123.0725
4816.35748732091  128.9716
4816.9756512642  131.4064
4817.59381520749  144.1432
4818.21197915078  132.0667
4818.83014309407  146.4723
4819.44830703736  140.6418
4820.06647098065  155.4156
4820.68463492394  147.1865
4821.30279886724  154.6494
4821.92096281053  163.6566
4822.53912675382  133.7578
4823.15729069711  163.722
4823.7754546404  192.8258
4824.39361858369  164.3131
4825.01178252698  162.9313
4825.62994647027  185.9554
4826.24811041356  159.4883
4826.86627435685  153.4978
4827.48443830014  194.3507
4828.10260224343  154.6275
4828.72076618672  154.3668
4829.33893013002  165.2241
4829.95709407331  174.0529
4830.5752580166  152.147
4831.19342195989  177.7554
4831.81158590318  206.9631
4832.42974984647  208.2132
4833.04791378976  188.3943
4833.66607773305  187.0866
4834.28424167634  204.8828
4834.90240561963  188.8674
4835.52056956292  187.2359
4836.13873350621  216.4859
4836.7568974495  195.6984
4837.37506139279  191.1669
4837.99322533608  202.9722
4838.61138927938  223.8054
4839.22955322267  237.0138
4839.84771716596  215.4317
4840.46588110925  220.3946
4841.08404505254  224.2515
4841.70220899583  230.1287
4842.32037293912  219.7078
4842.93853688241  207.9272
4843.5567008257  246.1917
4844.17486476899  292.0795
4844.79302871228  228.4908
4845.41119265557  253.8284
4846.02935659886  267.9858
4846.64752054215  291.2083
4847.26568448545  308.0714
4847.88384842874  296.9976
4848.50201237203  296.7634
4849.12017631532  313.8721
4849.73834025861  301.3397
4850.3565042019  311.9168
4850.97466814519  304.575
4851.59283208848  336.3367
4852.21099603177  361.4085
4852.82915997506  335.9124
4853.44732391835  290.7225
4854.06548786164  315.2379
4854.68365180493  325.7743
4855.30181574822  310.7793
4855.91997969152  318.2016
4856.53814363481  284.0587
4857.1563075781  304.4048
4857.77447152139  313.784
4858.39263546468  295.5116
4859.01079940797  278.0609
4859.62896335126  275.8795
4860.24712729455  239.4437
4860.86529123784  253.5637
4861.48345518113  250.2869
4862.10161912442  239.0321
4862.71978306771  260.354
4863.337947011  241.8103
4863.95611095429  256.8121
4864.57427489759  250.7274
4865.19243884088  268.802
4865.81060278417  299.7807
4866.42876672746  283.0041
4867.04693067075  319.8587
4867.66509461404  327.1145
4868.28325855733  315.5873
4868.90142250062  347.7162
4869.51958644391  326.554
4870.1377503872  302.5757
4870.75591433049  315.3781
4871.37407827378  344.4823
4871.99224221707  342.8205
4872.61040616036  331.5379
4873.22857010365  305.8762
4873.84673404695  290.2809
4874.46489799024  265.8817
4875.08306193353  266.6215
4875.70122587682  281.101
4876.31938982011  249.3049
4876.9375537634  284.8852
4877.55571770669  281.4265
4878.17388164998  252.9475
4878.79204559327  228.4487
4879.41020953656  232.4579
4880.02837347985  232.084
4880.64653742314  238.3964
4881.26470136644  263.9056
4881.88286530973  260.98
4882.50102925302  268.1891
4883.11919319631  242.9748
4883.7373571396  211.2911
4884.35552108289  191.1553
4884.97368502618  203.3204
4885.59184896947  221.2278
4886.21001291276  194.2021
4886.82817685605  220.6813
4887.44634079934  223.0973
4888.06450474263  203.7238
4888.68266868592  200.6313
4889.30083262921  196.8923
4889.9189965725  191.6024
4890.5371605158  186.5421
4891.15532445909  165.404
4891.77348840238  140.3262
4892.39165234567  166.3743
4893.00981628896  185.4987
4893.62798023225  172.737
4894.24614417554  181.022
4894.86430811883  154.4641
4895.48247206212  180.703
4896.10063600541  195.5549
4896.7187999487  159.9452
4897.33696389199  199.201
4897.95512783528  193.7592
4898.57329177857  181.7868
4899.19145572186  158.2573
4899.80961966516  186.3139
4900.42778360845  160.7986
4901.04594755174  169.0116
4901.66411149503  152.0815
4902.28227543832  171.4252
4902.90043938161  151.5029
4903.5186033249  175.7379
4904.13676726819  155.5167
4904.75493121148  149.3728
4905.37309515477  138.2809
4905.99125909806  161.6473
4906.60942304135  158.7091
4907.22758698465  123.2024
4907.84575092794  174.5987
4908.46391487122  165.0518
4909.08207881452  142.5476
4909.70024275781  136.5724
4910.3184067011  150.1789
4910.93657064439  156.2551
4911.55473458768  133.3064
4912.17289853097  161.5133
4912.79106247426  138.8453
4913.40922641755  162.8926
4914.02739036084  151.1321
4914.64555430413  135.6608
4915.26371824742  156.8941
4915.88188219071  151.4922
4916.50004613401  152.8822
4917.11821007729  144.5554
4917.73637402059  149.1874
4918.35453796388  163.6443
4918.97270190717  147.2032
4919.59086585046  147.8855
4920.20902979375  131.7615
4920.82719373704  122.9255
4921.44535768033  152.1702
4922.06352162362  151.1267
4922.68168556691  155.2235
4923.2998495102  139.0781
4923.91801345349  140.7717
4924.53617739678  115.5449
4925.15434134007  137.4197
4925.77250528337  154.8973
4926.39066922666  118.6069
4927.00883316995  131.7293
4927.62699711324  139.0148
4928.24516105653  131.6873
4928.86332499982  130.3841
4929.48148894311  141.9948
4930.0996528864  159.545
4930.71781682969  148.8132
4931.33598077298  143.6321
4931.95414471627  121.6641
4932.57230865956  142.665
4933.19047260285  137.9792
4933.80863654614  163.4877
4934.42680048944  154.6334
4935.04496443273  146.91
4935.66312837602  132.1951
4936.28129231931  146.0361
4936.8994562626  137.1539
4937.51762020589  126.9112
4938.13578414918  137.5249
4938.75394809247  134.0525
4939.37211203576  150.8092
4939.99027597905  134.4944
4940.60843992234  133.6175
4941.22660386563  136.7429
4941.84476780892  146.6791
4942.46293175222  136.439
4943.08109569551  115.532
4943.6992596388  132.929
4944.31742358209  128.9993
4944.93558752538  157.2544
4945.55375146867  151.7906
4946.17191541196  171.4064
4946.79007935525  151.8118
4947.40824329854  149.9054
4948.02640724183  137.8149
4948.64457118512  130.3459
4949.26273512841  146.7361
4949.8808990717  143.7039
4950.49906301499  138.1839
4951.11722695828  136.7355
4951.73539090158  130.2081
4952.35355484487  143.2516
4952.97171878816  148.4499
4953.58988273145  133.2509
4954.20804667474  156.6088
4954.82621061803  142.9603
4955.44437456132  113.1473
4956.06253850461  152.5359
4956.6807024479  128.3235
4957.29886639119  115.3628
4957.91703033448  138.401
4958.53519427777  123.3303
4959.15335822106  111.0799
4959.77152216435  132.3182
4960.38968610764  124.2532
4961.00785005094  120.5806
4961.62601399423  160.0211
4962.24417793752  135.0586
4962.86234188081  149.1345
4963.4805058241  153.5395
4964.09866976739  109.2445
4964.71683371068  146.1622
4965.33499765397  151.3641
4965.95316159726  139.8338
4966.57132554055  119.4978
4967.18948948384  135.2774
4967.80765342713  129.9084
4968.42581737042  135.1998
4969.04398131372  151.0889
4969.66214525701  136.5451
4970.2803092003  130.67
4970.89847314359  160.3617
4971.51663708688  143.3786
4972.13480103017  145.8843
4972.75296497346  126.1301
4973.37112891675  134.6257
4973.98929286004  130.2673
4974.60745680333  115.1593
4975.22562074662  113.6801
4975.84378468991  144.076
4976.4619486332  123.8225
4977.0801125765  132.2505
4977.69827651979  136.5976
4978.31644046308  105.1076
4978.93460440637  135.345
4979.55276834966  119.5696
4980.17093229295  106.3334
4980.78909623624  98.9482
4981.40726017953  149.9164
4982.02542412282  128.7218
4982.64358806611  117.3546
4983.2617520094  121.632
4983.87991595269  151.9374
4984.49807989598  113.2677
4985.11624383927  125.9795
4985.73440778256  137.7209
4986.35257172585  157.7481
4986.97073566915  152.6731
4987.58889961244  134.2423
4988.20706355573  132.6697
4988.82522749902  124.5171
4989.44339144231  111.8433
4990.0615553856  151.4481
4990.67971932889  176.6091
4991.29788327218  168.7674
4991.91604721547  135.2587
4992.53421115876  140.9023
4993.15237510205  95.47635
4993.77053904534  175.6878
4994.38870298863  169.6604
4995.00686693193  119.1014
4995.62503087522  145.4785
4996.24319481851  164.597
4996.8613587618  149.16
4997.47952270509  161.7078
4998.09768664838  164.8118
4998.71585059167  160.7511
4999.33401453496  135.7498
4999.95217847825  170.9665
5000.57034242154  167.7626
5001.18850636483  142.1243
5001.80667030812  125.4591
5002.42483425141  164.8832
5003.0429981947  142.9632
5003.661162138  158.1303
5004.27932608129  126.8717
5004.89749002458  133.0825
5005.51565396787  161.7806
5006.13381791116  162.265
5006.75198185445  165.9952
5007.37014579774  167.7381
5007.98830974103  183.4398
5008.60647368432  198.3904
5009.22463762761  197.2757
5009.8428015709  169.7021
5010.46096551419  166.5827
5011.07912945748  151.4054
5011.69729340077  147.8621
5012.31545734407  164.3321
5012.93362128736  161.2102
5013.55178523065  135.226
5014.16994917394  149.3515
5014.78811311723  129.678
5015.40627706052  149.815
5016.02444100381  166.08
5016.6426049471  141.4388
5017.26076889039  134.9247
5017.87893283368  158.891
5018.49709677697  151.9153
5019.11526072026  153.2592
5019.73342466355  146.2004
5020.35158860685  148.3955
5020.96975255014  153.3152
5021.58791649343  149.5555
5022.20608043672  153.1644
5022.82424438001  156.1112
5023.4424083233  146.6325
5024.06057226659  158.0384
5024.67873620988  168.0297
5025.29690015317  168.8615
5025.91506409646  152.3021
5026.53322803975  138.8723
5027.15139198304  149.7115
5027.76955592633  164.0034
5028.38771986962  149.4717
5029.00588381291  157.4925
5029.62404775621  142.2043
5030.2422116995  145.4012
5030.86037564279  168.306
5031.47853958608  140.6355
5032.09670352937  175.2672
5032.71486747266  170.283
5033.33303141595  137.0278
5033.95119535924  145.8613
5034.56935930253  179.2316
5035.18752324582  174.71
5035.80568718911  148.9398
5036.4238511324  160.9036
5037.04201507569  169.5961
5037.66017901898  160.6727
5038.27834296227  130.8004
5038.89650690557  145.0703
5039.51467084886  165.2398
5040.13283479215  150.7557
5040.75099873544  157.8591
5041.36916267873  153.9765
5041.98732662202  139.9194
5042.60549056531  143.9614
5043.2236545086  140.9753
5043.84181845189  155.3473
5044.45998239518  153.5067
5045.07814633847  162.9339
5045.69631028176  139.7961
5046.31447422505  158.4792
5046.93263816835  168.0879
5047.55080211164  135.6133
5048.16896605493  124.6273
5048.78712999822  141.1005
5049.40529394151  160.8542
5050.0234578848  142.7106
5050.64162182809  142.7365
5051.25978577138  156.3532
5051.87794971467  140.5983
5052.49611365796  155.4717
5053.11427760125  149.1517
5053.73244154454  167.7643
5054.35060548783  130.836
5054.96876943112  153.7842
5055.58693337442  145.4068
5056.20509731771  136.328
5056.823261261  141.0493
5057.44142520429  161.0776
5058.05958914758  124.6757
5058.67775309087  145.6618
5059.29591703416  168.6105
5059.91408097745  130.2889
5060.53224492074  143.166
5061.15040886403  126.6936
5061.76857280732  154.4448
5062.38673675061  160.2948
5063.0049006939  172.5158
5063.62306463719  136.2719
5064.24122858048  133.7665
5064.85939252378  145.548
5065.47755646707  151.1754
5066.09572041036  156.0512
5066.71388435365  141.9822
5067.33204829694  160.7334
5067.95021224023  147.2806
5068.56837618352  139.927
5069.18654012681  153.5099
5069.8047040701  172.2102
5070.42286801339  151.8512
5071.04103195668  148.1431
5071.65919589997  140.8856
5072.27735984327  141.1635
5072.89552378655  169.5783
5073.51368772985  130.8625
5074.13185167314  168.5384
5074.75001561643  134.3897
5075.36817955972  161.4929
5075.98634350301  128.7186
5076.6045074463  146.5078
5077.22267138959  135.486
5077.84083533288  144.0551
5078.45899927617  137.7977
5079.07716321946  142.3864
5079.69532716275  146.7099
5080.31349110604  150.951
5080.93165504933  137.7219
5081.54981899263  155.9923
5082.16798293592  145.3651
5082.78614687921  150.5549
5083.4043108225  132.5577
5084.02247476579  128.884
5084.64063870908  118.9049
5085.25880265237  133.8175
5085.87696659566  116.7771
5086.49513053895  166.9986
5087.11329448224  162.9176
5087.73145842553  154.0464
5088.34962236882  151.017
5088.96778631211  157.7706
5089.5859502554  138.033
5090.2041141987  136.1013
5090.82227814199  121.7458
5091.44044208528  141.6521
5092.05860602857  147.7753
5092.67676997186  151.5984
5093.29493391515  117.7082
5093.91309785844  171.2589
5094.53126180173  161.4619
5095.14942574502  155.5797
5095.76758968831  152.2923
5096.3857536316  157.4128
5097.00391757489  107.113
5097.62208151818  124.3881
5098.24024546147  133.7682
5098.85840940476  156.709
5099.47657334805  120.2874
5100.09473729135  143.7764
5100.71290123464  152.7886
5101.33106517793  149.5618
5101.94922912122  149.5346
5102.56739306451  173.2353
5103.1855570078  151.2843
5103.80372095109  119.7799
5104.42188489438  155.326
5105.04004883767  137.8693
5105.65821278096  182.3487
5106.27637672425  127.402
5106.89454066754  158.8872
5107.51270461084  160.9003
5108.13086855413  157.0293
5108.74903249742  150.9566
5109.36719644071  166.2016
5109.985360384  146.0365
5110.60352432729  150.5665
5111.22168827058  123.7041
5111.83985221387  145.1348
5112.45801615716  151.6166
5113.07618010045  157.6094
5113.69434404374  131.7952
5114.31250798703  179.7726
5114.93067193032  156.3645
5115.54883587361  164.3071
5116.1669998169  161.337
5116.7851637602  157.1837
5117.40332770349  170.0337
5118.02149164678  152.2348
5118.63965559007  151.5425
5119.25781953336  160.131
5119.87598347665  157.8299
5120.49414741994  150.7726
5121.11231136323  129.3647
5121.73047530652  128.3508
5122.34863924981  138.7933
5122.9668031931  164.965
5123.58496713639  167.5009
5124.20313107968  154.4785
5124.82129502298  140.5494
5125.43945896627  157.7044
5126.05762290956  152.2301
5126.67578685285  129.0664
5127.29395079614  126.1732
5127.91211473943  128.4169
5128.53027868272  142.4734
5129.14844262601  130.3022
5129.7666065693  134.5229
5130.38477051259  161.0041
5131.00293445588  146.3413
5131.62109839917  167.7068
5132.23926234246  157.9725
5132.85742628576  174.3863
5133.47559022904  142.0195
5134.09375417234  152.6754
5134.71191811563  149.0393
5135.33008205892  160.6692
5135.94824600221  135.2001
5136.5664099455  171.6754
5137.18457388879  133.4282
5137.80273783208  154.2885
5138.42090177537  136.8076
