3890.00268554688  51.70388
3890.62079870702  50.22808
3891.23891186715  63.70876
3891.85702502728  69.73804
3892.47513818742  68.35573
3893.09325134755  56.84243
3893.71136450768  62.64891
3894.32947766782  58.96909
3894.94759082795  61.95102
3895.56570398808  83.75703
3896.18381714822  74.65643
3896.80193030835  81.28308
3897.42004346848  95.55523
3898.03815662862  82.94764
3898.65626978875  68.72659
3899.27438294888  65.1919
3899.89249610902  93.605
3900.51060926915  68.10702
3901.12872242928  81.55147
3901.74683558942  90.17075
3902.36494874955  75.74722
3902.98306190968  85.34538
3903.60117506982  80.70234
3904.21928822995  75.98593
3904.83740139008  73.08363
3905.45551455022  74.41325
3906.07362771035  83.20338
3906.69174087048  74.72076
3907.30985403062  59.96945
3907.92796719075  74.07697
3908.54608035089  74.97714
3909.16419351102  54.97572
3909.78230667115  78.10545
3910.40041983128  84.23947
3911.01853299142  61.2826
3911.63664615155  84.41922
3912.25475931169  58.6467
3912.87287247182  72.68437
3913.49098563195  76.86971
3914.10909879209  91.31225
3914.72721195222  83.74818
3915.34532511235  71.05737
3915.96343827249  57.51408
3916.58155143262  79.69764
3917.19966459275  84.53342
3917.81777775289  88.69311
3918.43589091302  81.43439
3919.05400407315  79.16165
3919.67211723329  87.23519
3920.29023039342  81.07854
3920.90834355355  79.33448
3921.52645671369  82.16091
3922.14456987382  90.68135
3922.76268303395  85.54693
3923.38079619409  72.63332
3923.99890935422  75.706
3924.61702251435  59.07353
3925.23513567449  85.2131
3925.85324883462  93.18952
3926.47136199475  93.14177
3927.08947515489  112.0103
3927.70758831502  91.21281
3928.32570147515  70.85586
3928.94381463529  78.25253
3929.56192779542  90.05656
3930.18004095555  75.40334
3930.79815411569  73.58138
3931.41626727582  81.27574
3932.03438043595  64.41103
3932.65249359609  61.6144
3933.27060675622  85.42786
3933.88871991635  88.99268
3934.50683307649  70.45524
3935.12494623662  63.45255
3935.74305939675  81.31697
3936.36117255689  92.39448
3936.97928571702  84.53076
3937.59739887715  75.45403
3938.21551203729  91.13633
3938.83362519742  121.1188
3939.45173835755  112.0721
3940.06985151769  93.18329
3940.68796467782  96.32938
3941.30607783795  74.76617
3941.92419099809  74.76936
3942.54230415822  91.48177
3943.16041731835  96.53474
3943.77853047849  88.06294
3944.39664363862  104.5937
3945.01475679875  112.5091
3945.63286995889  104.7078
3946.25098311902  109.4613
3946.86909627915  99.90788
3947.48720943929  99.96189
3948.10532259942  105.3157
3948.72343575955  77.72523
3949.34154891969  79.53793
3949.95966207982  99.17253
3950.57777523995  88.4875
3951.19588840009  105.0183
3951.81400156022  99.6818
3952.43211472035  100.5724
3953.05022788049  97.43961
3953.66834104062  111.3221
3954.28645420075  95.64658
3954.90456736089  111.5996
3955.52268052102  106.2995
3956.14079368115  129.6862
3956.75890684129  132.9549
3957.37702000142  108.5836
3957.99513316155  111.8785
3958.61324632169  110.2231
3959.23135948182  101.3316
3959.84947264195  105.121
3960.46758580209  127.8774
3961.08569896222  121.726
3961.70381212235  98.2898
3962.32192528249  112.94
3962.94003844262  117.6972
3963.55815160275  112.5252
3964.17626476289  129.456
3964.79437792302  113.5972
3965.41249108315  101.6194
3966.03060424329  108.4509
3966.64871740342  112.7428
3967.26683056356  102.3814
3967.88494372369  84.56605
3968.50305688382  104.4062
3969.12117004395  137.6765
3969.73928320409  103.2113
3970.35739636422  115.5421
3970.97550952435  99.63741
3971.59362268449  100.8969
3972.21173584462  108.7479
3972.82984900475  106.5308
3973.44796216489  108.8828
3974.06607532502  126.1283
3974.68418848515  119.8806
3975.30230164529  118.7599
3975.92041480542  135.82
3976.53852796555  121.1033
3977.15664112569  112.7192
3977.77475428582  135.0421
3978.39286744595  130.321
3979.01098060609  129.7787
3979.62909376622  118.5404
3980.24720692635  108.6742
3980.86532008649  112.9824
3981.48343324662  114.0863
3982.10154640675  143.8285
3982.71965956689  121.614
3983.33777272702  123.9009
3983.95588588715  120.3968
3984.57399904729  117.9856
3985.19211220742  126.804
3985.81022536756  113.3329
3986.42833852769  113.0457
3987.04645168782  114.5569
3987.66456484796  100.8787
3988.28267800809  113.5961
3988.90079116822  123.1413
3989.51890432836  107.7034
3990.13701748849  99.06889
3990.75513064862  111.8201
3991.37324380876  84.88572
3991.99135696889  77.08083
3992.60947012902  112.1591
3993.22758328916  109.5494
3993.84569644929  105.8218
3994.46380960942  86.65194
3995.08192276956  84.92744
3995.70003592969  104.9894
3996.31814908982  83.02349
3996.93626224996  84.14443
3997.55437541009  108.3825
3998.17248857022  102.4216
3998.79060173036  96.50282
3999.40871489049  106.9539
4000.02682805062  100.8106
4000.64494121076  87.71588
4001.26305437089  105.0246
4001.88116753102  100.0304
4002.49928069116  99.92914
4003.11739385129  90.41827
4003.73550701142  86.86189
4004.35362017156  94.00352
4004.97173333169  98.2316
4005.58984649182  89.69896
4006.20795965196  85.82773
4006.82607281209  87.55148
4007.44418597222  92.61126
4008.06229913236  109.5298
4008.68041229249  110.2133
4009.29852545262  112.5816
4009.91663861276  127.9651
4010.53475177289  107.5908
4011.15286493302  99.43879
4011.77097809316  90.39169
4012.38909125329  89.32291
4013.00720441342  99.4905
4013.62531757356  76.37759
4014.24343073369  84.88441
4014.86154389382  98.35368
4015.47965705396  111.0509
4016.09777021409  116.5058
4016.71588337422  83.42625
4017.33399653436  106.4465
4017.95210969449  83.4292
4018.57022285462  95.81273
4019.18833601476  105.774
4019.80644917489  97.8893
4020.42456233502  87.95223
4021.04267549516  88.76683
4021.66078865529  115.048
4022.27890181542  72.43456
4022.89701497556  74.88783
4023.51512813569  87.37564
4024.13324129582  92.90912
4024.75135445596  79.82763
4025.36946761609  79.91047
4025.98758077622  104.4189
4026.60569393636  97.43048
4027.22380709649  97.09714
4027.84192025662  69.87999
4028.46003341676  87.31303
4029.07814657689  94.21873
4029.69625973702  104.6905
4030.31437289716  106.3902
4030.93248605729  55.30177
4031.55059921742  89.00492
4032.16871237756  115.9348
4032.78682553769  119.84
4033.40493869782  93.88103
4034.02305185796  123.4585
4034.64116501809  102.5305
4035.25927817822  96.27947
4035.87739133836  98.71923
4036.49550449849  99.21206
4037.11361765862  118.802
4037.73173081876  107.7939
4038.34984397889  89.15072
4038.96795713902  108.5202
4039.58607029916  115.8567
4040.20418345929  110.8184
4040.82229661942  122.0474
4041.44040977956  106.4588
4042.05852293969  94.60185
4042.67663609983  113.8604
4043.29474925996  118.0778
4043.91286242009  124.9846
4044.53097558022  109.6525
4045.14908874036  96.61257
4045.76720190049  101.8894
4046.38531506063  78.82009
4047.00342822076  91.41728
4047.62154138089  102.6943
4048.23965454102  109.9587
4048.85776770116  114.7814
4049.47588086129  87.63913
4050.09399402142  104.1673
4050.71210718156  122.6207
4051.33022034169  94.92622
4051.94833350183  95.39108
4052.56644666196  95.41817
4053.18455982209  94.7328
4053.80267298222  101.6616
4054.42078614236  80.57968
4055.03889930249  85.59745
4055.65701246263  104.0045
4056.27512562276  119.6222
4056.89323878289  78.59859
4057.51135194303  90.34831
4058.12946510316  104.0717
4058.74757826329  121.0147
4059.36569142343  105.0046
4059.98380458356  104.3507
4060.60191774369  113.9435
4061.22003090383  89.08212
4061.83814406396  101.8118
4062.45625722409  92.26918
4063.07437038423  100.0602
4063.69248354436  118.8569
4064.31059670449  125.795
4064.92870986463  121.838
4065.54682302476  124.1203
4066.16493618489  101.3498
4066.78304934503  108.2496
4067.40116250516  113.152
4068.01927566529  109.0843
4068.63738882543  136.3181
4069.25550198556  127.2793
4069.87361514569  105.2873
4070.49172830583  101.5668
4071.10984146596  112.5596
4071.72795462609  121.9279
4072.34606778623  101.5549
4072.96418094636  140.4988
4073.58229410649  131.121
4074.20040726663  93.80158
4074.81852042676  125.0313
4075.43663358689  137.9297
4076.05474674703  133.4449
4076.67285990716  133.6103
4077.29097306729  135.0947
4077.90908622743  127.4383
4078.52719938756  139.1685
4079.14531254769  155.1037
4079.76342570783  144.6636
4080.38153886796  133.1595
4080.99965202809  158.5247
4081.61776518823  156.5388
4082.23587834836  135.767
4082.85399150849  167.2649
4083.47210466863  172.4827
4084.09021782876  165.2541
4084.70833098889  192.766
4085.32644414903  162.6187
4085.94455730916  175.9141
4086.56267046929  177.1496
4087.18078362943  178.2507
4087.79889678956  185.0522
4088.41700994969  180.2406
4089.03512310983  186.8981
4089.65323626996  201.087
4090.27134943009  209.5163
4090.88946259023  209.6888
4091.50757575036  178.6389
4092.12568891049  182.526
4092.74380207063  207.0959
4093.36191523076  182.3415
4093.98002839089  196.2574
4094.59814155103  204.5341
4095.21625471116  194.6456
4095.83436787129  184.6512
4096.45248103143  188.2362
4097.07059419156  159.9108
4097.68870735169  165.2817
4098.30682051183  168.9738
4098.92493367196  144.4281
4099.54304683209  145.8241
4100.16115999223  176.2963
4100.77927315236  161.4379
4101.39738631249  145.4445
4102.01549947263  148.1306
4102.63361263276  169.6233
4103.25172579289  162.649
4103.86983895303  177.2744
4104.48795211316  183.9857
4105.10606527329  185.9224
4105.72417843343  198.7947
4106.34229159356  182.9259
4106.96040475369  178.0746
4107.57851791383  185.8092
4108.19663107396  201.1733
4108.81474423409  202.6392
4109.43285739423  198.2609
4110.05097055436  198.8452
4110.66908371449  183.8071
4111.28719687463  180.624
4111.90531003476  178.3603
4112.52342319489  191.9884
4113.14153635503  200.494
4113.75964951516  170.5625
4114.37776267529  177.5678
4114.99587583543  191.6354
4115.61398899556  196.6699
4116.23210215569  181.0753
4116.85021531583  171.1589
4117.46832847596  188.1186
4118.0864416361  182.5162
4118.70455479623  163.665
4119.32266795636  168.3916
4119.94078111649  171.477
4120.55889427663  165.8865
4121.17700743676  175.8621
4121.7951205969  147.6752
4122.41323375703  126.2161
4123.03134691716  153.4382
4123.6494600773  147.5627
4124.26757323743  141.3218
4124.88568639756  147.9886
4125.5037995577  156.8512
4126.12191271783  139.4245
4126.74002587796  121.0284
4127.3581390381  142.3717
4127.97625219823  136.793
4128.59436535836  147.3787
4129.2124785185  154.7689
4129.83059167863  114.603
4130.44870483876  128.3975
4131.0668179989  137.726
4131.68493115903  113.0095
4132.30304431916  113.8798
4132.9211574793  128.5632
4133.53927063943  126.6599
4134.15738379956  120.5295
4134.7754969597  111.3711
4135.39361011983  114.9984
4136.01172327996  94.98462
4136.6298364401  120.6948
4137.24794960023  118.6098
4137.86606276036  133.4368
4138.4841759205  101.9293
4139.10228908063  110.0538
4139.72040224076  112.3007
4140.3385154009  142.1608
4140.95662856103  140.6699
4141.57474172116  93.88606
4142.1928548813  123.0658
4142.81096804143  112.6845
4143.42908120156  106.6209
4144.0471943617  122.7129
4144.66530752183  125.8644
4145.28342068196  115.7178
4145.9015338421  106.7579
4146.51964700223  118.8245
4147.13776016236  129.0838
4147.7558733225  117.2342
4148.37398648263  124.9357
4148.99209964276  107.6211
4149.6102128029  115.4105
4150.22832596303  105.466
4150.84643912316  93.76383
4151.4645522833  131.3427
4152.08266544343  102.2491
4152.70077860356  102.611
4153.3188917637  123.6551
4153.93700492383  94.11269
4154.55511808396  110.5544
4155.1732312441  115.6286
4155.79134440423  105.0148
4156.40945756436  115.4776
4157.0275707245  126.816
4157.64568388463  123.8192
4158.26379704476  107.3369
4158.8819102049  109.8515
4159.50002336503  98.46716
4160.11813652516  92.32108
4160.7362496853  107.2332
4161.35436284543  114.5959
4161.97247600556  94.83372
4162.5905891657  95.61658
4163.20870232583  111.5439
4163.82681548596  103.913
4164.4449286461  95.02888
4165.06304180623  105.3746
4165.68115496636  117.4248
4166.2992681265  107.0186
4166.91738128663  97.43033
4167.53549444676  108.2696
4168.1536076069  107.8164
4168.77172076703  89.16297
4169.38983392716  107.717
4170.0079470873  101.4801
4170.62606024743  108.3143
4171.24417340756  107.5206
4171.8622865677  116.4841
4172.48039972783  100.6304
4173.09851288797  99.89128
4173.7166260481  134.1492
4174.33473920823  112.259
4174.95285236837  102.9564
4175.5709655285  98.08641
4176.18907868863  91.82049
4176.80719184876  108.6587
4177.4253050089  99.3326
4178.04341816903  118.5558
4178.66153132916  120.1516
4179.2796444893  87.47415
4179.89775764943  103.2832
4180.51587080956  114.425
4181.1339839697  115.1132
4181.75209712983  108.9142
4182.37021028997  114.3667
4182.9883234501  93.08896
4183.60643661023  102.9779
4184.22454977036  106.8994
4184.8426629305  123.3007
4185.46077609063  104.868
4186.07888925077  114.5298
4186.6970024109  115.0449
4187.31511557103  113.7843
4187.93322873117  101.2587
4188.5513418913  91.00395
4189.16945505143  103.355
4189.78756821157  98.77138
4190.4056813717  95.68616
4191.02379453183  99.17912
4191.64190769197  107.1127
4192.2600208521  82.53181
4192.87813401223  89.69853
4193.49624717237  120.0098
4194.1143603325  96.81187
4194.73247349263  83.17741
4195.35058665277  79.50246
4195.9686998129  90.96813
4196.58681297303  97.64945
4197.20492613317  83.98294
4197.8230392933  109.0157
4198.44115245343  115.4447
4199.05926561357  104.841
4199.6773787737  109.0479
4200.29549193383  110.4001
4200.91360509397  80.30943
4201.5317182541  97.37191
4202.14983141423  116.9526
4202.76794457437  110.182
4203.3860577345  92.67787
4204.00417089463  93.05978
4204.62228405477  110.0411
4205.2403972149  103.6206
4205.85851037503  96.68981
4206.47662353517  103.1952
4207.0947366953  89.68476
4207.71284985543  108.8432
4208.33096301557  101.8658
4208.9490761757  97.91081
4209.56718933583  84.75556
4210.18530249597  107.1208
4210.8034156561  72.52831
4211.42152881623  79.11671
4212.03964197637  97.32761
4212.6577551365  135.0966
4213.27586829663  110.0364
4213.89398145677  106.7074
4214.5120946169  87.75912
4215.13020777703  88.2946
4215.74832093717  101.9786
4216.3664340973  115.1762
4216.98454725743  93.39527
4217.60266041757  110.0743
4218.2207735777  108.238
4218.83888673783  102.4422
4219.45699989797  115.3312
4220.0751130581  94.38035
4220.69322621823  107.6376
4221.31133937837  103.3526
4221.9294525385  93.74384
4222.54756569863  94.94405
4223.16567885877  91.40179
4223.7837920189  99.49491
4224.40190517903  96.61385
4225.02001833917  127.8623
4225.6381314993  99.67319
4226.25624465943  95.06233
4226.87435781957  97.58351
4227.4924709797  96.20889
4228.11058413983  92.78338
4228.72869729997  102.2118
4229.3468104601  111.1605
4229.96492362023  105.2337
4230.58303678037  93.22821
4231.2011499405  101.2559
4231.81926310063  103.9135
4232.43737626077  98.69536
4233.0554894209  97.99834
4233.67360258103  107.534
4234.29171574117  116.0492
4234.9098289013  117.2942
4235.52794206143  106.2324
4236.14605522157  105.7229
4236.7641683817  106.1932
4237.38228154183  102.3683
4238.00039470197  109.5618
4238.6185078621  123.9909
4239.23662102223  110.2741
4239.85473418237  84.91435
4240.4728473425  119.0465
4241.09096050263  122.9317
4241.70907366277  118.5311
4242.3271868229  94.33071
4242.94529998303  73.53249
4243.56341314317  87.60287
4244.1815263033  92.94035
4244.79963946343  95.60826
4245.41775262357  110.8767
4246.0358657837  105.0428
4246.65397894384  89.45856
4247.27209210397  100.3942
4247.8902052641  104.0296
4248.50831842423  89.63928
4249.12643158437  102.8702
4249.7445447445  113.477
4250.36265790464  101.7158
4250.98077106477  92.19566
4251.5988842249  116.0713
4252.21699738504  103.1039
4252.83511054517  99.60562
4253.4532237053  115.1011
4254.07133686544  122.5058
4254.68945002557  87.35582
4255.3075631857  99.14409
4255.92567634583  87.54803
4256.54378950597  85.51027
4257.1619026661  119.5428
4257.78001582623  126.7754
4258.39812898637  111.0137
4259.0162421465  82.23907
4259.63435530664  94.53061
4260.25246846677  105.0987
4260.8705816269  84.277
4261.48869478704  96.77683
4262.10680794717  111.2586
4262.7249211073  95.1181
4263.34303426744  80.66936
4263.96114742757  116.0869
4264.5792605877  114.7339
4265.19737374784  117.376
4265.81548690797  109.1621
4266.4336000681  109.6204
4267.05171322824  115.1971
4267.66982638837  86.16858
4268.2879395485  68.35108
4268.90605270864  88.06046
4269.52416586877  92.7956
4270.1422790289  91.15977
4270.76039218904  101.3644
4271.37850534917  88.22972
4271.9966185093  98.68886
4272.61473166944  109.2206
4273.23284482957  102.813
4273.8509579897  87.01314
4274.46907114984  96.82557
4275.08718430997  90.32839
4275.7052974701  101.3861
4276.32341063024  106.7472
4276.94152379037  92.58186
4277.5596369505  116.7241
4278.17775011064  127.561
4278.79586327077  111.3224
4279.4139764309  112.057
4280.03208959104  117.6262
4280.65020275117  116.2373
4281.2683159113  100.2551
4281.88642907144  96.5607
4282.50454223157  95.66344
4283.1226553917  98.89198
4283.74076855184  119.272
4284.35888171197  94.70322
4284.9769948721  105.45
4285.59510803224  117.8115
4286.21322119237  108.2598
4286.8313343525  114.9376
4287.44944751264  84.02961
4288.06756067277  92.20583
4288.6856738329  109.9744
4289.30378699304  113.2099
4289.92190015317  112.8269
4290.5400133133  121.9509
4291.15812647344  109.5656
4291.77623963357  139.8949
4292.3943527937  110.6958
4293.01246595384  122.8263
4293.63057911397  124.9389
4294.2486922741  114.3325
4294.86680543424  84.2878
4295.48491859437  108.1144
4296.1030317545  115.2216
4296.72114491464  105.6959
4297.33925807477  114.3532
4297.9573712349  125.4052
4298.57548439504  107.4648
4299.19359755517  111.4563
4299.8117107153  119.5717
4300.42982387544  101.1031
4301.04793703557  109.0984
4301.6660501957  123.8612
4302.28416335584  122.0894
4302.90227651597  122.6389
4303.5203896761  129.0866
4304.13850283624  125.2991
4304.75661599637  114.9203
4305.3747291565  120.2343
4305.99284231664  113.5529
4306.61095547677  126.4265
4307.2290686369  138.7895
4307.84718179704  109.7835
4308.46529495717  130.854
4309.0834081173  147.6692
4309.70152127744  142.1388
4310.31963443757  146.8671
4310.9377475977  144.47
4311.55586075784  135.8158
4312.17397391797  146.8513
4312.7920870781  147.3329
4313.41020023824  128.9933
4314.02831339837  158.5674
4314.64642655851  159.5424
4315.26453971864  143.919
4315.88265287877  148.5811
4316.50076603891  170.4642
4317.11887919904  177.8833
4317.73699235917  168.852
4318.35510551931  190.7143
4318.97321867944  181.5149
4319.59133183957  168.9667
4320.20944499971  197.8246
4320.82755815984  198.0812
4321.44567131997  171.1162
4322.0637844801  184.4287
4322.68189764024  182.5346
4323.30001080037  186.4494
4323.91812396051  188.2576
4324.53623712064  217.5291
4325.15435028077  212.4476
4325.77246344091  207.4597
4326.39057660104  182.4435
4327.00868976117  191.7189
4327.62680292131  196.1457
4328.24491608144  207.7532
4328.86302924157  238.4354
4329.48114240171  232.9259
4330.09925556184  198.7929
4330.71736872197  214.8082
4331.3354818821  214.7759
4331.95359504224  216.7236
4332.57170820237  229.3693
4333.18982136251  216.7841
4333.80793452264  214.8693
4334.42604768277  205.2385
4335.04416084291  179.3794
4335.66227400304  180.3125
4336.28038716317  204.71
4336.89850032331  177.0127
4337.51661348344  176.9566
4338.13472664357  162.2273
4338.75283980371  156.5301
4339.37095296384  164.188
4339.98906612397  156.4344
4340.6071792841  185.5617
4341.22529244424  184.4855
4341.84340560437  160.2544
4342.46151876451  187.7461
4343.07963192464  201.1252
4343.69774508477  210.0965
4344.31585824491  207.916
4344.93397140504  229.1742
4345.55208456517  201.5734
4346.17019772531  212.6317
4346.78831088544  242.4942
4347.40642404557  192.2708
4348.02453720571  230.6514
4348.64265036584  237.6676
4349.26076352597  193.9516
4349.87887668611  229.3986
4350.49698984624  210.4291
4351.11510300637  217.7128
4351.73321616651  193.0929
4352.35132932664  197.6944
4352.96944248677  201.7307
4353.58755564691  180.928
4354.20566880704  202.9149
4354.82378196717  199.5455
4355.44189512731  193.006
4356.06000828744  196.9406
4356.67812144757  174.3167
4357.29623460771  188.6547
4357.91434776784  197.073
4358.53246092797  186.0143
4359.15057408811  163.1274
4359.76868724824  183.8214
4360.38680040837  172.4338
4361.00491356851  146.0301
4361.62302672864  137.903
4362.24113988877  159.8758
4362.85925304891  171.0073
4363.47736620904  131.3995
4364.09547936917  170.5572
4364.71359252931  155.6159
4365.33170568944  139.996
4365.94981884957  116.4415
4366.56793200971  140.0853
4367.18604516984  145.9827
4367.80415832997  145.4473
4368.42227149011  117.6268
4369.04038465024  136.9017
4369.65849781037  166.4239
4370.27661097051  143.5012
4370.89472413064  127.5347
4371.51283729077  118.4564
4372.13095045091  105.6216
4372.74906361104  134.1116
4373.36717677117  118.0668
4373.98528993131  112.9658
4374.60340309144  125.4663
4375.22151625157  123.9648
4375.83962941171  138.4044
4376.45774257184  115.918
4377.07585573197  110.7877
4377.69396889211  108.9569
4378.31208205224  94.94785
4378.93019521238  122.496
4379.54830837251  135.0899
4380.16642153264  144.0655
4380.78453469277  103.9771
4381.40264785291  116.4709
4382.02076101304  134.8085
4382.63887417318  118.206
4383.25698733331  92.10783
4383.87510049344  102.6107
4384.49321365357  102.3437
4385.11132681371  129.5334
4385.72943997384  116.7145
4386.34755313397  130.7769
4386.96566629411  127.2281
4387.58377945424  111.6849
4388.20189261437  108.4988
4388.82000577451  120.5749
4389.43811893464  120.3049
4390.05623209477  131.337
4390.67434525491  128.2413
4391.29245841504  104.7661
4391.91057157518  117.308
4392.52868473531  113.8598
4393.14679789544  86.07068
4393.76491105558  95.1925
4394.38302421571  125.0359
4395.00113737584  113.3877
4395.61925053597  101.8895
4396.23736369611  116.592
4396.85547685624  111.8702
4397.47359001638  125.8662
4398.09170317651  123.5203
4398.70981633664  101.192
4399.32792949678  111.7212
4399.94604265691  111.0512
4400.56415581704  119.3986
4401.18226897718  115.3776
4401.80038213731  120.0507
4402.41849529744  116.494
4403.03660845757  117.0853
4403.65472161771  116.805
4404.27283477784  103.7745
4404.89094793798  128.2324
4405.50906109811  115.8197
4406.12717425824  113.2011
4406.74528741838  116.1649
4407.36340057851  107.7384
4407.98151373864  118.709
4408.59962689878  119.6193
4409.21774005891  134.1123
4409.83585321904  115.5838
4410.45396637918  102.0306
4411.07207953931  99.19916
4411.69019269944  113.0967
4412.30830585958  116.0881
4412.92641901971  119.5104
4413.54453217984  118.0029
4414.16264533998  122.7119
4414.78075850011  113.0374
4415.39887166024  90.1971
4416.01698482038  100.8623
4416.63509798051  97.19753
4417.25321114064  127.088
4417.87132430078  125.3373
4418.48943746091  101.9666
4419.10755062104  106.8881
4419.72566378118  106.3904
4420.34377694131  104.3521
4420.96189010144  96.79121
4421.58000326158  113.3777
4422.19811642171  112.89
4422.81622958184  94.54161
4423.43434274198  100.2828
4424.05245590211  116.7802
4424.67056906224  110.0714
4425.28868222238  112.2155
4425.90679538251  120.7468
4426.52490854264  93.30538
4427.14302170278  91.74176
4427.76113486291  95.4081
4428.37924802304  140.4625
4428.99736118318  124.5874
4429.61547434331  106.2621
4430.23358750344  115.3287
4430.85170066358  118.558
4431.46981382371  81.64918
4432.08792698384  103.9025
4432.70604014398  115.6558
4433.32415330411  114.4047
4433.94226646424  111.9948
4434.56037962438  120.5076
4435.17849278451  113.6025
4435.79660594464  130.2899
4436.41471910478  122.0001
4437.03283226491  116.8062
4437.65094542504  108.1884
4438.26905858518  124.7743
4438.88717174531  134.5571
4439.50528490544  118.9228
4440.12339806558  103.2793
4440.74151122571  100.7736
4441.35962438584  104.5554
4441.97773754598  135.1117
4442.59585070611  121.5682
4443.21396386624  115.6655
4443.83207702638  140.0256
4444.45019018651  138.8338
4445.06830334664  132.5652
4445.68641650678  111.7984
4446.30452966691  97.71063
4446.92264282704  140.7361
4447.54075598718  143.9147
4448.15886914731  133.1077
4448.77698230744  131.8493
4449.39509546758  141.8776
4450.01320862771  147.2761
4450.63132178784  140.7478
4451.24943494798  125.7478
4451.86754810811  120.2518
4452.48566126824  152.0342
4453.10377442838  147.4662
4453.72188758851  127.6582
4454.34000074865  140.0197
4454.95811390878  113.0081
4455.57622706891  106.9613
4456.19434022905  143.9357
4456.81245338918  144.1165
4457.43056654931  128.4008
4458.04867970944  125.6802
4458.66679286958  138.9868
4459.28490602971  145.5316
4459.90301918984  142.8358
4460.52113234998  151.0758
4461.13924551011  103.8762
4461.75735867025  110.9493
4462.37547183038  132.9764
4462.99358499051  128.0222
4463.61169815065  124.1439
4464.22981131078  123.2161
4464.84792447091  126.5175
4465.46603763104  124.9347
4466.08415079118  132.6069
4466.70226395131  141.8844
4467.32037711144  132.1076
4467.93849027158  104.103
4468.55660343171  93.22217
4469.17471659184  121.2608
4469.79282975198  122.0994
4470.41094291211  130.2623
4471.02905607225  131.6683
4471.64716923238  125.9238
4472.26528239251  133.9734
4472.88339555265  137.7466
4473.50150871278  131.9719
4474.11962187291  135.2563
4474.73773503305  132.6174
4475.35584819318  137.2595
4475.97396135331  132.9416
4476.59207451344  117.8382
4477.21018767358  155.1418
4477.82830083371  155.5595
4478.44641399384  112.5526
4479.06452715398  137.1424
4479.68264031411  140.7419
4480.30075347425  144.081
4480.91886663438  170.5032
4481.53697979451  173.0638
4482.15509295465  150.1696
4482.77320611478  159.2969
4483.39131927491  150.0968
4484.00943243505  115.426
4484.62754559518  165.3155
4485.24565875531  129.2823
4485.86377191545  138.2864
4486.48188507558  158.9609
4487.09999823571  163.1441
4487.71811139584  144.0431
4488.33622455598  152.1544
4488.95433771611  154.167
4489.57245087625  120.2505
4490.19056403638  136.7672
4490.80867719651  134.8851
4491.42679035665  124.6493
4492.04490351678  135.2559
4492.66301667691  156.1754
4493.28112983705  152.4114
4493.89924299718  127.9203
4494.51735615731  119.8165
4495.13546931745  114.5736
4495.75358247758  127.2608
4496.37169563771  145.2984
4496.98980879785  120.4882
4497.60792195798  118.3845
4498.22603511811  124.7989
4498.84414827825  152.1658
4499.46226143838  130.4581
4500.08037459851  108.9084
4500.69848775865  108.505
4501.31660091878  132.2041
4501.93471407891  142.4544
4502.55282723905  138.8001
4503.17094039918  140.7345
4503.78905355931  131.6646
4504.40716671945  114.4211
4505.02527987958  122.1311
4505.64339303971  128.2742
4506.26150619985  105.2261
4506.87961935998  112.7583
4507.49773252011  116.0681
4508.11584568025  113.7935
4508.73395884038  126.2596
4509.35207200051  104.4378
4509.97018516065  124.136
4510.58829832078  142.1864
4511.20641148091  123.8217
4511.82452464105  129.6317
4512.44263780118  103.9473
4513.06075096131  120.0728
4513.67886412145  127.7175
4514.29697728158  115.1926
4514.91509044171  115.2688
4515.53320360185  121.017
4516.15131676198  91.05655
4516.76942992211  115.3923
4517.38754308225  101.4626
4518.00565624238  95.14911
4518.62376940251  118.4221
4519.24188256265  102.921
4519.85999572278  119.8812
4520.47810888291  136.4996
4521.09622204305  121.0659
4521.71433520318  132.5993
4522.33244836331  106.861
4522.95056152345  122.3328
4523.56867468358  125.3643
4524.18678784371  118.0897
4524.80490100385  117.7331
4525.42301416398  127.5268
4526.04112732411  130.3568
4526.65924048425  130.0208
4527.27735364438  96.84397
4527.89546680451  125.7943
4528.51357996465  144.4306
4529.13169312478  123.4728
4529.74980628491  127.3633
4530.36791944505  131.4095
4530.98603260518  132.7737
4531.60414576531  153.6651
4532.22225892545  134.2482
4532.84037208558  113.5856
4533.45848524571  116.1939
4534.07659840585  112.4948
4534.69471156598  134.4084
4535.31282472611  123.996
4535.93093788625  126.8438
4536.54905104638  123.8587
4537.16716420652  151.6001
4537.78527736665  132.2496
4538.40339052678  148.8445
4539.02150368692  100.2268
4539.63961684705  100.7393
4540.25773000718  125.373
4540.87584316732  120.0936
4541.49395632745  122.0074
4542.11206948758  135.7628
4542.73018264771  129.3413
4543.34829580785  106.3111
4543.96640896798  133.5897
4544.58452212811  145.5714
4545.20263528825  139.8388
4545.82074844838  142.1534
4546.43886160852  139.5995
4547.05697476865  121.479
4547.67508792878  115.976
4548.29320108892  129.8323
4548.91131424905  125.7317
4549.52942740918  111.1016
4550.14754056931  139.8514
4550.76565372945  157.8697
4551.38376688958  126.6667
4552.00188004972  131.6418
4552.61999320985  121.438
4553.23810636998  110.8469
4553.85621953012  127.297
4554.47433269025  130.795
4555.09244585038  140.3708
4555.71055901052  133.5421
4556.32867217065  124.1698
4556.94678533078  117.1819
4557.56489849092  112.5058
4558.18301165105  120.5206
4558.80112481118  132.7825
4559.41923797132  122.5727
4560.03735113145  130.7145
4560.65546429158  132.3842
4561.27357745172  134.5755
4561.89169061185  119.925
4562.50980377198  139.5669
4563.12791693212  136.3197
4563.74603009225  135.639
4564.36414325238  146.7803
4564.98225641252  125.8878
4565.60036957265  126.3597
4566.21848273278  120.4145
4566.83659589292  115.6712
4567.45470905305  122.9808
4568.07282221318  133.2751
4568.69093537332  120.6333
4569.30904853345  128.4809
4569.92716169358  118.8259
4570.54527485372  137.2409
4571.16338801385  143.7524
4571.78150117398  138.7078
4572.39961433412  116.7161
4573.01772749425  126.9371
4573.63584065438  121.9221
4574.25395381452  119.9822
4574.87206697465  146.9012
4575.49018013478  126.5127
4576.10829329492  123.0834
4576.72640645505  128.6696
4577.34451961518  138.1985
4577.96263277532  144.1092
4578.58074593545  125.9696
4579.19885909558  102.5555
4579.81697225572  129.5613
4580.43508541585  150.4442
4581.05319857599  136.7691
4581.67131173612  94.82707
4582.28942489625  112.7978
4582.90753805639  135.0172
4583.52565121652  142.2594
4584.14376437665  121.2292
4584.76187753679  113.2559
4585.37999069692  115.534
4585.99810385705  116.2747
4586.61621701718  142.7841
4587.23433017732  116.2637
4587.85244333745  108.1558
4588.47055649758  144.5697
4589.08866965772  125.8772
4589.70678281785  141.0671
4590.32489597798  105.9084
4590.94300913812  114.0762
4591.56112229825  124.2309
4592.17923545839  88.93717
4592.79734861852  135.4848
4593.41546177865  132.1378
4594.03357493879  160.8917
4594.65168809892  151.9134
4595.26980125905  110.0983
4595.88791441919  148.9925
4596.50602757932  129.9615
4597.12414073945  146.969
4597.74225389958  125.5952
4598.36036705972  102.3738
4598.97848021985  126.1195
4599.59659337999  111.6257
4600.21470654012  106.7501
4600.83281970025  157.7604
4601.45093286039  145.478
4602.06904602052  106.9612
4602.68715918065  138.8654
4603.30527234079  123.7663
4603.92338550092  137.4504
4604.54149866105  119.5902
4605.15961182118  100.8788
4605.77772498132  121.5873
4606.39583814145  114.4969
4607.01395130159  135.6107
4607.63206446172  97.53252
4608.25017762185  124.004
4608.86829078199  120.1143
4609.48640394212  119.9303
4610.10451710225  131.5295
4610.72263026239  128.0726
4611.34074342252  128.1265
4611.95885658265  115.9887
4612.57696974279  130.8583
4613.19508290292  119.7855
4613.81319606305  119.0653
4614.43130922319  133.611
4615.04942238332  122.9578
4615.66753554345  130.7042
4616.28564870359  140.9071
4616.90376186372  135.7113
4617.52187502385  123.4002
4618.13998818399  135.5035
4618.75810134412  132.4298
4619.37621450425  107.1558
4619.99432766439  127.9249
4620.61244082452  134.897
4621.23055398465  114.5409
4621.84866714479  121.727
4622.46678030492  150.3688
4623.08489346505  132.3338
4623.70300662519  112.959
4624.32111978532  116.6632
4624.93923294545  120.6702
4625.55734610559  111.9202
4626.17545926572  116.2948
4626.79357242585  116.8204
4627.41168558599  144.9196
4628.02979874612  137.8049
4628.64791190625  131.6283
4629.26602506639  114.6785
4629.88413822652  124.3171
4630.50225138665  119.1706
4631.12036454679  123.1104
4631.73847770692  154.9707
4632.35659086705  111.4846
4632.97470402719  99.89021
4633.59281718732  116.1908
4634.21093034745  127.157
4634.82904350759  121.8439
4635.44715666772  132.2755
4636.06526982785  114.1008
4636.68338298799  114.4066
4637.30149614812  130.7421
4637.91960930825  139.3144
4638.53772246839  128.0703
4639.15583562852  136.4599
4639.77394878865  133.362
4640.39206194879  132.1126
4641.01017510892  138.4753
4641.62828826905  127.7579
4642.24640142919  138.8712
4642.86451458932  165.5461
4643.48262774945  144.1761
4644.10074090959  124.8176
4644.71885406972  130.2426
4645.33696722985  117.3948
4645.95508038999  140.1494
4646.57319355012  124.2733
4647.19130671025  123.3156
4647.80941987039  147.0571
4648.42753303052  132.8262
4649.04564619065  118.0801
4649.66375935079  147.5113
4650.28187251092  140.321
4650.89998567106  142.7707
4651.51809883119  136.092
4652.13621199132  153.0514
4652.75432515145  152.4853
4653.37243831159  120.2704
4653.99055147172  126.8753
4654.60866463185  122.104
4655.22677779199  144.3819
4655.84489095212  116.5112
4656.46300411226  141.8411
4657.08111727239  147.7266
4657.69923043252  129.6527
4658.31734359266  152.5258
4658.93545675279  144.1915
4659.55356991292  141.0346
4660.17168307305  154.9947
4660.78979623319  142.9702
4661.40790939332  106.6685
4662.02602255345  125.6267
4662.64413571359  142.3102
4663.26224887372  130.8382
4663.88036203386  167.6705
4664.49847519399  146.7975
4665.11658835412  145.2597
4665.73470151426  127.6102
4666.35281467439  133.8926
4666.97092783452  139.5437
4667.58904099465  174.738
4668.20715415479  145.7888
4668.82526731492  121.5538
4669.44338047506  128.4588
4670.06149363519  114.1575
4670.67960679532  158.0361
4671.29771995545  155.3977
4671.91583311559  135.6536
4672.53394627572  130.6017
4673.15205943586  130.4125
4673.77017259599  125.5819
4674.38828575612  131.6182
4675.00639891626  133.4723
4675.62451207639  151.6708
4676.24262523652  127.0499
4676.86073839666  123.3185
4677.47885155679  130.5919
4678.09696471692  121.6821
4678.71507787706  155.2076
4679.33319103719  130.1526
4679.95130419732  134.8447
4680.56941735745  156.0232
4681.18753051759  137.3335
4681.80564367772  131.683
4682.42375683786  153.2923
4683.04186999799  137.5863
4683.65998315812  152.9263
4684.27809631826  142.1441
4684.89620947839  129.9983
4685.51432263852  150.8605
4686.13243579866  133.7559
4686.75054895879  128.8393
4687.36866211892  131.1425
4687.98677527906  145.0858
4688.60488843919  172.4106
4689.22300159932  136.8866
4689.84111475946  142.4652
4690.45922791959  162.9256
4691.07734107972  143.3787
4691.69545423986  120.461
4692.31356739999  143.722
4692.93168056012  161.7902
4693.54979372026  128.0618
4694.16790688039  146.4498
4694.78602004052  158.0957
4695.40413320066  148.2705
4696.02224636079  119.3213
4696.64035952092  142.1122
4697.25847268106  141.9153
4697.87658584119  150.1825
4698.49469900132  155.5062
4699.11281216146  144.2709
4699.73092532159  148.2564
4700.34903848172  162.2031
4700.96715164186  137.8518
4701.58526480199  154.1687
4702.20337796212  146.2883
4702.82149112226  141.8791
4703.43960428239  136.7713
4704.05771744252  132.8525
4704.67583060266  136.4338
4705.29394376279  137.8979
4705.91205692292  142.2108
4706.53017008306  145.3544
4707.14828324319  161.9572
4707.76639640332  152.2305
4708.38450956346  144.9663
4709.00262272359  137.4597
4709.62073588372  150.8173
4710.23884904386  149.3169
4710.85696220399  125.5927
4711.47507536412  144.1642
4712.09318852426  154.9537
4712.71130168439  121.2255
4713.32941484452  126.5765
4713.94752800466  136.5128
4714.56564116479  131.1835
4715.18375432492  127.3468
4715.80186748506  127.4879
4716.41998064519  111.5604
4717.03809380532  103.9793
4717.65620696546  137.3748
4718.27432012559  119.1997
4718.89243328572  150.5816
4719.51054644586  128.3119
4720.12865960599  128.6112
4720.74677276612  107.3691
4721.36488592626  138.7066
4721.98299908639  154.7258
4722.60111224652  130.2053
4723.21922540666  111.0415
4723.83733856679  120.3631
4724.45545172692  162.2993
4725.07356488706  132.8297
4725.69167804719  134.0502
4726.30979120732  152.41
4726.92790436746  128.3344
4727.54601752759  103.4231
4728.16413068773  141.5039
4728.78224384786  155.525
4729.40035700799  142.6674
4730.01847016812  122.5919
4730.63658332826  113.1014
4731.25469648839  126.1955
4731.87280964852  153.932
4732.49092280866  134.6904
4733.10903596879  139.0621
4733.72714912892  152.742
4734.34526228906  136.4563
4734.96337544919  130.0345
4735.58148860932  135.5021
4736.19960176946  132.4154
4736.81771492959  122.6572
4737.43582808973  130.2213
4738.05394124986  130.717
4738.67205440999  137.9276
4739.29016757013  116.1014
4739.90828073026  124.7426
4740.52639389039  118.6819
4741.14450705053  108.883
4741.76262021066  110.8345
4742.38073337079  101.3867
4742.99884653093  111.3643
4743.61695969106  115.962
4744.23507285119  119.3719
4744.85318601132  112.6208
4745.47129917146  113.0158
4746.08941233159  115.2782
4746.70752549173  111.9644
4747.32563865186  99.46077
4747.94375181199  124.4019
4748.56186497213  144.0493
4749.17997813226  118.6533
4749.79809129239  119.594
4750.41620445253  119.9618
4751.03431761266  146.6065
4751.65243077279  118.4872
4752.27054393293  150.2364
4752.88865709306  119.1487
4753.50677025319  113.374
4754.12488341333  100.7463
4754.74299657346  112.4998
4755.36110973359  111.2422
4755.97922289373  133.5144
4756.59733605386  105.0768
4757.21544921399  125.7418
4757.83356237413  141.5397
4758.45167553426  126.5184
4759.06978869439  98.16074
4759.68790185453  122.436
4760.30601501466  121.0542
4760.92412817479  109.421
4761.54224133493  136.84
4762.16035449506  122.8352
4762.77846765519  127.7694
4763.39658081533  136.931
4764.01469397546  122.9683
4764.63280713559  122.0289
4765.25092029573  118.4078
4765.86903345586  115.5372
4766.48714661599  126.7967
4767.10525977613  127.1343
4767.72337293626  112.2616
4768.34148609639  119.0571
4768.95959925653  118.1542
4769.57771241666  99.64449
4770.19582557679  95.73305
4770.81393873693  113.4025
4771.43205189706  111.2991
4772.05016505719  130.4666
4772.66827821733  131.0057
4773.28639137746  132.6177
4773.90450453759  112.5613
4774.52261769773  108.2247
4775.14073085786  140.5546
4775.75884401799  123.3886
4776.37695717813  133.9074
4776.99507033826  102.0277
4777.61318349839  116.2678
4778.23129665853  140.8209
4778.84940981866  125.4836
4779.46752297879  116.1429
4780.08563613893  121.9939
4780.70374929906  109.0937
4781.32186245919  141.3467
4781.93997561933  140.8656
4782.55808877946  112.8898
4783.17620193959  106.7561
4783.79431509973  109.6241
4784.41242825986  108.1132
4785.03054141999  114.2034
4785.64865458013  133.9936
4786.26676774026  132.53
4786.88488090039  127.5081
4787.50299406053  98.54555
4788.12110722066  140.0603
4788.73922038079  102.7848
4789.35733354093  106.6308
4789.97544670106  128.6031
4790.59355986119  127.4871
4791.21167302133  120.3098
4791.82978618146  143.2549
4792.44789934159  130.2007
4793.06601250173  128.6348
4793.68412566186  116.959
4794.30223882199  106.0733
4794.92035198213  124.4553
4795.53846514226  151.98
4796.15657830239  147.9928
4796.77469146253  130.9201
4797.39280462266  147.6516
4798.01091778279  129.5251
4798.62903094293  126.9166
4799.24714410306  116.6225
4799.86525726319  128.1763
4800.48337042333  121.5504
4801.10148358346  109.3581
4801.71959674359  109.7049
4802.33770990373  132.0677
4802.95582306386  124.8343
4803.57393622399  136.9945
4804.19204938413  115.88
4804.81016254426  146.6318
4805.4282757044  108.1388
4806.04638886453  125.5944
4806.66450202466  125.296
4807.28261518479  124.06
4807.90072834493  147.7549
4808.51884150506  144.3342
4809.13695466519  138.5104
4809.75506782533  119.0949
4810.37318098546  137.7752
4810.9912941456  162.8429
4811.60940730573  160.5708
4812.22752046586  136.7021
4812.845633626  132.4599
4813.46374678613  139.3156
4814.08185994626  156.9155
4814.6999731064  141.4796
4815.31808626653  123.596
4815.93619942666  139.4441
4816.5543125868  119.5411
4817.17242574693  145.723
4817.79053890706  143.1657
4818.4086520672  125.6749
4819.02676522733  128.0693
4819.64487838746  143.479
4820.2629915476  143.2941
4820.88110470773  177.9356
4821.49921786786  140.6591
4822.117331028  130.7901
4822.73544418813  143.2793
4823.35355734826  138.2751
4823.9716705084  146.2582
4824.58978366853  148.1902
4825.20789682866  138.9968
4825.8260099888  149.2313
4826.44412314893  182.4024
4827.06223630906  162.1061
4827.6803494692  145.5103
4828.29846262933  149.0824
4828.91657578946  148.4839
4829.5346889496  178.6557
4830.15280210973  184.5319
4830.77091526986  172.9151
4831.38902843  163.8942
4832.00714159013  187.7614
4832.62525475026  192.1546
4833.2433679104  206.8275
4833.86148107053  210.8639
4834.47959423066  183.0084
4835.0977073908  203.3988
4835.71582055093  208.9262
4836.33393371106  210.9255
4836.9520468712  208.8069
4837.57016003133  201.1599
4838.18827319146  225.1846
4838.8063863516  208.5035
4839.42449951173  198.754
4840.04261267186  229.7315
4840.660725832  219.8848
4841.27883899213  224.3754
4841.89695215226  182.4167
4842.5150653124  239.6925
4843.13317847253  243.6258
4843.75129163266  268.2827
4844.3694047928  248.0954
4844.98751795293  238.3984
4845.60563111306  238.1098
4846.2237442732  267.3932
4846.84185743333  275.9658
4847.45997059346  280.3542
4848.0780837536  275.609
4848.69619691373  290.7531
4849.31431007386  316.8412
4849.932423234  313.7819
4850.55053639413  315.1661
4851.16864955426  309.382
4851.7867627144  284.2917
4852.40487587453  281.9965
4853.02298903466  322.8177
4853.6411021948  287.0135
4854.25921535493  284.9514
4854.87732851506  286.8422
4855.4954416752  277.2056
4856.11355483533  231.6077
4856.73166799546  258.9199
4857.3497811556  223.3561
4857.96789431573  251.5934
4858.58600747586  221.8301
4859.204120636  236.2197
4859.82223379613  194.7903
4860.44034695626  258.9761
4861.0584601164  253.1385
4861.67657327653  194.7795
4862.29468643666  230.3279
4862.9127995968  249.8025
4863.53091275693  245.5387
4864.14902591706  231.5039
4864.7671390772  242.3727
4865.38525223733  283.1828
4866.00336539746  252.3275
4866.6214785576  283.4614
4867.23959171773  290.055
4867.85770487786  293.8889
4868.475818038  248.1866
4869.09393119813  282.5424
4869.71204435826  292.9231
4870.3301575184  276.3112
4870.94827067853  273.7468
4871.56638383866  276.798
4872.1844969988  250.5131
4872.80261015893  266.1449
4873.42072331906  261.4743
4874.0388364792  290.9995
4874.65694963933  259.186
4875.27506279946  248.052
4875.8931759596  286.0768
4876.51128911973  238.8282
4877.12940227986  236.2273
4877.74751544  236.8255
4878.36562860013  231.7832
4878.98374176026  232.5409
4879.6018549204  188.2066
4880.21996808053  185.8579
4880.83808124066  177.2637
4881.4561944008  194.5345
4882.07430756093  175.0498
4882.69242072107  243.4919
4883.3105338812  195.513
4883.92864704133  178.2003
4884.54676020147  206.6814
4885.1648733616  163.5246
4885.78298652173  198.6252
4886.40109968186  141.8912
4887.019212842  200.7008
4887.63732600213  196.146
4888.25543916227  145.4117
4888.8735523224  149.1326
4889.49166548253  162.9074
4890.10977864267  148.1887
4890.7278918028  158.0902
4891.34600496293  153.3323
4891.96411812307  148.7876
4892.5822312832  175.9583
4893.20034444333  151.0134
4893.81845760347  164.7322
4894.4365707636  173.7213
4895.05468392373  133.6048
4895.67279708387  119.3798
4896.290910244  175.1566
4896.90902340413  161.7661
4897.52713656427  140.3046
4898.1452497244  171.7679
4898.76336288453  181.5191
4899.38147604467  156.2395
4899.9995892048  150.7038
4900.61770236493  155.4599
4901.23581552507  165.1023
4901.8539286852  159.0311
4902.47204184533  168.4973
4903.09015500547  170.1673
4903.7082681656  140.4617
4904.32638132573  145.7543
4904.94449448587  153.0695
4905.562607646  167.9999
4906.18072080613  117.0332
4906.79883396627  156.0524
4907.4169471264  131.787
4908.03506028653  181.072
4908.65317344667  160.7341
4909.2712866068  171.2169
4909.88939976693  141.0365
4910.50751292707  145.2014
4911.1256260872  120.0126
4911.74373924733  137.6569
4912.36185240747  126.9174
4912.9799655676  146.5289
4913.59807872773  144.7378
4914.21619188787  142.5141
4914.834305048  147.6772
4915.45241820813  131.1444
4916.07053136827  147.5799
4916.6886445284  145.491
4917.30675768853  107.7023
4917.92487084867  131.5847
4918.5429840088  127.62
4919.16109716893  135.8867
4919.77921032907  132.6238
4920.3973234892  117.5478
4921.01543664933  139.5609
4921.63354980947  92.63866
4922.2516629696  143.8259
4922.86977612973  144.3432
4923.48788928987  149.5379
4924.10600245  162.2577
4924.72411561013  128.0105
4925.34222877027  128.9987
4925.9603419304  147.0625
4926.57845509053  137.1675
4927.19656825067  149.1902
4927.8146814108  134.6671
4928.43279457093  130.6137
4929.05090773107  155.6801
4929.6690208912  119.5755
4930.28713405133  166.9031
4930.90524721147  150.1623
4931.5233603716  159.3065
4932.14147353173  151.2958
4932.75958669187  142.2992
4933.377699852  121.0553
4933.99581301213  152.4995
4934.61392617227  151.7062
4935.2320393324  134.302
4935.85015249253  147.7269
4936.46826565267  144.2442
4937.0863788128  148.1632
4937.70449197293  134.6736
4938.32260513307  129.194
4938.9407182932  168.2844
4939.55883145333  157.4881
4940.17694461347  151.2969
4940.7950577736  130.213
4941.41317093373  142.9438
4942.03128409387  133.1102
4942.649397254  113.7191
4943.26751041413  143.1279
4943.88562357427  144.7703
4944.5037367344  146.5376
4945.12184989453  147.4717
4945.73996305467  147.5833
4946.3580762148  145.2513
4946.97618937493  132.489
4947.59430253507  129.4233
4948.2124156952  130.4477
4948.83052885534  129.2551
4949.44864201547  139.2763
4950.0667551756  150.7546
4950.68486833574  124.9853
4951.30298149587  146.2912
4951.921094656  149.6103
4952.53920781613  136.0316
4953.15732097627  131.9183
4953.7754341364  134.9469
4954.39354729654  125.3909
4955.01166045667  128.4546
4955.6297736168  151.0175
4956.24788677694  139.8876
4956.86599993707  114.1848
4957.4841130972  125.9712
4958.10222625734  119.8234
4958.72033941747  126.1
4959.3384525776  155.1629
4959.95656573774  122.763
4960.57467889787  151.8441
4961.192792058  107.7121
4961.81090521813  130.3474
4962.42901837827  107.4742
4963.0471315384  129.2018
4963.66524469854  113.0645
4964.28335785867  142.0117
4964.9014710188  112.4644
4965.51958417894  125.534
4966.13769733907  120.0455
4966.7558104992  124.5583
4967.37392365934  121.2072
4967.99203681947  110.2316
4968.6101499796  114.3628
4969.22826313974  138.7956
4969.84637629987  121.8273
4970.46448946  117.9732
4971.08260262014  153.5379
4971.70071578027  141.248
4972.3188289404  156.9863
4972.93694210054  134.4932
4973.55505526067  157.3567
4974.1731684208  112.4389
4974.79128158094  138.3861
4975.40939474107  113.3871
4976.0275079012  124.7611
4976.64562106134  120.2541
4977.26373422147  130.0846
4977.8818473816  111.7916
4978.49996054174  135.7035
4979.11807370187  122.8619
4979.736186862  121.993
4980.35430002214  128.5076
4980.97241318227  113.4881
4981.5905263424  108.7572
4982.20863950254  133.4836
4982.82675266267  128.3113
4983.4448658228  101.1859
4984.06297898294  142.1491
4984.68109214307  122.221
4985.2992053032  137.607
4985.91731846334  141.3791
4986.53543162347  151.9158
4987.1535447836  139.5447
4987.77165794374  126.7285
4988.38977110387  130.7199
4989.007884264  140.8468
4989.62599742414  132.6076
4990.24411058427  148.3016
4990.8622237444  133.7336
4991.48033690454  133.5232
4992.09845006467  143.3102
4992.7165632248  143.8082
4993.33467638494  138.3317
4993.95278954507  160.5016
4994.5709027052  154.1871
4995.18901586534  147.2638
4995.80712902547  140.3415
4996.4252421856  140.4518
4997.04335534574  156.4836
4997.66146850587  159.0989
4998.279581666  129.3838
4998.89769482614  139.3528
4999.51580798627  159.7665
5000.13392114641  134.0993
5000.75203430654  123.5638
5001.37014746667  126.4417
5001.9882606268  158.0583
5002.60637378694  121.9369
5003.22448694707  157.0451
5003.8426001072  134.8073
5004.46071326734  146.1865
5005.07882642747  147.182
5005.6969395876  136.0757
5006.31505274774  118.2684
5006.93316590787  140.6187
5007.551279068  175.7133
5008.16939222814  132.8832
5008.78750538827  165.1413
5009.4056185484  144.2557
5010.02373170854  154.0744
5010.64184486867  142.1176
5011.2599580288  119.3494
5011.87807118894  154.3085
5012.49618434907  144.1015
5013.1142975092  136.5371
5013.73241066934  137.1083
5014.35052382947  102.1174
5014.96863698961  144.991
5015.58675014974  136.2018
5016.20486330987  140.2136
5016.82297647001  128.682
5017.44108963014  153.0781
5018.05920279027  141.3535
5018.67731595041  163.4537
5019.29542911054  164.4158
5019.91354227067  165.6073
5020.53165543081  128.9825
5021.14976859094  163.4556
5021.76788175107  140.5036
5022.38599491121  122.6396
5023.00410807134  153.5647
5023.62222123147  160.7207
5024.24033439161  147.4613
5024.85844755174  141.2147
5025.47656071187  160.9628
5026.09467387201  153.6298
5026.71278703214  179.0726
5027.33090019227  162.9225
5027.94901335241  127.367
5028.56712651254  150.8786
5029.18523967267  171.0342
5029.80335283281  148.6939
5030.42146599294  159.9173
5031.03957915307  137.9272
5031.65769231321  150.8723
5032.27580547334  124.866
5032.89391863347  158.303
5033.51203179361  149.1232
5034.13014495374  147.1651
5034.74825811387  150.2731
5035.36637127401  128.0356
5035.98448443414  149.6916
5036.60259759427  153.4949
5037.22071075441  131.0062
5037.83882391454  144.1665
5038.45693707467  143.7217
5039.07505023481  125.1861
5039.69316339494  157.9805
5040.31127655507  144.8699
5040.92938971521  187.0555
5041.54750287534  148.1046
5042.16561603547  173.8244
5042.78372919561  163.4821
5043.40184235574  124.4432
5044.01995551587  132.7438
5044.63806867601  159.202
5045.25618183614  153.5459
5045.87429499627  139.4015
5046.49240815641  154.9903
5047.11052131654  125.8161
5047.72863447667  135.0422
5048.34674763681  132.9219
5048.96486079694  150.123
5049.58297395707  138.729
5050.20108711721  143.6663
5050.81920027734  125.8825
5051.43731343747  133.3479
5052.05542659761  125.8036
5052.67353975774  153.2462
5053.29165291787  140.7647
5053.90976607801  125.6261
5054.52787923814  160.0996
5055.14599239827  145.7108
5055.76410555841  143.9679
5056.38221871854  130.5157
5057.00033187867  145.0677
5057.61844503881  157.0802
5058.23655819894  166.0598
5058.85467135907  127.2986
5059.47278451921  123.1511
5060.09089767934  132.8612
5060.70901083947  136.5048
5061.32712399961  151.0006
5061.94523715974  145.5796
5062.56335031987  129.193
5063.18146348001  137.9743
5063.79957664014  131.8516
5064.41768980027  150.7848
5065.03580296041  125.8628
5065.65391612054  135.695
5066.27202928067  160.7393
5066.89014244081  150.3148
5067.50825560094  151.8376
5068.12636876107  138.8344
5068.74448192121  128.3684
5069.36259508134  126.8108
5069.98070824147  128.3988
5070.59882140161  139.3636
5071.21693456174  141.7735
5071.83504772187  123.8804
5072.45316088201  140.2464
5073.07127404214  146.2113
5073.68938720227  122.5257
5074.30750036241  136.7629
5074.92561352254  148.3844
5075.54372668267  147.6025
5076.16183984281  134.0356
5076.77995300294  131.4069
5077.39806616307  139.9996
5078.01617932321  137.1189
5078.63429248334  134.752
5079.25240564348  124.5045
5079.87051880361  141.8132
5080.48863196374  130.4134
5081.10674512387  166.8767
5081.72485828401  129.2944
5082.34297144414  133.1121
5082.96108460427  111.5893
5083.57919776441  124.7823
5084.19731092454  116.6649
5084.81542408468  113.951
5085.43353724481  139.4199
5086.05165040494  121.3611
5086.66976356508  140.6054
5087.28787672521  138.6584
5087.90598988534  138.0188
5088.52410304547  139.6709
5089.14221620561  108.5144
5089.76032936574  137.6643
5090.37844252587  148.6724
5090.99655568601  137.4423
5091.61466884614  133.3548
5092.23278200628  137.8287
5092.85089516641  113.5864
5093.46900832654  122.9254
5094.08712148668  121.428
5094.70523464681  141.2477
5095.32334780694  129.7966
5095.94146096708  122.0772
5096.55957412721  138.9881
5097.17768728734  147.3344
5097.79580044748  130.6396
5098.41391360761  149.9193
5099.03202676774  138.6734
5099.65013992788  159.3469
5100.26825308801  133.1223
5100.88636624814  135.4324
5101.50447940828  125.0606
5102.12259256841  147.3265
5102.74070572854  152.0452
5103.35881888868  138.4805
5103.97693204881  121.9843
5104.59504520894  116.8583
5105.21315836908  131.2257
5105.83127152921  143.271
5106.44938468934  135.3638
5107.06749784948  121.334
5107.68561100961  142.5254
5108.30372416974  126.6198
5108.92183732988  141.3163
5109.53995049001  153.1269
5110.15806365014  130.824
5110.77617681028  144.3862
5111.39428997041  114.5163
5112.01240313054  178.6906
5112.63051629068  161.6498
5113.24862945081  138.1069
5113.86674261094  121.0158
5114.48485577108  132.7928
5115.10296893121  138.3058
5115.72108209134  124.7035
5116.33919525148  121.7924
5116.95730841161  124.2274
5117.57542157174  128.5259
5118.19353473188  132.2477
5118.81164789201  151.2714
5119.42976105214  139.3267
5120.04787421228  153.3762
5120.66598737241  137.3863
5121.28410053254  135.9502
5121.90221369268  156.8244
5122.52032685281  123.5348
5123.13844001294  136.2868
5123.75655317308  157.1776
5124.37466633321  126.3621
5124.99277949334  127.895
5125.61089265348  138.843
5126.22900581361  152.9393
5126.84711897374  118.9869
5127.46523213388  140.4941
5128.08334529401  131.7186
5128.70145845414  146.1385
5129.31957161428  143.1704
5129.93768477441  139.7378
5130.55579793454  144.6336
5131.17391109468  128.2132
5131.79202425481  145.7113
5132.41013741494  151.8385
5133.02825057508  130.5707
5133.64636373521  140.3382
5134.26447689534  122.764
5134.88259005548  126.9136
5135.50070321561  168.629
5136.11881637574  123.4431
5136.73692953588  146.095
5137.35504269601  122.3294
5137.97315585614  139.5465
5138.59126901628  126.9231
