3890.14575195313  29.47761
3890.76384168864  44.46894
3891.38193142415  54.02354
3892.00002115966  50.20286
3892.61811089517  62.32642
3893.23620063067  54.20612
3893.85429036618  49.5854
3894.47238010169  68.31
3895.0904698372  64.39214
3895.70855957271  67.39079
3896.32664930821  70.37218
3896.94473904372  62.2453
3897.56282877923  66.13153
3898.18091851474  74.90056
3898.79900825025  74.54682
3899.41709798575  73.33738
3900.03518772126  81.05002
3900.65327745677  60.55285
3901.27136719228  64.68769
3901.88945692779  61.52444
3902.50754666329  70.3866
3903.1256363988  76.28226
3903.74372613431  57.53802
3904.36181586982  67.66934
3904.97990560533  73.66013
3905.59799534083  59.11549
3906.21608507634  55.55191
3906.83417481185  69.61813
3907.45226454736  60.3096
3908.07035428287  52.28868
3908.68844401837  59.77259
3909.30653375388  72.05367
3909.92462348939  70.64547
3910.5427132249  68.78355
3911.1608029604  60.19564
3911.77889269591  40.1945
3912.39698243142  54.97596
3913.01507216693  59.73295
3913.63316190244  64.23454
3914.25125163794  64.11661
3914.86934137345  61.62017
3915.48743110896  69.83389
3916.10552084447  56.67096
3916.72361057998  49.60332
3917.34170031548  66.22099
3917.95979005099  62.67092
3918.5778797865  62.44785
3919.19596952201  70.17931
3919.81405925752  64.38013
3920.43214899302  63.41081
3921.05023872853  41.70005
3921.66832846404  44.18447
3922.28641819955  44.62965
3922.90450793506  60.16883
3923.52259767056  74.28828
3924.14068740607  92.0881
3924.75877714158  74.08882
3925.37686687709  65.16933
3925.9949566126  81.3529
3926.6130463481  79.4473
3927.23113608361  54.23853
3927.84922581912  67.18157
3928.46731555463  73.82054
3929.08540529014  79.79462
3929.70349502564  73.2026
3930.32158476115  48.83893
3930.93967449666  50.54367
3931.55776423217  61.28845
3932.17585396768  68.37126
3932.79394370318  51.19733
3933.41203343869  55.12407
3934.0301231742  62.00374
3934.64821290971  72.49766
3935.26630264522  79.34065
3935.88439238072  69.76976
3936.50248211623  73.97438
3937.12057185174  77.55799
3937.73866158725  83.771
3938.35675132276  86.93362
3938.97484105826  79.60126
3939.59293079377  62.41262
3940.21102052928  75.24587
3940.82911026479  97.26741
3941.4472000003  85.08609
3942.0652897358  73.05673
3942.68337947131  83.98257
3943.30146920682  106.9087
3943.91955894233  106.7551
3944.53764867783  88.76371
3945.15573841334  73.88431
3945.77382814885  88.01989
3946.39191788436  94.10859
3947.01000761987  96.69714
3947.62809735537  106.2934
3948.24618709088  105.948
3948.86427682639  105.6027
3949.4823665619  105.2573
3950.10045629741  104.9119
3950.71854603291  104.5665
3951.33663576842  104.2211
3951.95472550393  103.8757
3952.57281523944  96.58909
3953.19090497495  100.6669
3953.80899471045  97.08512
3954.42708444596  109.0647
3955.04517418147  109.578
3955.66326391698  101.7489
3956.28135365249  109.7814
3956.89944338799  101.4061
3957.5175331235  117.6474
3958.13562285901  115.2929
3958.75371259452  128.3797
3959.37180233003  125.998
3959.98989206553  104.1559
3960.60798180104  113.0341
3961.22607153655  116.5169
3961.84416127206  107.5728
3962.46225100757  116.5727
3963.08034074307  121.7711
3963.69843047858  123.1945
3964.31652021409  103.6992
3964.9346099496  111.9408
3965.55269968511  102.9861
3966.17078942061  90.55411
3966.78887915612  83.76223
3967.40696889163  92.60638
3968.02505862714  101.7271
3968.64314836265  83.63445
3969.26123809815  90.51582
3969.87932783366  104.3718
3970.49741756917  128.5724
3971.11550730468  138.0293
3971.73359704019  119.0727
3972.35168677569  120.1304
3972.9697765112  98.1926
3973.58786624671  121.3979
3974.20595598222  139.6314
3974.82404571773  108.8237
3975.44213545323  111.0663
3976.06022518874  113.5914
3976.67831492425  129.6852
3977.29640465976  137.0777
3977.91449439527  132.3336
3978.53258413077  164.677
3979.15067386628  129.5831
3979.76876360179  128.4708
3980.3868533373  132.6884
3981.0049430728  102.9911
3981.62303280831  97.85577
3982.24112254382  137.0742
3982.85921227933  111.4096
3983.47730201484  116.7044
3984.09539175035  105.6803
3984.71348148585  95.7944
3985.33157122136  117.3451
3985.94966095687  130.947
3986.56775069238  108.3565
3987.18584042788  107.253
3987.80393016339  105.9772
3988.4220198989  89.58791
3989.04010963441  96.3731
3989.65819936992  98.55961
3990.27628910542  93.21044
3990.89437884093  88.67567
3991.51246857644  90.7929
3992.13055831195  83.69067
3992.74864804746  117.3649
3993.36673778296  56.33021
3993.98482751847  81.52655
3994.60291725398  88.6079
3995.22100698949  84.158
3995.839096725  80.99418
3996.4571864605  72.57433
3997.07527619601  76.32434
3997.69336593152  75.72786
3998.31145566703  96.07604
3998.92954540254  77.98051
3999.54763513804  79.13428
4000.16572487355  81.77815
4000.78381460906  78.02745
4001.40190434457  80.28101
4002.01999408008  72.44144
4002.63808381558  94.56326
4003.25617355109  88.25343
4003.8742632866  59.99765
4004.49235302211  78.95801
4005.11044275762  52.53128
4005.72853249312  60.66773
4006.34662222863  83.3558
4006.96471196414  88.86323
4007.58280169965  81.82997
4008.20089143515  72.33679
4008.81898117066  73.11535
4009.43707090617  86.31396
4010.05516064168  72.61446
4010.67325037719  75.54782
4011.2913401127  91.12681
4011.9094298482  88.56561
4012.52751958371  88.18513
4013.14560931922  74.60188
4013.76369905473  77.47396
4014.38178879024  87.99873
4014.99987852574  76.38583
4015.61796826125  90.43977
4016.23605799676  93.891
4016.85414773227  72.86219
4017.47223746778  80.1168
4018.09032720328  87.5689
4018.70841693879  91.26624
4019.3265066743  65.70948
4019.94459640981  66.71212
4020.56268614532  90.71407
4021.18077588082  75.40665
4021.79886561633  64.11736
4022.41695535184  82.28994
4023.03504508735  63.57772
4023.65313482285  56.56664
4024.27122455836  78.97032
4024.88931429387  71.87617
4025.50740402938  74.05213
4026.12549376489  68.65413
4026.74358350039  103.5738
4027.3616732359  91.06181
4027.97976297141  71.57455
4028.59785270692  83.80494
4029.21594244243  74.76987
4029.83403217793  85.70838
4030.45212191344  66.37904
4031.07021164895  71.05094
4031.68830138446  83.19706
4032.30639111997  73.66401
4032.92448085547  72.07199
4033.54257059098  78.7049
4034.16066032649  94.95308
4034.778750062  78.14109
4035.39683979751  78.34365
4036.01492953301  93.95406
4036.63301926852  83.15437
4037.25110900403  66.17225
4037.86919873954  76.052
4038.48728847505  94.23982
4039.10537821055  102.1265
4039.72346794606  95.05533
4040.34155768157  81.7448
4040.95964741708  91.67657
4041.57773715258  95.79252
4042.19582688809  101.9036
4042.8139166236  109.393
4043.43200635911  101.2312
4044.05009609462  95.42365
4044.66818583013  88.27597
4045.28627556563  75.56399
4045.90436530114  88.94233
4046.52245503665  78.94213
4047.14054477216  114.2392
4047.75863450766  58.53697
4048.37672424317  79.89879
4048.99481397868  88.69717
4049.61290371419  87.44338
4050.2309934497  91.87855
4050.84908318521  69.65922
4051.46717292071  88.27219
4052.08526265622  85.13237
4052.70335239173  67.16217
4053.32144212724  74.39395
4053.93953186275  98.47811
4054.55762159825  108.0357
4055.17571133376  100.5392
4055.79380106927  85.34571
4056.41189080478  87.21394
4057.02998054028  71.6021
4057.64807027579  95.06792
4058.2661600113  100.6013
4058.88424974681  104.4961
4059.50233948232  104.7665
4060.12042921782  73.99406
4060.73851895333  92.87598
4061.35660868884  93.67626
4061.97469842435  77.67341
4062.59278815986  97.51147
4063.21087789537  106.2534
4063.82896763087  86.20185
4064.44705736638  79.14116
4065.06514710189  80.93018
4065.6832368374  80.54852
4066.30132657291  88.65528
4066.91941630841  110.9086
4067.53750604392  100.2219
4068.15559577943  76.55391
4068.77368551494  90.40309
4069.39177525045  92.5377
4070.00986498595  97.11086
4070.62795472146  101.8928
4071.24604445697  102.2224
4071.86413419248  101.2342
4072.48222392798  107.7132
4073.10031366349  107.6442
4073.718403399  83.5049
4074.33649313451  87.03673
4074.95458287002  74.6882
4075.57267260552  114.4874
4076.19076234103  108.3957
4076.80885207654  97.55769
4077.42694181205  106.6574
4078.04503154756  105.0328
4078.66312128306  97.71711
4079.28121101857  103.4164
4079.89930075408  122.5984
4080.51739048959  131.5233
4081.1354802251  138.686
4081.7535699606  122.9482
4082.37165969611  138.926
4082.98974943162  136.576
4083.60783916713  146.7865
4084.22592890264  156.4006
4084.84401863814  142.4286
4085.46210837365  143.3003
4086.08019810916  137.8625
4086.69828784467  160.3398
4087.31637758018  169.4064
4087.93446731568  171.9429
4088.55255705119  177.2153
4089.1706467867  158.9065
4089.78873652221  138.5896
4090.40682625772  141.26
4091.02491599322  173.5356
4091.64300572873  156.3594
4092.26109546424  164.6725
4092.87918519975  184.8235
4093.49727493525  173.177
4094.11536467076  173.2311
4094.73345440627  194.2046
4095.35154414178  155.3909
4095.96963387729  130.9468
4096.58772361279  140.2604
4097.2058133483  133.8732
4097.82390308381  134.5206
4098.44199281932  114.0798
4099.06008255483  119.8371
4099.67817229033  125.0722
4100.29626202584  140.0471
4100.91435176135  97.96748
4101.53244149686  148.4065
4102.15053123237  141.803
4102.76862096787  141.1516
4103.38671070338  166.015
4104.00480043889  158.4322
4104.6228901744  151.6733
4105.24097990991  153.0266
4105.85906964541  173.0266
4106.47715938092  189.9883
4107.09524911643  169.3054
4107.71333885194  164.0133
4108.33142858745  161.6926
4108.94951832295  164.8925
4109.56760805846  178.7602
4110.18569779397  173.3011
4110.80378752948  175.1652
4111.42187726499  210.8035
4112.03996700049  185.966
4112.658056736  190.5893
4113.27614647151  143.9302
4113.89423620702  191.8309
4114.51232594253  185.8042
4115.13041567803  154.7582
4115.74850541354  150.287
4116.36659514905  150.578
4116.98468488456  138.6553
4117.60277462007  161.9107
4118.22086435557  136.0962
4118.83895409108  136.4841
4119.45704382659  166.8771
4120.0751335621  136.8229
4120.69322329761  141.0219
4121.31131303311  139.6921
4121.92940276862  114.1238
4122.54749250413  120.1675
4123.16558223964  115.9079
4123.78367197515  117.7216
4124.40176171065  143.5779
4125.01985144616  157.8683
4125.63794118167  119.1886
4126.25603091718  127.1444
4126.87412065268  100.7418
4127.49221038819  101.6488
4128.1103001237  117.0923
4128.72838985921  105.5035
4129.34647959472  107.053
4129.96456933023  111.4922
4130.58265906573  112.2854
4131.20074880124  103.3446
4131.81883853675  104.6797
4132.43692827226  99.96241
4133.05501800777  75.12863
4133.67310774327  94.96338
4134.29119747878  99.37811
4134.90928721429  82.45354
4135.5273769498  95.22172
4136.1454666853  80.03704
4136.76355642081  84.57873
4137.38164615632  94.88637
4137.99973589183  93.21985
4138.61782562734  94.24268
4139.23591536284  119.7142
4139.85400509835  77.29264
4140.47209483386  85.51846
4141.09018456937  73.60633
4141.70827430488  74.17445
4142.32636404038  75.29565
4142.94445377589  92.0742
4143.5625435114  79.24626
4144.18063324691  89.79311
4144.79872298242  96.36096
4145.41681271792  88.89159
4146.03490245343  80.26532
4146.65299218894  102.6967
4147.27108192445  93.30396
4147.88917165996  84.34464
4148.50726139546  81.55932
4149.12535113097  75.68654
4149.74344086648  92.77197
4150.36153060199  84.15692
4150.9796203375  70.26898
4151.597710073  82.08859
4152.21579980851  98.00844
4152.83388954402  108.7845
4153.45197927953  83.39566
4154.07006901504  114.3863
4154.68815875054  83.29437
4155.30624848605  65.06178
4155.92433822156  89.77988
4156.54242795707  95.09428
4157.16051769258  70.09459
4157.77860742808  71.74886
4158.39669716359  84.03508
4159.0147868991  71.59937
4159.63287663461  78.23729
4160.25096637011  89.62218
4160.86905610562  80.31117
4161.48714584113  105.5167
4162.10523557664  88.34761
4162.72332531215  77.70845
4163.34141504766  103.0293
4163.95950478316  72.53497
4164.57759451867  82.01491
4165.19568425418  80.74477
4165.81377398969  85.59218
4166.43186372519  94.17955
4167.0499534607  102.3383
4167.66804319621  83.96128
4168.28613293172  93.48648
4168.90422266723  89.92774
4169.52231240273  99.69124
4170.14040213824  95.32419
4170.75849187375  73.25977
4171.37658160926  66.05627
4171.99467134477  77.85072
4172.61276108027  82.83162
4173.23085081578  88.13912
4173.84894055129  76.8228
4174.4670302868  79.15151
4175.08512002231  72.23188
4175.70320975781  92.05283
4176.32129949332  105.7382
4176.93938922883  94.46989
4177.55747896434  75.12616
4178.17556869985  72.33817
4178.79365843535  75.00894
4179.41174817086  63.33857
4180.02983790637  70.05726
4180.64792764188  86.29459
4181.26601737739  84.53503
4181.88410711289  76.84641
4182.5021968484  91.15846
4183.12028658391  102.6167
4183.73837631942  99.17356
4184.35646605493  71.42223
4184.97455579043  88.66857
4185.59264552594  97.2583
4186.21073526145  109.7405
4186.82882499696  80.42006
4187.44691473247  69.17214
4188.06500446797  91.68739
4188.68309420348  81.45854
4189.30118393899  83.31513
4189.9192736745  90.92866
4190.53736341001  76.95242
4191.15545314551  89.50717
4191.77354288102  81.06388
4192.39163261653  82.27922
4193.00972235204  103.1005
4193.62781208754  61.76529
4194.24590182305  77.41898
4194.86399155856  94.5154
4195.48208129407  92.14348
4196.10017102958  112.1677
4196.71826076509  88.2368
4197.33635050059  50.89758
4197.9544402361  87.99628
4198.57252997161  91.89733
4199.19061970712  53.491
4199.80870944262  65.00082
4200.42679917813  87.96635
4201.04488891364  75.63608
4201.66297864915  81.52231
4202.28106838466  79.42729
4202.89915812016  93.79179
4203.51724785567  95.0701
4204.13533759118  81.91885
4204.75342732669  73.6935
4205.3715170622  78.70023
4205.9896067977  82.96992
4206.60769653321  88.20689
4207.22578626872  93.82842
4207.84387600423  93.12068
4208.46196573974  101.6723
4209.08005547524  57.25594
4209.69814521075  72.56703
4210.31623494626  73.04772
4210.93432468177  85.00629
4211.55241441728  88.06505
4212.17050415278  70.79154
4212.78859388829  103.7445
4213.4066836238  90.25543
4214.02477335931  63.43426
4214.64286309482  70.96238
4215.26095283032  84.46314
4215.87904256583  102.5229
4216.49713230134  115.8849
4217.11522203685  100.6189
4217.73331177235  90.57156
4218.35140150786  82.30615
4218.96949124337  66.389
4219.58758097888  66.25045
4220.20567071439  78.18546
4220.8237604499  53.24529
4221.4418501854  76.32723
4222.05993992091  86.23255
4222.67802965642  76.60857
4223.29611939193  82.898
4223.91420912744  94.68945
4224.53229886294  94.19099
4225.15038859845  75.95385
4225.76847833396  74.54414
4226.38656806947  59.72597
4227.00465780498  95.31123
4227.62274754048  81.23491
4228.24083727599  57.83023
4228.8589270115  71.19446
4229.47701674701  62.67495
4230.09510648252  74.92485
4230.71319621802  89.10789
4231.33128595353  90.09601
4231.94937568904  93.94431
4232.56746542455  77.44765
4233.18555516006  71.67281
4233.80364489556  76.65106
4234.42173463107  84.05677
4235.03982436658  62.36378
4235.65791410209  60.06059
4236.2760038376  77.77858
4236.8940935731  82.77173
4237.51218330861  70.93034
4238.13027304412  80.95484
4238.74836277963  77.53387
4239.36645251514  67.42932
4239.98454225064  80.28548
4240.60263198615  75.80047
4241.22072172166  78.64461
4241.83881145717  88.11467
4242.45690119268  77.05654
4243.07499092818  63.1259
4243.69308066369  70.13355
4244.3111703992  71.29599
4244.92926013471  64.00439
4245.54734987021  64.30617
4246.16543960572  92.07254
4246.78352934123  84.16184
4247.40161907674  73.81915
4248.01970881225  65.30755
4248.63779854775  88.67697
4249.25588828326  82.43775
4249.87397801877  56.16275
4250.49206775428  66.97512
4251.11015748979  67.85712
4251.72824722529  68.09296
4252.3463369608  67.46367
4252.96442669631  74.08434
4253.58251643182  67.05026
4254.20060616733  78.11594
4254.81869590283  74.13744
4255.43678563834  54.41041
4256.05487537385  74.37982
4256.67296510936  80.85059
4257.29105484487  65.54517
4257.90914458037  65.34895
4258.52723431588  91.25418
4259.14532405139  72.16069
4259.7634137869  67.4578
4260.38150352241  60.16043
4260.99959325791  80.14212
4261.61768299342  74.83092
4262.23577272893  65.3339
4262.85386246444  58.75396
4263.47195219995  53.45024
4264.09004193545  81.3551
4264.70813167096  69.3746
4265.32622140647  61.44703
4265.94431114198  76.52344
4266.56240087749  61.23929
4267.18049061299  49.01382
4267.7985803485  69.68628
4268.41667008401  76.9985
4269.03475981952  73.63243
4269.65284955502  56.65733
4270.27093929053  75.18975
4270.88902902604  82.17126
4271.50711876155  75.92429
4272.12520849706  61.9926
4272.74329823257  55.45421
4273.36138796807  82.34546
4273.97947770358  54.66238
4274.59756743909  68.36137
4275.2156571746  65.22878
4275.83374691011  64.17325
4276.45183664561  81.42899
4277.06992638112  67.15322
4277.68801611663  89.23441
4278.30610585214  82.49296
4278.92419558764  86.00787
4279.54228532315  78.03589
4280.16037505866  63.97944
4280.77846479417  81.03757
4281.39655452968  74.12572
4282.01464426518  61.00237
4282.63273400069  85.72488
4283.2508237362  72.26635
4283.86891347171  78.28936
4284.48700320722  91.1872
4285.10509294272  81.63734
4285.72318267823  86.74961
4286.34127241374  82.33868
4286.95936214925  84.85414
4287.57745188476  68.24745
4288.19554162026  93.45459
4288.81363135577  92.1704
4289.43172109128  73.00492
4290.04981082679  76.04498
4290.6679005623  85.29415
4291.2859902978  96.72424
4291.90408003331  97.53385
4292.52216976882  98.72304
4293.14025950433  75.29365
4293.75834923984  107.7106
4294.37643897534  75.19539
4294.99452871085  93.59778
4295.61261844636  90.1475
4296.23070818187  83.97449
4296.84879791737  82.09748
4297.46688765288  75.72412
4298.08497738839  91.89641
4298.7030671239  94.35841
4299.32115685941  94.88513
4299.93924659492  85.25864
4300.55733633042  73.35229
4301.17542606593  89.77155
4301.79351580144  89.2399
4302.41160553695  93.06416
4303.02969527246  96.02776
4303.64778500796  85.28419
4304.26587474347  78.37724
4304.88396447898  99.81672
4305.50205421449  78.35642
4306.12014395  79.668
4306.7382336855  108.0855
4307.35632342101  86.29939
4307.97441315652  86.94798
4308.59250289203  116.2503
4309.21059262754  110.3288
4309.82868236304  115.8108
4310.44677209855  108.9378
4311.06486183406  115.0102
4311.68295156957  132.7931
4312.30104130507  118.5363
4312.91913104058  109.8291
4313.53722077609  121.5181
4314.1553105116  135.1889
4314.77340024711  104.1873
4315.39148998261  117.4771
4316.00957971812  134.3516
4316.62766945363  118.7865
4317.24575918914  142.3783
4317.86384892465  140.8257
4318.48193866015  127.3549
4319.10002839566  149.2101
4319.71811813117  148.2783
4320.33620786668  170.1587
4320.95429760219  172.4571
4321.57238733769  129.1447
4322.1904770732  179.9373
4322.80856680871  170.4999
4323.42665654422  148.1263
4324.04474627973  170.4634
4324.66283601523  180.8359
4325.28092575074  178.854
4325.89901548625  186.0946
4326.51710522176  156.9379
4327.13519495727  213.0915
4327.75328469277  195.2668
4328.37137442828  178.005
4328.98946416379  232.5117
4329.6075538993  200.8534
4330.22564363481  198.098
4330.84373337031  168.5036
4331.46182310582  199.2075
4332.07991284133  198.8242
4332.69800257684  200.5757
4333.31609231235  169.0211
4333.93418204785  158.6137
4334.55227178336  162.3244
4335.17036151887  175.542
4335.78845125438  178.838
4336.40654098989  146.6341
4337.02463072539  131.9136
4337.6427204609  128.1888
4338.26081019641  134.8839
4338.87889993192  137.7246
4339.49698966743  138.9001
4340.11507940293  147.0098
4340.73316913844  156.5083
4341.35125887395  176.914
4341.96934860946  177.7121
4342.58743834497  172.2408
4343.20552808047  187.0318
4343.82361781598  198.5479
4344.44170755149  200.0116
4345.059797287  182.7358
4345.67788702251  206.0335
4346.29597675801  181.4634
4346.91406649352  182.7641
4347.53215622903  233.0299
4348.15024596454  198.5867
4348.76833570004  171.5862
4349.38642543555  225.981
4350.00451517106  232.4813
4350.62260490657  229.0762
4351.24069464208  211.805
4351.85878437759  196.9233
4352.47687411309  191.1062
4353.0949638486  201.395
4353.71305358411  213.5281
4354.33114331962  185.5706
4354.94923305513  166.1628
4355.56732279063  168.9046
4356.18541252614  180.6008
4356.80350226165  189.6722
4357.42159199716  177.9097
4358.03968173267  145.9832
4358.65777146817  138.8707
4359.27586120368  182.824
4359.89395093919  160.7086
4360.5120406747  153.0622
4361.1301304102  166.2746
4361.74822014571  150.4001
4362.36630988122  140.5001
4362.98439961673  138.1032
4363.60248935224  134.1814
4364.22057908774  130.8648
4364.83866882325  121.6102
4365.45675855876  132.6822
4366.07484829427  146.9129
4366.69293802978  115.1297
4367.31102776528  129.3676
4367.92911750079  116.653
4368.5472072363  130.0445
4369.16529697181  121.2741
4369.78338670732  136.1478
4370.40147644282  132.1062
4371.01956617833  115.8888
4371.63765591384  112.7299
4372.25574564935  109.6532
4372.87383538486  146.9476
4373.49192512036  134.7978
4374.11001485587  105.3632
4374.72810459138  119.0852
4375.34619432689  109.2898
4375.9642840624  110.5412
4376.5823737979  110.3825
4377.20046353341  85.58836
4377.81855326892  88.83195
4378.43664300443  97.93323
4379.05473273994  99.49875
4379.67282247544  101.0666
4380.29091221095  106.0401
4380.90900194646  101.4947
4381.52709168197  104.2918
4382.14518141747  97.21256
4382.76327115298  96.56366
4383.38136088849  82.39104
4383.999450624  80.19387
4384.61754035951  87.32973
4385.23563009502  93.74989
4385.85371983052  100.4381
4386.47180956603  72.50836
4387.08989930154  103.6499
4387.70798903705  97.03716
4388.32607877255  73.78965
4388.94416850806  96.38754
4389.56225824357  111.1824
4390.18034797908  79.7793
4390.79843771459  93.73183
4391.4165274501  84.04953
4392.0346171856  94.7754
4392.65270692111  109.0555
4393.27079665662  114.3368
4393.88888639213  96.57985
4394.50697612763  86.49179
4395.12506586314  93.38284
4395.74315559865  74.6898
4396.36124533416  89.8849
4396.97933506967  109.3207
4397.59742480517  87.56311
4398.21551454068  92.10475
4398.83360427619  96.88106
4399.4516940117  95.22952
4400.06978374721  102.3065
4400.68787348271  91.08369
4401.30596321822  96.54347
4401.92405295373  98.17455
4402.54214268924  91.56193
4403.16023242475  78.49023
4403.77832216025  85.39349
4404.39641189576  111.992
4405.01450163127  106.9243
4405.63259136678  74.81526
4406.25068110229  95.99448
4406.86877083779  108.5687
4407.4868605733  87.44012
4408.10495030881  87.52209
4408.72304004432  95.6857
4409.34112977983  97.50041
4409.95921951533  94.6925
4410.57730925084  90.00334
4411.19539898635  85.74139
4411.81348872186  108.4688
4412.43157845737  106.3969
4413.04966819287  111.4394
4413.66775792838  80.1172
4414.28584766389  85.03669
4414.9039373994  74.78162
4415.5220271349  85.11156
4416.14011687041  105.2079
4416.75820660592  88.23067
4417.37629634143  77.0904
4417.99438607694  100.6998
4418.61247581245  81.56554
4419.23056554795  88.20699
4419.84865528346  106.5878
4420.46674501897  82.40359
4421.08483475448  86.91364
4421.70292448999  98.77834
4422.32101422549  85.79714
4422.939103961  81.37022
4423.55719369651  75.27038
4424.17528343202  90.08562
4424.79337316752  78.74469
4425.41146290303  91.89833
4426.02955263854  79.89189
4426.64764237405  90.24403
4427.26573210956  90.47469
4427.88382184506  76.58712
4428.50191158057  78.0708
4429.12000131608  99.17314
4429.73809105159  89.77969
4430.3561807871  82.29569
4430.9742705226  92.69683
4431.59236025811  100.944
4432.21044999362  96.65793
4432.82853972913  73.35847
4433.44662946464  86.25868
4434.06471920014  69.87078
4434.68280893565  97.23512
4435.30089867116  75.56343
4435.91898840667  94.93584
4436.53707814218  100.2234
4437.15516787768  94.28823
4437.77325761319  73.69952
4438.3913473487  81.80503
4439.00943708421  99.90099
4439.62752681972  110.1883
4440.24561655522  115.1119
4440.86370629073  108.1231
4441.48179602624  104.819
4442.09988576175  84.85708
4442.71797549726  92.43494
4443.33606523276  99.95711
4443.95415496827  90.89857
4444.57224470378  96.81999
4445.19033443929  100.4969
4445.8084241748  104.1739
4446.4265139103  114.1854
4447.04460364581  110.8166
4447.66269338132  91.93129
4448.28078311683  98.75918
4448.89887285233  125.7226
4449.51696258784  108.1194
4450.13505232335  105.6489
4450.75314205886  125.9212
4451.37123179437  122.7954
4451.98932152988  117.111
4452.60741126538  131.2598
4453.22550100089  126.4269
4453.8435907364  131.2831
4454.46168047191  104.7407
4455.07977020741  112.9185
4455.69785994292  118.1124
4456.31594967843  120.7344
4456.93403941394  129.8247
4457.55212914945  136.8533
4458.17021888495  131.314
4458.78830862046  127.4985
4459.40639835597  119.5392
4460.02448809148  119.4775
4460.64257782699  141.7533
4461.26066756249  126.7378
4461.878757298  129.4896
4462.49684703351  124.0095
4463.11493676902  101.104
4463.73302650453  127.146
4464.35111624003  98.25732
4464.96920597554  129.3708
4465.58729571105  130.4204
4466.20538544656  112.5355
4466.82347518207  83.96612
4467.44156491757  91.47843
4468.05965465308  95.82958
4468.67774438859  67.39906
4469.2958341241  81.64657
4469.91392385961  75.06358
4470.53201359511  100.4646
4471.15010333062  122.6379
4471.76819306613  130.7317
4472.38628280164  133.8707
4473.00437253715  111.1962
4473.62246227265  108.9471
4474.24055200816  105.0907
4474.85864174367  95.75865
4475.47673147918  105.2656
4476.09482121469  103.4006
4476.71291095019  101.6823
4477.3310006857  98.71201
4477.94909042121  98.81442
4478.56718015672  119.351
4479.18526989223  121.3492
4479.80335962773  136.0239
4480.42144936324  149.6106
4481.03953909875  127.0386
4481.65762883426  124.0637
4482.27571856976  110.6519
4482.89380830527  125.7759
4483.51189804078  123.5441
4484.12998777629  140.7644
4484.7480775118  118.1923
4485.36616724731  139.114
4485.98425698281  102.457
4486.60234671832  129.4461
4487.22043645383  124.2616
4487.83852618934  120.3692
4488.45661592485  113.6432
4489.07470566035  129.0663
4489.69279539586  131.2608
4490.31088513137  134.4697
4490.92897486688  110.651
4491.54706460238  93.67451
4492.16515433789  105.0264
4492.7832440734  128.0644
4493.40133380891  136.8309
4494.01942354442  107.8699
4494.63751327992  126.0398
4495.25560301543  142.3895
4495.87369275094  104.7492
4496.49178248645  122.3696
4497.10987222196  100.587
4497.72796195746  121.5338
4498.34605169297  125.5737
4498.96414142848  98.86916
4499.58223116399  69.77204
4500.2003208995  115.524
4500.818410635  115.2115
4501.43650037051  117.4854
4502.05459010602  103.0505
4502.67267984153  131.3138
4503.29076957704  114.537
4503.90885931254  100.8946
4504.52694904805  71.39326
4505.14503878356  94.54491
4505.76312851907  115.6489
4506.38121825458  105.1646
4506.99930799008  91.94193
4507.61739772559  105.7221
4508.2354874611  103.1905
4508.85357719661  81.82616
4509.47166693212  97.58585
4510.08975666762  101.9023
4510.70784640313  96.65121
4511.32593613864  92.87094
4511.94402587415  119.0136
4512.56211560966  108.5406
4513.18020534516  96.67056
4513.79829508067  104.9458
4514.41638481618  100.7252
4515.03447455169  125.2998
4515.6525642872  101.5837
4516.2706540227  101.8061
4516.88874375821  104.595
4517.50683349372  97.6856
4518.12492322923  107.0029
4518.74301296474  95.86298
4519.36110270024  107.7036
4519.97919243575  104.0721
4520.59728217126  75.85378
4521.21537190677  108.1625
4521.83346164228  94.10776
4522.45155137778  79.43509
4523.06964111329  133.949
4523.6877308488  88.51682
4524.30582058431  75.00578
4524.92391031982  141.8694
4525.54200005532  101.5805
4526.16008979083  88.52767
4526.77817952634  103.4963
4527.39626926185  93.8596
4528.01435899736  108.2943
4528.63244873286  114.1378
4529.25053846837  107.9826
4529.86862820388  117.4829
4530.48671793939  77.43349
4531.1048076749  117.9819
4531.7228974104  108.3895
4532.34098714591  108.3684
4532.95907688142  117.0029
4533.57716661693  98.25743
4534.19525635243  114.5845
4534.81334608794  95.03427
4535.43143582345  108.1103
4536.04952555896  108.0434
4536.66761529447  110.8059
4537.28570502997  120.5407
4537.90379476548  127.4036
4538.52188450099  119.5658
4539.1399742365  127.6297
4539.75806397201  95.98666
4540.37615370751  120.2278
4540.99424344302  100.6869
4541.61233317853  123.4475
4542.23042291404  138.3792
4542.84851264955  102.6604
4543.46660238505  122.9305
4544.08469212056  116.9497
4544.70278185607  115.7771
4545.32087159158  114.6045
4545.93896132709  113.4319
4546.55705106259  113.3606
4547.1751407981  91.75777
4547.79323053361  109.3462
4548.41132026912  107.2725
4549.02941000463  98.37785
4549.64749974013  88.65107
4550.26558947564  95.42919
4550.88367921115  106.4612
4551.50176894666  105.0967
4552.11985868217  98.59759
4552.73794841767  102.6563
4553.35603815318  85.52569
4553.97412788869  104.5238
4554.5922176242  144.6065
4555.21030735971  127.2335
4555.82839709521  100.6567
4556.44648683072  99.40276
4557.06457656623  112.7446
4557.68266630174  104.8919
4558.30075603724  118.6547
4558.91884577275  115.1205
4559.53693550826  89.6137
4560.15502524377  120.7088
4560.77311497928  113.83
4561.39120471479  105.013
4562.00929445029  126.7553
4562.6273841858  120.5518
4563.24547392131  117.0095
4563.86356365682  113.4672
4564.48165339233  109.9249
4565.09974312783  106.3827
4565.71783286334  102.8404
4566.33592259885  99.29808
4566.95401233436  119.0084
4567.57210206986  120.4613
4568.19019180537  120.2858
4568.80828154088  120.8633
4569.42637127639  99.8401
4570.0444610119  91.47121
4570.6625507474  110.3531
4571.28064048291  132.3907
4571.89873021842  110.6912
4572.51681995393  96.05216
4573.13490968944  124.7254
4573.75299942494  92.41576
4574.37108916045  113.4522
4574.98917889596  125.9933
4575.60726863147  104.7757
4576.22535836698  126.5513
4576.84344810248  121.7856
4577.46153783799  93.29325
4578.0796275735  97.19609
4578.69771730901  134.0153
4579.31580704452  112.6759
4579.93389678002  99.64977
4580.55198651553  98.66532
4581.17007625104  102.1468
4581.78816598655  109.1116
4582.40625572206  103.3075
4583.02434545756  127.2249
4583.64243519307  129.1908
4584.26052492858  111.4809
4584.87861466409  100.6715
4585.49670439959  108.3381
4586.1147941351  113.8016
4586.73288387061  121.2394
4587.35097360612  94.35164
4587.96906334163  109.5913
4588.58715307714  101.1263
4589.20524281264  122.7226
4589.82333254815  114.9211
4590.44142228366  115.8681
4591.05951201917  101.7027
4591.67760175468  103.2343
4592.29569149018  87.00907
4592.91378122569  92.52817
4593.5318709612  134.5336
4594.14996069671  139.5242
4594.76805043222  125.1396
4595.38614016772  112.8917
4596.00422990323  97.95103
4596.62231963874  111.3247
4597.24040937425  112.1946
4597.85849910976  84.49575
4598.47658884526  95.95381
4599.09467858077  117.3801
4599.71276831628  81.2128
4600.33085805179  106.5517
4600.94894778729  121.7801
4601.5670375228  110.2363
4602.18512725831  87.3191
4602.80321699382  96.92403
4603.42130672933  98.8776
4604.03939646483  82.81955
4604.65748620034  118.4604
4605.27557593585  96.27192
4605.89366567136  97.51917
4606.51175540687  113.4116
4607.12984514237  88.23263
4607.74793487788  107.832
4608.36602461339  93.01939
4608.9841143489  96.97475
4609.60220408441  98.82175
4610.22029381991  99.95532
4610.83838355542  79.02677
4611.45647329093  106.9243
4612.07456302644  102.2842
4612.69265276195  105.9165
4613.31074249745  104.7319
4613.92883223296  94.00597
4614.54692196847  128.9007
4615.16501170398  97.4604
4615.78310143949  99.66082
4616.40119117499  99.01043
4617.0192809105  92.68098
4617.63737064601  106.8565
4618.25546038152  107.8269
4618.87355011702  88.83463
4619.49163985253  78.10048
4620.10972958804  102.487
4620.72781932355  96.23696
4621.34590905906  123.7379
4621.96399879457  113.3221
4622.58208853007  111.3054
4623.20017826558  124.3906
4623.81826800109  101.6382
4624.4363577366  105.6978
4625.0544474721  103.2822
4625.67253720761  114.0475
4626.29062694312  74.75058
4626.90871667863  101.3526
4627.52680641414  98.81647
4628.14489614965  84.88729
4628.76298588515  103.5704
4629.38107562066  97.33594
4629.99916535617  94.50768
4630.61725509168  112.9705
4631.23534482719  95.67554
4631.85343456269  91.42765
4632.4715242982  119.14
4633.08961403371  101.318
4633.70770376922  111.4649
4634.32579350472  91.73409
4634.94388324023  111.198
4635.56197297574  95.85669
4636.18006271125  120.3141
4636.79815244676  104.3051
4637.41624218226  99.06517
4638.03433191777  100.7891
4638.65242165328  120.3881
4639.27051138879  90.73835
4639.8886011243  103.6074
4640.5066908598  96.67766
4641.12478059531  101.1014
4641.74287033082  116.0254
4642.36096006633  104.8586
4642.97904980184  106.1383
4643.59713953734  103.0734
4644.21522927285  104.2997
4644.83331900836  100.3019
4645.45140874387  115.8035
4646.06949847938  114.9643
4646.68758821488  121.6209
4647.30567795039  94.11485
4647.9237676859  98.28755
4648.54185742141  113.224
4649.15994715692  95.7882
4649.77803689242  108.0258
4650.39612662793  100.0803
4651.01421636344  108.3524
4651.63230609895  88.60082
4652.25039583445  102.7466
4652.86848556996  102.9258
4653.48657530547  124.1919
4654.10466504098  93.32451
4654.72275477649  93.19462
4655.340844512  129.2753
4655.9589342475  101.0415
4656.57702398301  97.03203
4657.19511371852  121.9008
4657.81320345403  93.19095
4658.43129318954  115.4716
4659.04938292504  120.6164
4659.66747266055  88.43308
4660.28556239606  127.109
4660.90365213157  100.4001
4661.52174186708  117.5814
4662.13983160258  108.802
4662.75792133809  113.2569
4663.3760110736  119.6787
4663.99410080911  132.8472
4664.61219054462  106.2297
4665.23028028012  121.8541
4665.84837001563  99.07631
4666.46645975114  111.5724
4667.08454948665  123.4793
4667.70263922215  107.9916
4668.32072895766  96.51093
4668.93881869317  111.2457
4669.55690842868  105.6067
4670.17499816419  120.0251
4670.79308789969  107.1134
4671.4111776352  107.8407
4672.02926737071  104.5896
4672.64735710622  120.5034
4673.26544684173  133.4959
4673.88353657723  117.5574
4674.50162631274  133.6852
4675.11971604825  112.8283
4675.73780578376  131.5634
4676.35589551927  149.3471
4676.97398525477  106.4763
4677.59207499028  115.5038
4678.21016472579  117.7393
4678.8282544613  112.6921
4679.44634419681  90.08428
4680.06443393231  105.2282
4680.68252366782  112.2867
4681.30061340333  137.5886
4681.91870313884  127.1788
4682.53679287435  112.4851
4683.15488260985  105.0255
4683.77297234536  127.0017
4684.39106208087  119.9043
4685.00915181638  120.8854
4685.62724155189  112.9286
4686.24533128739  101.0288
4686.8634210229  100.4046
4687.48151075841  106.538
4688.09960049392  118.1962
4688.71769022943  100.2853
4689.33577996493  119.4143
4689.95386970044  120.0603
4690.57195943595  113.1186
4691.19004917146  137.0275
4691.80813890697  125.4337
4692.42622864247  129.1805
4693.04431837798  147.2621
4693.66240811349  132.7101
4694.280497849  111.73
4694.89858758451  120.1276
4695.51667732001  139.2924
4696.13476705552  130.4176
4696.75285679103  104.2984
4697.37094652654  116.0847
4697.98903626205  137.7417
4698.60712599755  108.5266
4699.22521573306  120.9146
4699.84330546857  135.7099
4700.46139520408  132.313
4701.07948493959  104.81
4701.69757467509  105.1962
4702.3156644106  112.1118
4702.93375414611  109.857
4703.55184388162  113.119
4704.16993361712  114.8334
4704.78802335263  127.3415
4705.40611308814  104.785
4706.02420282365  138.9747
4706.64229255916  101.7738
4707.26038229467  127.5996
4707.87847203017  123.6289
4708.49656176568  130.1994
4709.11465150119  87.15105
4709.7327412367  118.3151
4710.35083097221  123.9111
4710.96892070771  122.175
4711.58701044322  117.7743
4712.20510017873  119.2826
4712.82318991424  115.114
4713.44127964975  124.4932
4714.05936938525  104.8675
4714.67745912076  120.8358
4715.29554885627  124.7915
4715.91363859178  114.7105
4716.53172832728  134.4907
4717.14981806279  126.6781
4717.7679077983  125.0549
4718.38599753381  133.4143
4719.00408726932  105.6163
4719.62217700482  109.6283
4720.24026674033  106.1999
4720.85835647584  109.6545
4721.47644621135  112.5839
4722.09453594686  105.3798
4722.71262568236  93.33318
4723.33071541787  137.0679
4723.94880515338  115.469
4724.56689488889  94.15975
4725.1849846244  118.7927
4725.8030743599  133.7649
4726.42116409541  69.67507
4727.03925383092  116.4449
4727.65734356643  131.6107
4728.27543330194  104.908
4728.89352303744  123.0996
4729.51161277295  126.3265
4730.12970250846  117.4345
4730.74779224397  119.1101
4731.36588197948  108.2345
4731.98397171498  110.9923
4732.60206145049  119.3976
4733.220151186  124.976
4733.83824092151  127.484
4734.45633065702  117.1307
4735.07442039252  98.69037
4735.69251012803  102.8528
4736.31059986354  125.1124
4736.92868959905  114.2524
4737.54677933455  121.3841
4738.16486907006  123.5458
4738.78295880557  90.59621
4739.40104854108  113.3393
4740.01913827659  103.7059
4740.6372280121  107.8991
4741.2553177476  100.2587
4741.87340748311  114.11
4742.49149721862  93.55875
4743.10958695413  99.32802
4743.72767668963  124.4134
4744.34576642514  94.33675
4744.96385616065  86.6553
4745.58194589616  95.87553
4746.20003563167  82.85061
4746.81812536717  128.4989
4747.43621510268  108.7849
4748.05430483819  117.1042
4748.6723945737  92.5131
4749.29048430921  107.2276
4749.90857404471  111.512
4750.52666378022  93.75173
4751.14475351573  93.66238
4751.76284325124  87.64388
4752.38093298675  119.7905
4752.99902272225  80.76762
4753.61711245776  120.3884
4754.23520219327  89.17912
4754.85329192878  120.7544
4755.47138166429  95.10159
4756.08947139979  139.8722
4756.7075611353  101.9122
4757.32565087081  117.133
4757.94374060632  111.9515
4758.56183034183  113.6637
4759.17992007733  99.23868
4759.79800981284  113.2218
4760.41609954835  100.2528
4761.03418928386  112.3115
4761.65227901937  105.4786
4762.27036875487  108.7038
4762.88845849038  74.81846
4763.50654822589  99.53143
4764.1246379614  95.42957
4764.74272769691  98.38625
4765.36081743241  99.29215
4765.97890716792  116.4377
4766.59699690343  115.0728
4767.21508663894  98.87889
4767.83317637445  108.2681
4768.45126610995  92.08259
4769.06935584546  92.17457
4769.68744558097  97.94044
4770.30553531648  105.4022
4770.92362505198  85.54342
4771.54171478749  95.49825
4772.159804523  107.7787
4772.77789425851  100.536
4773.39598399402  107.1131
4774.01407372953  105.0713
4774.63216346503  96.2941
4775.25025320054  86.60219
4775.86834293605  118.9039
4776.48643267156  113.5048
4777.10452240707  109.8891
4777.72261214257  112.0202
4778.34070187808  104.4019
4778.95879161359  109.2314
4779.5768813491  92.5034
4780.1949710846  120.8795
4780.81306082011  126.6089
4781.43115055562  107.5341
4782.04924029113  103.3038
4782.66733002664  102.4674
4783.28541976214  113.4936
4783.90350949765  86.14674
4784.52159923316  118.5876
4785.13968896867  97.10297
4785.75777870418  83.6955
4786.37586843968  104.724
4786.99395817519  120.5529
4787.6120479107  98.12189
4788.23013764621  112.1618
4788.84822738172  116.4688
4789.46631711722  102.8959
4790.08440685273  108.7815
4790.70249658824  96.081
4791.32058632375  96.06837
4791.93867605926  112.2483
4792.55676579476  104.9077
4793.17485553027  102.5978
4793.79294526578  95.55562
4794.41103500129  98.338
4795.02912473679  88.21455
4795.6472144723  87.25673
4796.26530420781  98.96656
4796.88339394332  89.77754
4797.50148367883  82.52126
4798.11957341434  122.5122
4798.73766314984  106.1905
4799.35575288535  119.6275
4799.97384262086  100.9761
4800.59193235637  122.5103
4801.21002209188  117.6159
4801.82811182738  116.3915
4802.44620156289  115.1671
4803.0642912984  113.9426
4803.68238103391  112.7182
4804.30047076942  88.41954
4804.91856050492  121.697
4805.53665024043  90.32988
4806.15473997594  84.62996
4806.77282971145  108.3157
4807.39091944696  100.7651
4808.00900918246  119.9663
4808.62709891797  111.8785
4809.24518865348  107.1834
4809.86327838899  109.1144
4810.4813681245  98.01711
4811.09945786  109.6971
4811.71754759551  124.0824
4812.33563733102  116.7169
4812.95372706653  99.70947
4813.57181680204  103.8924
4814.18990653754  124.228
4814.80799627305  115.4832
4815.42608600856  118.8141
4816.04417574407  111.4099
4816.66226547958  114.8049
4817.28035521508  127.66
4817.89844495059  119.0354
4818.5165346861  98.96075
4819.13462442161  113.8278
4819.75271415712  118.8994
4820.37080389262  91.54983
4820.98889362813  117.7565
4821.60698336364  104.9543
4822.22507309915  126.3277
4822.84316283465  103.9051
4823.46125257016  113.6758
4824.07934230567  122.2379
4824.69743204118  108.064
4825.31552177669  116.4071
4825.9336115122  150.1674
4826.5517012477  147.3584
4827.16979098321  128.2449
4827.78788071872  105.6779
4828.40597045423  127.7258
4829.02406018973  132.006
4829.64214992524  114.6432
4830.26023966075  136.3027
4830.87832939626  120.2355
4831.49641913177  169.5124
4832.11450886727  157.426
4832.73259860278  141.0721
4833.35068833829  170.9964
4833.9687780738  159.8353
4834.58686780931  136.4318
4835.20495754481  150.598
4835.82304728032  196.7428
4836.44113701583  193.012
4837.05922675134  171.1365
4837.67731648685  213.6587
4838.29540622235  215.2365
4838.91349595786  204.0773
4839.53158569337  187.0237
4840.14967542888  171.6264
4840.76776516439  215.2316
4841.38585489989  206.9167
4842.0039446354  203.6561
4842.62203437091  178.2483
4843.24012410642  212.8649
4843.85821384193  247.2272
4844.47630357743  220.9284
4845.09439331294  238.4701
4845.71248304845  242.779
4846.33057278396  252.5819
4846.94866251946  257.6946
4847.56675225497  272.6238
4848.18484199048  244.9893
4848.80293172599  260.2994
4849.4210214615  273.2198
4850.03911119701  257.6256
4850.65720093251  221.9119
4851.27529066802  248.4235
4851.89338040353  238.4739
4852.51147013904  227.3046
4853.12955987455  279.2248
4853.74764961005  234.6785
4854.36573934556  224.7826
4854.98382908107  221.9036
4855.60191881658  230.6863
4856.22000855208  247.496
4856.83809828759  204.2092
4857.4561880231  201.9326
4858.07427775861  200.4588
4858.69236749412  184.73
4859.31045722962  195.0113
4859.92854696513  210.1454
4860.54663670064  199.5528
4861.16472643615  192.692
4861.78281617166  191.0166
4862.40090590716  229.4186
4863.01899564267  224.5919
4863.63708537818  234.5268
4864.25517511369  257.8239
4864.8732648492  255.7107
4865.4913545847  240.1101
4866.10944432021  234.8005
4866.72753405572  271.8583
4867.34562379123  259.3278
4867.96371352674  257.1609
4868.58180326224  289.0177
4869.19989299775  255.9229
4869.81798273326  289.9824
4870.43607246877  279.4619
4871.05416220428  258.3599
4871.67225193978  261.9273
4872.29034167529  280.4925
4872.9084314108  271.666
4873.52652114631  259.0581
4874.14461088182  253.2662
4874.76270061732  247.3468
4875.38079035283  262.2625
4875.99888008834  234.2174
4876.61696982385  219.6243
4877.23505955936  253.576
4877.85314929486  241.5753
4878.47123903037  230.409
4879.08932876588  213.6058
4879.70741850139  206.7927
4880.3255082369  222.7218
4880.9435979724  229.5511
4881.56168770791  218.2717
4882.17977744342  177.2985
4882.79786717893  159.2798
4883.41595691444  156.0795
4884.03404664994  177.0417
4884.65213638545  194.7864
4885.27022612096  186.1766
4885.88831585647  177.1089
4886.50640559198  146.355
4887.12449532748  185.7403
4887.74258506299  176.9947
4888.3606747985  150.1338
4888.97876453401  144.3545
4889.59685426951  157.1209
4890.21494400502  163.746
4890.83303374053  142.8452
4891.45112347604  149.1516
4892.06921321155  165.0747
4892.68730294705  141.656
4893.30539268256  147.2177
4893.92348241807  120.6733
4894.54157215358  135.1793
4895.15966188909  154.411
4895.77775162459  146.113
4896.3958413601  132.1142
4897.01393109561  129.5763
4897.63202083112  109.1978
4898.25011056663  137.3046
4898.86820030213  133.7867
4899.48629003764  125.4801
4900.10437977315  122.7365
4900.72246950866  133.0284
4901.34055924417  152.5079
4901.95864897967  133.5337
4902.57673871518  121.3436
4903.19482845069  130.1214
4903.8129181862  122.7683
4904.43100792171  134.1328
4905.04909765721  133.1474
4905.66718739272  133.0022
4906.28527712823  113.1065
4906.90336686374  137.671
4907.52145659925  127.7402
4908.13954633475  114.9551
4908.75763607026  148.7845
4909.37572580577  127.8841
4909.99381554128  142.7965
4910.61190527679  133.3816
4911.22999501229  134.8431
4911.8480847478  135.2185
4912.46617448331  131.4283
4913.08426421882  133.7175
4913.70235395433  135.6714
4914.32044368983  124.0963
4914.93853342534  128.837
4915.55662316085  90.51339
4916.17471289636  119.6198
4916.79280263187  115.4765
4917.41089236737  115.0752
4918.02898210288  119.6878
4918.64707183839  121.0045
4919.2651615739  97.18053
4919.88325130941  109.4447
4920.50134104491  116.3631
4921.11943078042  116.8871
4921.73752051593  132.4327
4922.35561025144  132.2669
4922.97369998695  122.7462
4923.59178972245  103.7366
4924.20987945796  112.9909
4924.82796919347  124.9387
4925.44605892898  130.6212
4926.06414866448  136.2164
4926.68223839999  129.4382
4927.3003281355  99.72702
4927.91841787101  120.1785
4928.53650760652  122.9525
4929.15459734203  105.0382
4929.77268707753  124.0065
4930.39077681304  135.5042
4931.00886654855  122.8716
4931.62695628406  131.4327
4932.24504601957  143.9176
4932.86313575507  101.2709
4933.48122549058  148.7324
4934.09931522609  141.0763
4934.7174049616  119.5891
4935.33549469711  104.1028
4935.95358443261  112.6804
4936.57167416812  116.8108
4937.18976390363  130.1612
4937.80785363914  109.7657
4938.42594337465  116.2318
4939.04403311015  116.2964
4939.66212284566  133.527
4940.28021258117  118.5323
4940.89830231668  112.2058
4941.51639205218  121.6728
4942.13448178769  122.2112
4942.7525715232  119.319
4943.37066125871  127.9246
4943.98875099422  90.27231
4944.60684072972  124.557
4945.22493046523  126.6877
4945.84302020074  119.8871
4946.46110993625  116.6608
4947.07919967176  122.8459
4947.69728940726  100.4999
4948.31537914277  125.9263
4948.93346887828  126.7213
4949.55155861379  106.2569
4950.1696483493  108.1653
4950.7877380848  107.9075
4951.40582782031  108.0101
4952.02391755582  101.7934
4952.64200729133  101.8895
4953.26009702684  118.1788
4953.87818676234  86.53968
4954.49627649785  115.8161
4955.11436623336  103.6634
4955.73245596887  101.9629
4956.35054570438  107.7256
4956.96863543988  105.6512
4957.58672517539  98.28383
4958.2048149109  120.66
4958.82290464641  108.5751
4959.44099438191  104.6398
4960.05908411742  121.8719
4960.67717385293  97.76585
4961.29526358844  106.936
4961.91335332395  107.6681
4962.53144305946  110.9846
4963.14953279496  85.49654
4963.76762253047  112.7806
4964.38571226598  118.4538
4965.00380200149  115.6124
4965.62189173699  106.9501
4966.2399814725  113.6082
4966.85807120801  103.7154
4967.47616094352  83.41816
4968.09425067903  121.1247
4968.71234041454  112.5785
4969.33043015004  110.5166
4969.94851988555  110.3648
4970.56660962106  128.0565
4971.18469935657  88.94991
4971.80278909207  85.54076
4972.42087882758  105.4745
4973.03896856309  100.4902
4973.6570582986  104.5837
4974.27514803411  104.8493
4974.89323776961  91.77981
4975.51132750512  115.3321
4976.12941724063  106.4513
4976.74750697614  106.9945
4977.36559671165  85.0071
4977.98368644715  95.72184
4978.60177618266  82.40436
4979.21986591817  94.35715
4979.83795565368  101.6891
4980.45604538919  124.8451
4981.07413512469  136.5305
4981.6922248602  126.7316
4982.31031459571  107.0593
4982.92840433122  94.30744
4983.54649406673  135.6244
4984.16458380223  127.5282
4984.78267353774  115.1226
4985.40076327325  100.4184
4986.01885300876  99.41178
4986.63694274427  128.8824
4987.25503247977  101.213
4987.87312221528  92.7449
4988.49121195079  114.5574
4989.1093016863  124.2777
4989.72739142181  115.3316
4990.34548115731  123.921
4990.96357089282  114.5267
4991.58166062833  97.36227
4992.19975036384  109.7587
4992.81784009934  116.4917
4993.43592983485  105.5025
4994.05401957036  132.3237
4994.67210930587  141.2664
4995.29019904138  118.8706
4995.90828877689  117.7968
4996.52637851239  128.2552
4997.1444682479  124.51
4997.76255798341  106.6801
4998.38064771892  137.2855
4998.99873745443  138.4465
4999.61682718993  129.9727
5000.23491692544  127.2588
5000.85300666095  120.9996
5001.47109639646  138.0471
5002.08918613197  134.3272
5002.70727586747  142.3906
5003.32536560298  107.8346
5003.94345533849  127.8872
5004.561545074  136.0486
5005.1796348095  139.8755
5005.79772454501  125.1873
5006.41581428052  96.00797
5007.03390401603  113.5228
5007.65199375154  125.5731
5008.27008348704  113.8279
5008.88817322255  144.6845
5009.50626295806  108.032
5010.12435269357  128.6159
5010.74244242908  101.2665
5011.36053216458  116.2741
5011.97862190009  121.0203
5012.5967116356  129.2966
5013.21480137111  121.169
5013.83289110662  124.6744
5014.45098084213  120.481
5015.06907057763  103.0151
5015.68716031314  81.59115
5016.30525004865  108.4463
5016.92333978416  111.9392
5017.54142951966  111.5089
5018.15951925517  112.118
5018.77760899068  89.38829
5019.39569872619  98.85737
5020.0137884617  115.4281
5020.6318781972  111.8341
5021.24996793271  142.0548
5021.86805766822  100.9549
5022.48614740373  113.0917
5023.10423713924  130.2833
5023.72232687474  116.9675
5024.34041661025  125.917
5024.95850634576  126.8979
5025.57659608127  110.8696
5026.19468581678  139.7524
5026.81277555228  154.0069
5027.43086528779  144.6082
5028.0489550233  153.6155
5028.66704475881  143.92
5029.28513449432  142.4511
5029.90322422982  138.1598
5030.52131396533  124.0885
5031.13940370084  143.1481
5031.75749343635  107.8512
5032.37558317186  111.5218
5032.99367290736  145.7305
5033.61176264287  139.8887
5034.22985237838  117.3715
5034.84794211389  135.488
5035.4660318494  130.2387
5036.0841215849  116.3169
5036.70221132041  121.8844
5037.32030105592  116.8409
5037.93839079143  147.4009
5038.55648052693  127.23
5039.17457026244  116.1117
5039.79265999795  111.0162
5040.41074973346  116.8784
5041.02883946897  143.252
5041.64692920447  131.5152
5042.26501893998  137.2545
5042.88310867549  124.0344
5043.501198411  110.983
5044.11928814651  122.7608
5044.73737788201  123.4688
5045.35546761752  107.1887
5045.97355735303  124.38
5046.59164708854  108.8786
5047.20973682405  127.8121
5047.82782655956  124.3374
5048.44591629506  106.2159
5049.06400603057  94.96064
5049.68209576608  119.178
5050.30018550159  98.43879
5050.9182752371  137.6382
5051.5363649726  91.64706
5052.15445470811  117.0616
5052.77254444362  96.48369
5053.39063417913  129.2048
5054.00872391463  135.987
5054.62681365014  99.08369
5055.24490338565  124.8101
5055.86299312116  118.852
5056.48108285667  126.7985
5057.09917259217  107.2597
5057.71726232768  126.0239
5058.33535206319  99.4472
5058.9534417987  96.0512
5059.57153153421  94.89031
5060.18962126971  100.1596
5060.80771100522  139.8277
5061.42580074073  137.5828
5062.04389047624  130.7227
5062.66198021175  121.2388
5063.28006994725  102.0088
5063.89815968276  118.8549
5064.51624941827  128.3698
5065.13433915378  115.0718
5065.75242888929  103.37
5066.37051862479  116.056
5066.9886083603  133.374
5067.60669809581  120.7089
5068.22478783132  122.6252
5068.84287756682  130.6129
5069.46096730233  103.0906
5070.07905703784  128.6381
5070.69714677335  111.0472
5071.31523650886  111.9811
5071.93332624436  138.8296
5072.55141597987  135.5211
5073.16950571538  128.7875
5073.78759545089  111.0678
5074.4056851864  87.14135
5075.0237749219  123.6806
5075.64186465741  101.3881
5076.25995439292  108.339
5076.87804412843  112.3655
5077.49613386394  99.68741
5078.11422359944  117.3037
5078.73231333495  88.87056
5079.35040307046  98.13126
5079.96849280597  91.70945
5080.58658254148  137.6643
5081.20467227699  93.95801
5081.82276201249  113.6053
5082.440851748  89.90839
5083.05894148351  122.8695
5083.67703121902  117.7824
5084.29512095452  115.4268
5084.91321069003  124.5565
5085.53130042554  143.7034
5086.14939016105  104.3394
5086.76747989656  105.8374
5087.38556963206  122.1806
5088.00365936757  122.1611
5088.62174910308  108.3986
5089.23983883859  88.81131
5089.8579285741  103.3481
5090.4760183096  125.022
5091.09410804511  124.5944
5091.71219778062  120.7628
5092.33028751613  96.10303
5092.94837725164  97.75436
5093.56646698714  138.3983
5094.18455672265  111.9518
5094.80264645816  104.0638
5095.42073619367  84.73415
5096.03882592918  125.8461
5096.65691566468  132.981
5097.27500540019  121.8852
5097.8930951357  99.31035
5098.51118487121  110.8552
5099.12927460672  106.2884
5099.74736434222  128.2266
5100.36545407773  132.5061
5100.98354381324  96.22516
5101.60163354875  113.9117
5102.21972328426  119.7243
5102.83781301976  134.7489
5103.45590275527  138.8584
5104.07399249078  128.8829
5104.69208222629  109.2458
5105.3101719618  120.8245
5105.9282616973  118.3929
5106.54635143281  121.1129
5107.16444116832  111.1471
5107.78253090383  97.12794
5108.40062063934  116.2469
5109.01871037484  132.0175
5109.63680011035  115.6374
5110.25488984586  117.996
5110.87297958137  131.0645
5111.49106931688  123.2004
5112.10915905238  139.1499
5112.72724878789  112.8994
5113.3453385234  114.3632
5113.96342825891  110.9727
5114.58151799442  141.5487
5115.19960772992  132.608
5115.81769746543  99.03606
5116.43578720094  117.7825
5117.05387693645  122.3643
5117.67196667196  127.7942
5118.29005640746  139.9683
5118.90814614297  104.5852
5119.52623587848  120.7645
5120.14432561399  138.5273
5120.76241534949  128.2735
5121.380505085  125.3358
5121.99859482051  96.87035
5122.61668455602  101.9043
5123.23477429153  128.3442
5123.85286402703  117.7429
5124.47095376254  117.735
5125.08904349805  104.672
5125.70713323356  127.1047
5126.32522296907  98.76502
5126.94331270457  134.0219
5127.56140244008  121.242
5128.17949217559  139.3908
5128.7975819111  106.6702
5129.41567164661  95.31266
5130.03376138211  120.6983
5130.65185111762  100.7301
5131.26994085313  120.6931
5131.88803058864  105.7508
5132.50612032415  129.9279
5133.12421005965  109.6343
5133.74229979516  105.23
5134.36038953067  86.44995
5134.97847926618  127.5224
5135.59656900169  131.2077
5136.21465873719  126.1739
5136.8327484727  130.9685
5137.45083820821  93.07076
5138.06892794372  104.3857
5138.68701767923  116.5916
