3889.75048828125  38.59307
3890.36857497693  65.44893
3890.9866616726  71.35851
3891.60474836827  82.50163
3892.22283506394  81.01691
3892.84092175961  60.18758
3893.45900845528  80.31358
3894.07709515095  89.07917
3894.69518184662  74.44262
3895.31326854229  94.58739
3895.93135523796  99.76225
3896.54944193364  86.40952
3897.16752862931  97.89246
3897.78561532498  102.7902
3898.40370202065  106.6147
3899.02178871632  71.24454
3899.63987541199  85.21388
3900.25796210766  77.17279
3900.87604880333  89.12638
3901.49413549901  89.45227
3902.11222219468  82.43013
3902.73030889035  92.94569
3903.34839558602  61.39632
3903.96648228169  70.015
3904.58456897736  90.44404
3905.20265567303  93.64741
3905.8207423687  89.3119
3906.43882906437  92.17942
3907.05691576004  90.1701
3907.67500245572  75.52551
3908.29308915139  90.54492
3908.91117584706  101.2262
3909.52926254273  102.9684
3910.1473492384  90.22775
3910.76543593407  63.97585
3911.38352262974  68.68574
3912.00160932541  71.2014
3912.61969602108  77.26349
3913.23778271676  63.68652
3913.85586941243  72.6067
3914.4739561081  71.61837
3915.09204280377  78.72287
3915.71012949944  78.69764
3916.32821619511  75.2778
3916.94630289078  84.73727
3917.56438958645  104.7197
3918.18247628212  93.97664
3918.80056297779  82.56535
3919.41864967347  86.14164
3920.03673636914  79.95554
3920.65482306481  81.2784
3921.27290976048  83.2244
3921.89099645615  85.9986
3922.50908315182  107.5831
3923.12716984749  94.52686
3923.74525654316  92.93684
3924.36334323883  74.54977
3924.98142993451  100.4198
3925.59951663018  101.5266
3926.21760332585  84.4893
3926.83569002152  98.2086
3927.45377671719  90.76939
3928.07186341286  95.92715
3928.68995010853  98.19619
3929.3080368042  89.6325
3929.92612349987  96.52135
3930.54421019554  83.50671
3931.16229689122  82.54185
3931.78038358689  88.28648
3932.39847028256  82.83869
3933.01655697823  102.2217
3933.6346436739  95.48264
3934.25273036957  79.54481
3934.87081706524  102.6652
3935.48890376091  94.59908
3936.10699045659  94.30077
3936.72507715226  90.0561
3937.34316384793  110.3122
3937.9612505436  119.7318
3938.57933723927  107.796
3939.19742393494  123.7959
3939.81551063061  114.9852
3940.43359732628  116.9721
3941.05168402195  107.014
3941.66977071763  95.21535
3942.2878574133  95.33298
3942.90594410897  101.5175
3943.52403080464  95.73163
3944.14211750031  121.2234
3944.76020419598  102.14
3945.37829089165  97.87428
3945.99637758732  121.4569
3946.61446428299  133.0711
3947.23255097866  128.6315
3947.85063767434  125.9272
3948.46872437001  119.704
3949.08681106568  134.1606
3949.70489776135  117.5212
3950.32298445702  99.90254
3950.94107115269  92.97511
3951.55915784836  115.3573
3952.17724454403  162.1391
3952.7953312397  136.1672
3953.41341793538  131.9761
3954.03150463105  123.6466
3954.64959132672  122.1562
3955.26767802239  149.0682
3955.88576471806  125.4479
3956.50385141373  162.028
3957.1219381094  140.0271
3957.74002480507  140.9716
3958.35811150074  160.2176
3958.97619819641  155.4376
3959.59428489209  164.3088
3960.21237158776  161.1621
3960.83045828343  162.364
3961.4485449791  156.3388
3962.06663167477  146.4238
3962.68471837044  141.936
3963.30280506611  124.4081
3963.92089176178  116.4648
3964.53897845745  165.6822
3965.15706515313  131.4308
3965.7751518488  129.5045
3966.39323854447  130.1626
3967.01132524014  128.6599
3967.62941193581  128.9946
3968.24749863148  88.31767
3968.86558532715  130.2906
3969.48367202282  134.3533
3970.1017587185  129.8691
3970.71984541417  127.6871
3971.33793210984  132.4205
3971.95601880551  157.197
3972.57410550118  158.8639
3973.19219219685  138.9017
3973.81027889252  172.0459
3974.42836558819  187.6407
3975.04645228386  152.4778
3975.66453897953  148.9313
3976.28262567521  173.1316
3976.90071237088  187.9706
3977.51879906655  160.6689
3978.13688576222  159.4454
3978.75497245789  169.3193
3979.37305915356  191.8575
3979.99114584923  174.1828
3980.6092325449  142.923
3981.22731924057  160.7092
3981.84540593625  170.4109
3982.46349263192  146.5441
3983.08157932759  131.6402
3983.69966602326  128.0667
3984.31775271893  139.7766
3984.9358394146  134.0511
3985.55392611027  125.5631
3986.17201280594  158.9102
3986.79009950161  145.4521
3987.40818619729  140.5882
3988.02627289296  127.0909
3988.64435958863  118.5138
3989.2624462843  128.451
3989.88053297997  142.0402
3990.49861967564  111.6832
3991.11670637131  121.0438
3991.73479306698  108.3349
3992.35287976265  131.4298
3992.97096645833  105.4731
3993.589053154  97.69658
3994.20713984967  112.8516
3994.82522654534  99.92738
3995.44331324101  96.96976
3996.06139993668  107.1315
3996.67948663235  105.3596
3997.29757332802  95.43134
3997.91566002369  97.74021
3998.53374671937  115.2478
3999.15183341504  109.7153
3999.76992011071  99.07157
4000.38800680638  120.5515
4001.00609350205  92.32179
4001.62418019772  106.97
4002.24226689339  101.4453
4002.86035358906  122.0226
4003.47844028473  134.5003
4004.09652698041  119.7747
4004.71461367608  121.4277
4005.33270037175  104.143
4005.95078706742  115.2551
4006.56887376309  109.9937
4007.18696045876  89.07653
4007.80504715443  187.5143
4008.4231338501  161.3202
4009.04122054577  92.34707
4009.65930724144  78.17368
4010.27739393711  96.81134
4010.89548063279  111.0401
4011.51356732846  87.56637
4012.13165402413  104.727
4012.7497407198  102.8553
4013.36782741547  95.82332
4013.98591411114  100.9119
4014.60400080681  95.5823
4015.22208750248  104.1139
4015.84017419816  105.4199
4016.45826089383  99.00385
4017.0763475895  131.0175
4017.69443428517  136.4295
4018.31252098084  124.0006
4018.93060767651  117.4961
4019.54869437218  102.8413
4020.16678106785  90.93424
4020.78486776352  88.49602
4021.4029544592  88.82942
4022.02104115487  98.40358
4022.63912785054  100.2209
4023.25721454621  87.59266
4023.87530124188  95.40682
4024.49338793755  92.07218
4025.11147463322  86.59035
4025.72956132889  99.92625
4026.34764802456  102.994
4026.96573472023  108.6391
4027.58382141591  89.60337
4028.20190811158  109.6454
4028.81999480725  107.0728
4029.43808150292  94.78746
4030.05616819859  94.63179
4030.67425489426  86.60032
4031.29234158993  105.0762
4031.9104282856  109.5235
4032.52851498127  96.13184
4033.14660167695  132.9625
4033.76468837262  105.3206
4034.38277506829  107.5837
4035.00086176396  124.219
4035.61894845963  119.8788
4036.2370351553  113.422
4036.85512185097  94.12923
4037.47320854664  99.80112
4038.09129524232  122.0969
4038.70938193798  108.8502
4039.32746863366  87.76885
4039.94555532933  108.6978
4040.563642025  139.6769
4041.18172872067  129.4796
4041.79981541634  124.5815
4042.41790211201  95.63046
4043.03598880768  88.15926
4043.65407550335  113.9257
4044.27216219903  110.0683
4044.8902488947  89.60323
4045.50833559037  127.8149
4046.12642228604  122.0313
4046.74450898171  125.1757
4047.36259567738  117.4748
4047.98068237305  118.7741
4048.59876906872  123.8627
4049.21685576439  118.9428
4049.83494246006  88.25952
4050.45302915574  82.23069
4051.07111585141  105.8702
4051.68920254708  123.8933
4052.30728924275  121.2864
4052.92537593842  95.88084
4053.54346263409  127.4189
4054.16154932976  130.9801
4054.77963602543  115.9352
4055.3977227211  122.1024
4056.01580941678  99.58291
4056.63389611245  116.265
4057.25198280812  91.24014
4057.87006950379  109.2946
4058.48815619946  100.0718
4059.10624289513  124.104
4059.7243295908  124.3996
4060.34241628647  130.4946
4060.96050298214  115.9403
4061.57858967782  112.47
4062.19667637349  106.7086
4062.81476306916  109.5309
4063.43284976483  119.5652
4064.0509364605  143.3789
4064.66902315617  133.0652
4065.28710985184  120.7037
4065.90519654751  132.4175
4066.52328324318  123.8043
4067.14136993885  92.10874
4067.75945663453  105.115
4068.3775433302  106.4227
4068.99563002587  118.0709
4069.61371672154  129.8013
4070.23180341721  121.4949
4070.84989011288  135.0551
4071.46797680855  128.51
4072.08606350422  130.1989
4072.7041501999  148.4346
4073.32223689557  124.4831
4073.94032359124  150.3402
4074.55841028691  159.4681
4075.17649698258  138.2713
4075.79458367825  140.4667
4076.41267037392  149.7737
4077.03075706959  131.0934
4077.64884376526  140.4311
4078.26693046093  161.3394
4078.88501715661  135.2198
4079.50310385228  154.6609
4080.12119054795  135.4459
4080.73927724362  130.7151
4081.35736393929  196.7942
4081.97545063496  141.3197
4082.59353733063  160.558
4083.2116240263  149.6626
4083.82971072197  194.1222
4084.44779741765  209.2382
4085.06588411332  184.9915
4085.68397080899  204.8475
4086.30205750466  224.2772
4086.92014420033  212.4314
4087.538230896  210.5565
4088.15631759167  212.7138
4088.77440428734  235.3329
4089.39249098301  226.3179
4090.01057767869  214.3837
4090.62866437436  217.0354
4091.24675107003  208.2665
4091.8648377657  220.8702
4092.48292446137  213.0451
4093.10101115704  226.4891
4093.71909785271  225.7214
4094.33718454838  214.4659
4094.95527124405  217.0333
4095.57335793972  210.1057
4096.1914446354  202.3768
4096.80953133107  201.5396
4097.42761802674  182.0054
4098.04570472241  186.2581
4098.66379141808  182.7783
4099.28187811375  183.2271
4099.89996480942  165.2001
4100.51805150509  153.5692
4101.13613820077  164.5306
4101.75422489644  175.6863
4102.37231159211  188.4614
4102.99039828778  188.1596
4103.60848498345  176.4549
4104.22657167912  188.0948
4104.84465837479  222.2223
4105.46274507046  190.9764
4106.08083176613  189.3584
4106.6989184618  216.134
4107.31700515747  212.0652
4107.93509185315  248.2494
4108.55317854882  268.3227
4109.17126524449  256.9838
4109.78935194016  223.7967
4110.40743863583  228.9563
4111.0255253315  247.0492
4111.64361202717  252.023
4112.26169872284  239.0524
4112.87978541852  217.6056
4113.49787211419  193.0168
4114.11595880986  210.9066
4114.73404550553  225.8193
4115.3521322012  203.3519
4115.97021889687  191.2537
4116.58830559254  207.074
4117.20639228821  189.166
4117.82447898388  163.8048
4118.44256567956  184.9736
4119.06065237523  172.4351
4119.6787390709  182.282
4120.29682576657  186.339
4120.91491246224  189.0515
4121.53299915791  151.9279
4122.15108585358  166.3197
4122.76917254925  171.1619
4123.38725924492  158.4287
4124.00534594059  155.5034
4124.62343263627  164.2225
4125.24151933194  161.8604
4125.85960602761  164.7677
4126.47769272328  134.9197
4127.09577941895  133.7235
4127.71386611462  123.4103
4128.33195281029  158.2896
4128.95003950596  153.9277
4129.56812620164  113.7019
4130.18621289731  131.231
4130.80429959298  139.8488
4131.42238628865  143.3421
4132.04047298432  146.5484
4132.65855967999  121.234
4133.27664637566  110.7518
4133.89473307133  128.2091
4134.512819767  126.6476
4135.13090646267  143.74
4135.74899315834  135.1005
4136.36707985402  149.0878
4136.98516654969  120.3758
4137.60325324536  140.4031
4138.22133994103  120.7884
4138.8394266367  101.8508
4139.45751333237  132.294
4140.07560002804  138.0041
4140.69368672371  141.1441
4141.31177341938  110.267
4141.92986011506  111.3397
4142.54794681073  122.2718
4143.1660335064  114.1436
4143.78412020207  109.7295
4144.40220689774  117.5399
4145.02029359341  109.5172
4145.63838028908  81.95432
4146.25646698475  111.0789
4146.87455368042  131.9895
4147.4926403761  121.0799
4148.11072707177  127.4075
4148.72881376744  116.3256
4149.34690046311  118.2842
4149.96498715878  133.0449
4150.58307385445  118.0242
4151.20116055012  119.5098
4151.81924724579  113.8666
4152.43733394146  111.4962
4153.05542063714  118.1404
4153.67350733281  115.4768
4154.29159402848  105.6923
4154.90968072415  104.9886
4155.52776741982  98.17896
4156.14585411549  118.5793
4156.76394081116  115.4856
4157.38202750683  127.0216
4158.0001142025  141.1232
4158.61820089818  121.1023
4159.23628759385  108.2013
4159.85437428952  118.8142
4160.47246098519  101.1081
4161.09054768086  98.5223
4161.70863437653  118.48
4162.3267210722  124.53
4162.94480776787  92.36108
4163.56289446354  110.6068
4164.18098115921  139.673
4164.79906785489  132.901
4165.41715455056  89.42703
4166.03524124623  102.7395
4166.6533279419  115.0109
4167.27141463757  105.3197
4167.88950133324  97.00663
4168.50758802891  100.6409
4169.12567472458  97.51865
4169.74376142025  113.3721
4170.36184811593  106.6265
4170.9799348116  91.90983
4171.59802150727  109.2217
4172.21610820294  137.2054
4172.83419489861  124.0442
4173.45228159428  97.88933
4174.07036828995  145.0954
4174.68845498562  106.8554
4175.30654168129  90.5058
4175.92462837697  122.5965
4176.54271507264  97.22758
4177.16080176831  112.2169
4177.77888846398  118.6511
4178.39697515965  97.87607
4179.01506185532  91.4846
4179.63314855099  98.45498
4180.25123524666  110.9257
4180.86932194233  105.0108
4181.48740863801  104.8013
4182.10549533368  95.39434
4182.72358202935  96.66504
4183.34166872502  101.8262
4183.95975542069  131.0209
4184.57784211636  121.1004
4185.19592881203  98.7165
4185.8140155077  98.17284
4186.43210220337  95.32583
4187.05018889905  120.7063
4187.66827559472  122.8618
4188.28636229039  104.4918
4188.90444898606  128.8081
4189.52253568173  108.2241
4190.1406223774  107.9826
4190.75870907307  94.16957
4191.37679576874  123.6623
4191.99488246441  106.824
4192.61296916008  132.9735
4193.23105585576  108.8781
4193.84914255143  105.6536
4194.4672292471  109.1193
4195.08531594277  118.5662
4195.70340263844  116.3654
4196.32148933411  123.3419
4196.93957602978  116.3032
4197.55766272545  102.1143
4198.17574942112  112.1586
4198.7938361168  117.4746
4199.41192281247  109.673
4200.03000950814  107.942
4200.64809620381  112.8343
4201.26618289948  103.7127
4201.88426959515  106.451
4202.50235629082  120.257
4203.12044298649  116.8173
4203.73852968216  123.4067
4204.35661637783  90.87153
4204.97470307351  108.4382
4205.59278976918  103.524
4206.21087646485  102.9562
4206.82896316052  105.3874
4207.44704985619  121.0214
4208.06513655186  105.6111
4208.68322324753  106.2716
4209.3013099432  111.9668
4209.91939663888  85.62428
4210.53748333455  125.1242
4211.15557003022  110.2167
4211.77365672589  123.8503
4212.39174342156  110.7962
4213.00983011723  114.0562
4213.6279168129  117.555
4214.24600350857  110.0256
4214.86409020424  101.5668
4215.48217689992  115.0293
4216.10026359559  123.4
4216.71835029126  91.42211
4217.33643698693  91.8302
4217.9545236826  93.77177
4218.57261037827  100.3735
4219.19069707394  114.6402
4219.80878376961  132.0577
4220.42687046528  117.5026
4221.04495716095  120.1656
4221.66304385663  121.3789
4222.2811305523  100.7538
4222.89921724797  114.361
4223.51730394364  110.1979
4224.13539063931  104.6345
4224.75347733498  107.0765
4225.37156403065  103.9433
4225.98965072632  98.28753
4226.60773742199  106.0386
4227.22582411766  109.2308
4227.84391081334  115.2193
4228.46199750901  112.6228
4229.08008420468  100.5415
4229.69817090035  117.4546
4230.31625759602  120.5681
4230.93434429169  102.6046
4231.55243098736  118.9933
4232.17051768303  135.8225
4232.7886043787  100.7999
4233.40669107438  100.261
4234.02477777005  120.7195
4234.64286446572  102.7027
4235.26095116139  103.8955
4235.87903785706  96.36423
4236.49712455273  99.10122
4237.1152112484  122.0394
4237.73329794407  89.81602
4238.35138463974  111.9425
4238.96947133542  94.35044
4239.58755803109  78.64412
4240.20564472676  107.7618
4240.82373142243  106.0418
4241.4418181181  111.6225
4242.05990481377  95.0453
4242.67799150944  120.3805
4243.29607820511  110.4421
4243.91416490079  99.99189
4244.53225159646  95.39707
4245.15033829213  105.1329
4245.7684249878  124.428
4246.38651168347  96.60412
4247.00459837914  103.8426
4247.62268507481  117.4819
4248.24077177048  103.8044
4248.85885846615  95.04668
4249.47694516182  109.5791
4250.0950318575  91.06007
4250.71311855317  76.21677
4251.33120524884  83.67148
4251.94929194451  108.5276
4252.56737864018  114.9967
4253.18546533585  84.60843
4253.80355203152  88.08392
4254.42163872719  97.78053
4255.03972542286  110.0204
4255.65781211853  93.86505
4256.27589881421  84.88126
4256.89398550988  98.72047
4257.51207220555  113.8076
4258.13015890122  101.6607
4258.74824559689  102.4064
4259.36633229256  110.873
4259.98441898823  122.8134
4260.6025056839  115.4045
4261.22059237957  111.1223
4261.83867907525  101.9079
4262.45676577092  89.54725
4263.07485246659  96.346
4263.69293916226  97.05817
4264.31102585793  97.58505
4264.9291125536  94.33824
4265.54719924927  91.0358
4266.16528594494  89.82736
4266.78337264062  82.19073
4267.40145933629  82.65879
4268.01954603196  91.64991
4268.63763272763  102.2222
4269.2557194233  98.57701
4269.87380611897  118.0152
4270.49189281464  81.81673
4271.10997951031  118.6753
4271.72806620598  108.0013
4272.34615290165  112.0172
4272.96423959733  94.20945
4273.582326293  109.2866
4274.20041298867  109.5022
4274.81849968434  108.8613
4275.43658638001  107.047
4276.05467307568  89.93523
4276.67275977135  97.22657
4277.29084646702  133.8993
4277.90893316269  109.1482
4278.52701985837  116.8199
4279.14510655404  121.9489
4279.76319324971  107.5309
4280.38127994538  115.8335
4280.99936664105  99.00191
4281.61745333672  102.6431
4282.23554003239  111.7416
4282.85362672806  121.9876
4283.47171342374  113.1658
4284.0898001194  92.76575
4284.70788681508  121.0247
4285.32597351075  122.0545
4285.94406020642  137.871
4286.56214690209  110.329
4287.18023359776  127.6344
4287.79832029343  120.8358
4288.4164069891  117.1035
4289.03449368477  129.5545
4289.65258038045  115.7249
4290.27066707612  84.82328
4290.88875377179  120.808
4291.50684046746  123.9634
4292.12492716313  145.6475
4292.7430138588  126.9098
4293.36110055447  130.6152
4293.97918725014  136.2036
4294.59727394581  105.9151
4295.21536064149  125.9527
4295.83344733716  110.8348
4296.45153403283  91.87566
4297.0696207285  117.619
4297.68770742417  99.60512
4298.30579411984  134.4247
4298.92388081551  131.2025
4299.54196751118  114.3701
4300.16005420685  105.0862
4300.77814090252  118.4959
4301.3962275982  107.4713
4302.01431429387  138.6664
4302.63240098954  161.8472
4303.25048768521  147.5311
4303.86857438088  130.587
4304.48666107655  163.0312
4305.10474777222  117.3388
4305.72283446789  129.5606
4306.34092116356  138.1171
4306.95900785924  148.0807
4307.57709455491  129.8698
4308.19518125058  125.0197
4308.81326794625  126.4821
4309.43135464192  139.981
4310.04944133759  145.9393
4310.66752803326  146.2619
4311.28561472893  156.9801
4311.9037014246  171.8532
4312.52178812027  174.1962
4313.13987481595  154.5808
4313.75796151162  138.4997
4314.37604820729  152.9673
4314.99413490296  163.8809
4315.61222159863  163.1609
4316.2303082943  162.1519
4316.84839498997  163.231
4317.46648168564  177.8186
4318.08456838132  184.3268
4318.70265507699  163.3401
4319.32074177266  175.3238
4319.93882846833  194.869
4320.556915164  198.1201
4321.17500185967  165.3257
4321.79308855534  190.9029
4322.41117525101  193.3041
4323.02926194668  201.1661
4323.64734864236  186.9089
4324.26543533803  217.3648
4324.8835220337  187.6933
4325.50160872937  206.1721
4326.11969542504  204.6392
4326.73778212071  224.2701
4327.35586881638  243.4244
4327.97395551205  276.2282
4328.59204220772  229.8767
4329.21012890339  239.2801
4329.82821559907  270.0989
4330.44630229474  268.4078
4331.06438899041  250.54
4331.68247568608  260.8989
4332.30056238175  255.0618
4332.91864907742  237.8999
4333.53673577309  221.8455
4334.15482246876  214.5492
4334.77290916443  255.0481
4335.39099586011  226.5892
4336.00908255578  215.8418
4336.62716925145  237.9242
4337.24525594712  196.2398
4337.86334264279  178.1864
4338.48142933846  195.6057
4339.09951603413  165.8207
4339.7176027298  171.4516
4340.33568942547  186.5966
4340.95377612114  201.2405
4341.57186281682  223.5692
4342.18994951249  197.397
4342.80803620816  222.1534
4343.42612290383  255.1543
4344.0442095995  242.8196
4344.66229629517  228.7306
4345.28038299084  244.6703
4345.89846968651  270.6547
4346.51655638219  286.1553
4347.13464307786  260.7967
4347.75272977353  268.851
4348.3708164692  242.1094
4348.98890316487  269.9184
4349.60698986054  279.1612
4350.22507655621  275.7946
4350.84316325188  257.0364
4351.46124994755  239.0439
4352.07933664322  227.4123
4352.6974233389  209.5609
4353.31551003457  215.1861
4353.93359673024  198.562
4354.55168342591  195.286
4355.16977012158  185.8185
4355.78785681725  181.8195
4356.40594351292  204.8845
4357.02403020859  207.7672
4357.64211690426  184.6217
4358.26020359994  191.4785
4358.87829029561  199.1025
4359.49637699128  209.8621
4360.11446368695  183.8754
4360.73255038262  194.1008
4361.35063707829  158.6177
4361.96872377396  173.5518
4362.58681046963  181.4686
4363.2048971653  166.5588
4363.82298386098  158.7272
4364.44107055665  178.6125
4365.05915725232  165.302
4365.67724394799  152.9781
4366.29533064366  166.099
4366.91341733933  146.7057
4367.531504035  156.2452
4368.14959073067  167.3758
4368.76767742634  168.0366
4369.38576412201  138.0426
4370.00385081769  126.5516
4370.62193751336  134.6607
4371.24002420903  119.2294
4371.8581109047  139.9353
4372.47619760037  143.1803
4373.09428429604  129.4395
4373.71237099171  154.8605
4374.33045768738  159.6021
4374.94854438305  131.5441
4375.56663107873  142.9171
4376.1847177744  153.7866
4376.80280447007  127.9482
4377.42089116574  145.9273
4378.03897786141  133.2593
4378.65706455708  124.3619
4379.27515125275  108.627
4379.89323794842  108.6066
4380.51132464409  130.2995
4381.12941133977  120.9336
4381.74749803544  126.2861
4382.36558473111  106.6475
4382.98367142678  129.7244
4383.60175812245  135.7681
4384.21984481812  123.7055
4384.83793151379  128.5852
4385.45601820946  122.3451
4386.07410490513  121.1325
4386.69219160081  87.33757
4387.31027829648  105.7843
4387.92836499215  125.117
4388.54645168782  118.6871
4389.16453838349  124.9493
4389.78262507916  119.1247
4390.40071177483  103.182
4391.0187984705  121.3619
4391.63688516617  130.1825
4392.25497186184  113.8897
4392.87305855752  129.082
4393.49114525319  120.2102
4394.10923194886  123.4135
4394.72731864453  132.7271
4395.3454053402  120.1744
4395.96349203587  140.7661
4396.58157873154  107.5339
4397.19966542721  124.8861
4397.81775212288  112.9907
4398.43583881856  110.7545
4399.05392551423  115.5814
4399.6720122099  108.5433
4400.29009890557  110.7633
4400.90818560124  101.9885
4401.52627229691  135.2849
4402.14435899258  117.2191
4402.76244568825  99.87069
4403.38053238393  120.24
4403.9986190796  104.7842
4404.61670577527  108.9601
4405.23479247094  108.0832
4405.85287916661  106.651
4406.47096586228  101.8549
4407.08905255795  114.7348
4407.70713925362  118.0665
4408.32522594929  106.1583
4408.94331264496  103.1988
4409.56139934064  113.7333
4410.17948603631  112.3465
4410.79757273198  117.3019
4411.41565942765  108.6492
4412.03374612332  115.8951
4412.65183281899  126.4827
4413.26991951466  128.1974
4413.88800621033  122.9452
4414.506092906  130.6086
4415.12417960167  141.6253
4415.74226629735  119.4069
4416.36035299302  120.6309
4416.97843968869  132.0216
4417.59652638436  110.5173
4418.21461308003  114.4699
4418.8326997757  111.6831
4419.45078647137  105.0756
4420.06887316704  128.3444
4420.68695986271  139.4452
4421.30504655839  119.6394
4421.92313325406  136.4003
4422.54121994973  123.4576
4423.1593066454  108.3389
4423.77739334107  137.287
4424.39548003674  123.3302
4425.01356673241  117.559
4425.63165342808  115.9638
4426.24974012375  122.8115
4426.86782681943  109.2163
4427.4859135151  131.1191
4428.10400021077  108.1024
4428.72208690644  118.3881
4429.34017360211  126.6784
4429.95826029778  98.69068
4430.57634699345  131.3367
4431.19443368912  123.942
4431.81252038479  120.9171
4432.43060708047  113.4807
4433.04869377614  125.0722
4433.66678047181  118.8123
4434.28486716748  128.3297
4434.90295386315  118.4323
4435.52104055882  107.3345
4436.13912725449  127.4824
4436.75721395016  112.4351
4437.37530064583  139.2872
4437.99338734151  111.6365
4438.61147403718  116.7004
4439.22956073285  135.772
4439.84764742852  113.7027
4440.46573412419  122.1506
4441.08382081986  127.5649
4441.70190751553  117.8476
4442.3199942112  120.9439
4442.93808090687  137.9701
4443.55616760254  128.8076
4444.17425429822  120.674
4444.79234099389  151.6098
4445.41042768956  135.9097
4446.02851438523  114.9451
4446.6466010809  131.4001
4447.26468777657  148.6029
4447.88277447224  147.5455
4448.50086116791  131.7562
4449.11894786358  119.903
4449.73703455926  138.2295
4450.35512125493  111.5169
4450.9732079506  135.0763
4451.59129464627  113.71
4452.20938134194  120.8388
4452.82746803761  163.0074
4453.44555473328  131.9182
4454.06364142895  156.6875
4454.68172812462  136.2512
4455.2998148203  139.3173
4455.91790151597  167.692
4456.53598821164  122.0533
4457.15407490731  135.2182
4457.77216160298  155.1123
4458.39024829865  149.6771
4459.00833499432  131.9326
4459.62642168999  139.3228
4460.24450838566  141.6126
4460.86259508134  163.2794
4461.48068177701  159.185
4462.09876847268  128.1079
4462.71685516835  124.2396
4463.33494186402  128.4412
4463.95302855969  151.8477
4464.57111525536  160.9884
4465.18920195103  148.6462
4465.8072886467  130.6224
4466.42537534238  97.73442
4467.04346203805  101.0941
4467.66154873372  136.3649
4468.27963542939  122.1845
4468.89772212506  132.6908
4469.51580882073  128.2244
4470.1338955164  118.1558
4470.75198221207  105.0244
4471.37006890774  108.7868
4471.98815560341  114.5088
4472.60624229908  163.0116
4473.22432899476  161.7405
4473.84241569043  145.5475
4474.4605023861  132.1251
4475.07858908177  140.1392
4475.69667577744  139.306
4476.31476247311  138.5202
4476.93284916878  163.1417
4477.55093586445  146.7446
4478.16902256013  137.3773
4478.7871092558  162.3662
4479.40519595147  160.2525
4480.02328264714  170.4102
4480.64136934281  172.4306
4481.25945603848  129.9578
4481.87754273415  160.2264
4482.49562942982  136.9328
4483.11371612549  146.7568
4483.73180282117  129.9455
4484.34988951684  129.5331
4484.96797621251  152.7011
4485.58606290818  129.5697
4486.20414960385  154.3496
4486.82223629952  176.1393
4487.44032299519  132.3148
4488.05840969086  138.0809
4488.67649638653  149.8469
4489.2945830822  148.6064
4489.91266977787  144.8099
4490.53075647355  115.8839
4491.14884316922  123.9922
4491.76692986489  180.7303
4492.38501656056  152.6266
4493.00310325623  163.2118
4493.6211899519  159.871
4494.23927664757  145.1298
4494.85736334325  126.723
4495.47545003892  139.3537
4496.09353673459  138.5787
4496.71162343026  157.9595
4497.32971012593  136.6056
4497.9477968216  150.2256
4498.56588351727  143.0264
4499.18397021294  136.8738
4499.80205690861  140.7449
4500.42014360428  131.6189
4501.03823029995  122.8869
4501.65631699563  115.8487
4502.2744036913  122.6883
4502.89249038697  120.7634
4503.51057708264  123.6982
4504.12866377831  146.9077
4504.74675047398  151.941
4505.36483716965  126.8424
4505.98292386532  132.9397
4506.60101056099  99.24562
4507.21909725667  91.38168
4507.83718395234  138.5931
4508.45527064801  134.7218
4509.07335734368  92.51216
4509.69144403935  120.9487
4510.30953073502  145.3118
4510.92761743069  141.261
4511.54570412636  153.344
4512.16379082203  113.0652
4512.78187751771  101.3502
4513.39996421338  118.842
4514.01805090905  124.5976
4514.63613760472  117.3407
4515.25422430039  103.2016
4515.87231099606  110.4639
4516.49039769173  143.0725
4517.1084843874  123.7738
4517.72657108308  109.1633
4518.34465777874  132.4702
4518.96274447442  96.82175
4519.58083117009  113.2203
4520.19891786576  121.1771
4520.81700456143  118.322
4521.4350912571  142.4278
4522.05317795277  121.7818
4522.67126464844  117.8174
4523.28935134411  121.272
4523.90743803979  148.5733
4524.52552473546  119.9389
4525.14361143113  143.4022
4525.7616981268  118.9283
4526.37978482247  110.2342
4526.99787151814  145.0915
4527.61595821381  121.7074
4528.23404490948  120.8655
4528.85213160515  125.1402
4529.47021830082  123.7536
4530.0883049965  128.3032
4530.70639169217  129.3534
4531.32447838784  120.6592
4531.94256508351  114.86
4532.56065177918  118.0018
4533.17873847485  141.9896
4533.79682517052  109.7925
4534.41491186619  98.43404
4535.03299856186  106.8952
4535.65108525754  114.0597
4536.26917195321  141.527
4536.88725864888  134.848
4537.50534534455  140.7561
4538.12343204022  126.118
4538.74151873589  124.6614
4539.35960543156  124.8572
4539.97769212723  142.4817
4540.5957788229  144.7449
4541.21386551858  125.7687
4541.83195221425  111.8271
4542.45003890992  144.1589
4543.06812560559  146.39
4543.68621230126  134.1393
4544.30429899693  118.8608
4544.9223856926  136.221
4545.54047238827  107.5617
4546.15855908394  106.8719
4546.77664577961  136.0301
4547.39473247529  123.1981
4548.01281917096  149.6991
4548.63090586663  137.9492
4549.2489925623  118.5878
4549.86707925797  127.2678
4550.48516595364  118.6323
4551.10325264931  120.6847
4551.72133934498  119.6247
4552.33942604066  116.469
4552.95751273632  113.5958
4553.575599432  165.5214
4554.19368612767  133.4202
4554.81177282334  88.88744
4555.42985951901  143.3337
4556.04794621468  139.7814
4556.66603291035  127.6318
4557.28411960602  123.93
4557.90220630169  144.9621
4558.52029299737  127.8369
4559.13837969304  136.4201
4559.75646638871  109.4717
4560.37455308438  131.4583
4560.99263978005  143.8654
4561.61072647572  130.6374
4562.22881317139  124.7157
4562.84689986706  133.3444
4563.46498656273  135.4881
4564.08307325841  117.3153
4564.70115995408  131.717
4565.31924664975  139.9473
4565.93733334542  134.0743
4566.55542004109  136.335
4567.17350673676  142.4374
4567.79159343243  117.2
4568.4096801281  132.8925
4569.02776682377  134.3508
4569.64585351945  138.379
4570.26394021512  126.0385
4570.88202691079  120.8595
4571.50011360646  137.3772
4572.11820030213  150.8184
4572.7362869978  127.2201
4573.35437369347  141.3535
4573.97246038914  123.4041
4574.59054708481  141.3705
4575.20863378048  157.0411
4575.82672047616  146.9155
4576.44480717183  117.942
4577.0628938675  112.8902
4577.68098056317  138.2981
4578.29906725884  140.3517
4578.91715395451  95.8175
4579.53524065018  132.7049
4580.15332734585  114.6164
4580.77141404153  147.8987
4581.38950073719  126.3571
4582.00758743287  119.73
4582.62567412854  116.7274
4583.24376082421  141.946
4583.86184751988  145.643
4584.47993421555  103.6787
4585.09802091122  152.8524
4585.71610760689  142.6087
4586.33419430256  123.5352
4586.95228099824  138.8725
4587.57036769391  149.6372
4588.18845438958  123.3653
4588.80654108525  142.4375
4589.42462778092  142.7803
4590.04271447659  135.5018
4590.66080117226  142.7571
4591.27888786793  141.7207
4591.8969745636  125.6466
4592.51506125928  154.2996
4593.13314795495  129.0643
4593.75123465062  117.2457
4594.36932134629  133.1829
4594.98740804196  104.0593
4595.60549473763  148.1456
4596.2235814333  131.3642
4596.84166812897  139.9043
4597.45975482464  128.7105
4598.07784152032  128.7371
4598.69592821599  109.8024
4599.31401491166  132.5585
4599.93210160733  146.9776
4600.550188303  126.1932
4601.16827499867  119.924
4601.78636169434  133.8949
4602.40444839001  115.7828
4603.02253508568  169.049
4603.64062178135  123.0291
4604.25870847703  122.3912
4604.8767951727  108.8033
4605.49488186837  156.0254
4606.11296856404  129.7493
4606.73105525971  117.5563
4607.34914195538  128.3958
4607.96722865105  128.1334
4608.58531534672  149.0621
4609.2034020424  135.4378
4609.82148873806  121.5187
4610.43957543374  123.8391
4611.05766212941  131.8015
4611.67574882508  130.0862
4612.29383552075  134.7484
4612.91192221642  126.0628
4613.53000891209  138.9694
4614.14809560776  145.9165
4614.76618230343  127.8152
4615.38426899911  116.2421
4616.00235569478  139.3967
4616.62044239045  122.3348
4617.23852908612  128.6191
4617.85661578179  139.1106
4618.47470247746  105.0206
4619.09278917313  138.3484
4619.7108758688  118.4845
4620.32896256447  124.9447
4620.94704926015  128.8367
4621.56513595582  134.7886
4622.18322265149  109.4924
4622.80130934716  135.794
4623.41939604283  124.3525
4624.0374827385  133.4518
4624.65556943417  120.2475
4625.27365612984  124.79
4625.89174282551  149.9996
4626.50982952118  134.089
4627.12791621686  119.1409
4627.74600291253  108.6549
4628.3640896082  136.9658
4628.98217630387  147.9351
4629.60026299954  135.5638
4630.21834969521  129.147
4630.83643639088  97.84782
4631.45452308655  153.316
4632.07260978222  124.6413
4632.6906964779  145.7556
4633.30878317357  132.0281
4633.92686986924  134.3635
4634.54495656491  124.018
4635.16304326058  130.9066
4635.78112995625  131.3239
4636.39921665192  106.4121
4637.01730334759  133.0632
4637.63539004326  129.5905
4638.25347673893  119.4096
4638.87156343461  123.6742
4639.48965013028  151.5461
4640.10773682595  136.9295
4640.72582352162  124.9778
4641.34391021729  128.0299
4641.96199691296  161.574
4642.58008360863  122.0171
4643.1981703043  144.2045
4643.81625699997  143.7248
4644.43434369565  149.1076
4645.05243039132  124.3799
4645.67051708699  161.629
4646.28860378266  117.1427
4646.90669047833  160.9106
4647.524777174  138.2954
4648.14286386967  149.6275
4648.76095056534  138.1541
4649.37903726102  95.62663
4649.99712395669  120.7017
4650.61521065236  136.5637
4651.23329734803  123.9182
4651.8513840437  156.0499
4652.46947073937  133.8935
4653.08755743504  149.8607
4653.70564413071  154.4493
4654.32373082638  130.2148
4654.94181752205  133.9878
4655.55990421773  134.3523
4656.1779909134  143.5796
4656.79607760907  147.0544
4657.41416430474  172.9167
4658.03225100041  150.3971
4658.65033769608  163.265
4659.26842439175  138.986
4659.88651108742  119.9353
4660.50459778309  135.4012
4661.12268447877  145.0929
4661.74077117444  133.4603
4662.35885787011  161.3749
4662.97694456578  144.9162
4663.59503126145  124.9232
4664.21311795712  151.4062
4664.83120465279  146.4167
4665.44929134846  146.7934
4666.06737804413  158.8154
4666.6854647398  151.6277
4667.30355143548  135.3788
4667.92163813115  140.312
4668.53972482682  124.1464
4669.15781152249  132.3594
4669.77589821816  127.337
4670.39398491383  138.6415
4671.0120716095  153.7079
4671.63015830517  131.0773
4672.24824500085  149.5054
4672.86633169652  178.7136
4673.48441839219  130.4713
4674.10250508786  136.3452
4674.72059178353  136.3297
4675.3386784792  164.6869
4675.95676517487  139.4251
4676.57485187054  152.5174
4677.19293856621  143.1899
4677.81102526188  142.2202
4678.42911195756  125.6597
4679.04719865323  102.7617
4679.6652853489  138.3871
4680.28337204457  152.2643
4680.90145874024  178.3434
4681.51954543591  132.1981
4682.13763213158  150.1792
4682.75571882725  167.7636
4683.37380552292  129.37
4683.9918922186  143.8796
4684.60997891427  138.9162
4685.22806560994  154.3019
4685.84615230561  147.5401
4686.46423900128  144.2258
4687.08232569695  155.0067
4687.70041239262  165.7247
4688.31849908829  169.1895
4688.93658578396  157.3681
4689.55467247964  168.0711
4690.17275917531  155.7815
4690.79084587098  159.2951
4691.40893256665  127.9608
4692.02701926232  158.8521
4692.64510595799  143.9458
4693.26319265366  128.0679
4693.88127934933  151.2075
4694.499366045  150.696
4695.11745274068  130.2351
4695.73553943635  133.9823
4696.35362613202  151.84
4696.97171282769  139.2225
4697.58979952336  131.7347
4698.20788621903  137.1624
4698.8259729147  136.28
4699.44405961037  154.0392
4700.06214630604  143.0547
4700.68023300172  115.2364
4701.29831969739  117.2781
4701.91640639306  137.0793
4702.53449308873  140.384
4703.1525797844  133.678
4703.77066648007  148.4257
4704.38875317574  148.8212
4705.00683987141  147.2919
4705.62492656708  132.1705
4706.24301326276  138.2886
4706.86109995843  152.6901
4707.4791866541  187.3439
4708.09727334977  158.789
4708.71536004544  122.3521
4709.33344674111  138.3975
4709.95153343678  116.46
4710.56962013245  119.6693
4711.18770682812  166.3739
4711.80579352379  122.2683
4712.42388021947  130.1651
4713.04196691514  141.8899
4713.66005361081  128.6813
4714.27814030648  128.2994
4714.89622700215  134.4127
4715.51431369782  118.2073
4716.13240039349  104.6984
4716.75048708916  114.6534
4717.36857378483  113.8871
4717.98666048051  118.8287
4718.60474717618  143.6759
4719.22283387185  119.6519
4719.84092056752  158.7966
4720.45900726319  136.2499
4721.07709395886  155.0771
4721.69518065453  104.8542
4722.3132673502  124.0904
4722.93135404587  118.2339
4723.54944074155  130.7453
4724.16752743722  137.7299
4724.78561413289  128.8713
4725.40370082856  154.7634
4726.02178752423  122.3659
4726.6398742199  131.7212
4727.25796091557  136.7341
4727.87604761124  128.9104
4728.49413430691  135.7144
4729.11222100259  163.4358
4729.73030769826  119.989
4730.34839439393  122.4764
4730.9664810896  134.7341
4731.58456778527  114.7076
4732.20265448094  135.002
4732.82074117661  114.1081
4733.43882787228  139.4903
4734.05691456795  109.5714
4734.67500126363  111.8741
4735.2930879593  117.5675
4735.91117465497  125.6708
4736.52926135064  120.3066
4737.14734804631  128.8413
4737.76543474198  113.5966
4738.38352143765  117.8069
4739.00160813332  135.0721
4739.61969482899  130.9888
4740.23778152466  127.4914
4740.85586822034  107.8762
4741.47395491601  143.8631
4742.09204161168  128.176
4742.71012830735  120.0914
4743.32821500302  148.581
4743.94630169869  127.823
4744.56438839436  122.1906
4745.18247509003  123.2781
4745.8005617857  144.0483
4746.41864848137  130.2271
4747.03673517705  143.2689
4747.65482187272  122.5434
4748.27290856839  108.9055
4748.89099526406  128.4269
4749.50908195973  99.90289
4750.1271686554  122.1219
4750.74525535107  104.8217
4751.36334204674  122.8861
4751.98142874242  113.2327
4752.59951543809  129.2464
4753.21760213376  138.9533
4753.83568882943  133.4807
4754.4537755251  135.132
4755.07186222077  130.4863
4755.68994891644  141.9844
4756.30803561211  132.095
4756.92612230778  123.321
4757.54420900346  124.4765
4758.16229569913  131.0773
4758.7803823948  129.6626
4759.39846909047  101.3179
4760.01655578614  110.7458
4760.63464248181  143.3491
4761.25272917748  136.0818
4761.87081587315  115.1599
4762.48890256882  105.711
4763.1069892645  129.6677
4763.72507596017  136.4314
4764.34316265584  129.4458
4764.96124935151  117.7856
4765.57933604718  112.1384
4766.19742274285  115.2151
4766.81550943852  107.8055
4767.43359613419  132.258
4768.05168282986  113.74
4768.66976952553  131.9135
4769.28785622121  136.1638
4769.90594291688  146.8459
4770.52402961255  123.5407
4771.14211630822  130.6465
4771.76020300389  136.1199
4772.37828969956  131.1314
4772.99637639523  117.5869
4773.6144630909  136.8408
4774.23254978657  138.4391
4774.85063648224  104.6889
4775.46872317792  115.3967
4776.08680987359  130.7505
4776.70489656926  131.7842
4777.32298326493  121.7951
4777.9410699606  114.2864
4778.55915665627  127.0645
4779.17724335194  92.57841
4779.79533004761  124.2727
4780.41341674328  124.8207
4781.03150343896  141.3086
4781.64959013463  114.2134
4782.2676768303  137.2641
4782.88576352597  131.4901
4783.50385022164  130.4972
4784.12193691731  112.4367
4784.74002361298  149.5484
4785.35811030865  159.0218
4785.97619700432  140.269
4786.5942837  107.4007
4787.21237039567  113.9536
4787.83045709134  129.7157
4788.44854378701  128.8517
4789.06663048268  117.214
4789.68471717835  114.1162
4790.30280387402  108.8266
4790.92089056969  122.7878
4791.53897726537  122.7983
4792.15706396104  137.2835
4792.77515065671  115.8791
4793.39323735238  123.3137
4794.01132404805  141.7334
4794.62941074372  120.1856
4795.24749743939  135.7153
4795.86558413506  145.5443
4796.48367083073  132.203
4797.1017575264  122.3929
4797.71984422208  135.6888
4798.33793091775  153.5978
4798.95601761342  144.1239
4799.57410430909  130.2922
4800.19219100476  111.5589
4800.81027770043  131.5454
4801.4283643961  141.7567
4802.04645109177  117.2693
4802.66453778744  134.6496
4803.28262448311  152.3508
4803.90071117879  130.4296
4804.51879787446  134.7927
4805.13688457013  111.9953
4805.7549712658  111.502
4806.37305796147  121.8605
4806.99114465714  123.24
4807.60923135281  122.7726
4808.22731804848  144.2217
4808.84540474415  134.3177
4809.46349143983  117.955
4810.0815781355  127.0428
4810.69966483117  143.5875
4811.31775152684  119.5029
4811.93583822251  141.1878
4812.55392491818  130.2264
4813.17201161385  153.4181
4813.79009830952  141.8648
4814.40818500519  132.1164
4815.02627170087  151.8228
4815.64435839654  138.0482
4816.26244509221  124.3822
4816.88053178788  141.7346
4817.49861848355  160.9946
4818.11670517922  147.3002
4818.73479187489  145.5253
4819.35287857056  126.8555
4819.97096526623  132.8738
4820.58905196191  147.002
4821.20713865758  148.1231
4821.82522535325  146.9957
4822.44331204892  122.5877
4823.06139874459  150.3035
4823.67948544026  161.9737
4824.29757213593  138.4858
4824.9156588316  160.405
4825.53374552727  154.2443
4826.15183222295  139.1804
4826.76991891862  131.4541
4827.38800561429  151.7808
4828.00609230996  148.8938
4828.62417900563  168.8746
4829.2422657013  169.1317
4829.86035239697  161.206
4830.47843909264  172.4694
4831.09652578831  161.3694
4831.71461248398  175.9855
4832.33269917966  186.6354
4832.95078587533  197.7373
4833.568872571  218.1401
4834.18695926667  175.7521
4834.80504596234  201.5873
4835.42313265801  182.4414
4836.04121935368  178.5499
4836.65930604935  193.5782
4837.27739274502  205.7627
4837.8954794407  208.4656
4838.51356613637  207.3582
4839.13165283204  209.8876
4839.74973952771  251.1407
4840.36782622338  239.3622
4840.98591291905  225.3029
4841.60399961472  232.0033
4842.22208631039  233.3469
4842.84017300606  249.9521
4843.45825970174  225.7163
4844.07634639741  245.2589
4844.69443309308  219.2097
4845.31251978875  236.5926
4845.93060648442  270.336
4846.54869318009  258.6243
4847.16677987576  298.5901
4847.78486657143  308.9697
4848.4029532671  296.1161
4849.02103996278  302.8475
4849.63912665845  327.9693
4850.25721335412  328.1216
4850.87530004979  334.8091
4851.49338674546  352.3342
4852.11147344113  330.446
4852.7295601368  325.3916
4853.34764683247  323.4464
4853.96573352814  313.6707
4854.58382022381  319.9999
4855.20190691948  290.6414
4855.81999361516  317.0307
4856.43808031083  274.042
4857.0561670065  256.0851
4857.67425370217  245.3882
4858.29234039784  219.6845
4858.91042709351  267.8749
4859.52851378918  260.2497
4860.14660048485  239.5163
4860.76468718053  229.4273
4861.3827738762  241.4622
4862.00086057187  254.9232
4862.61894726754  277.7237
4863.23703396321  230.4591
4863.85512065888  264.082
4864.47320735455  308.1607
4865.09129405022  313.5368
4865.70938074589  328.7437
4866.32746744157  322.9575
4866.94555413724  325.994
4867.56364083291  354.859
4868.18172752858  364.9679
4868.79981422425  348.6155
4869.41790091992  394.2333
4870.03598761559  406.9088
4870.65407431126  315.448
4871.27216100693  351.7084
4871.89024770261  338.8004
4872.50833439828  302.159
4873.12642109395  317.5153
4873.74450778962  325.1471
4874.36259448529  259.5802
4874.98068118096  320.7484
4875.59876787663  295.9176
4876.2168545723  257.9495
4876.83494126797  250.7227
4877.45302796365  233.9597
4878.07111465932  243.5961
4878.68920135499  247.7304
4879.30728805066  228.7496
4879.92537474633  247.5933
4880.543461442  262.3219
4881.16154813767  237.7586
4881.77963483334  212.6314
4882.39772152901  220.3085
4883.01580822469  201.7191
4883.63389492035  202.1269
4884.25198161603  194.6513
4884.8700683117  197.682
4885.48815500737  201.7822
4886.10624170304  217.733
4886.72432839871  226.1663
4887.34241509438  198.1915
4887.96050179005  190.3703
4888.57858848572  160.0819
4889.1966751814  202.0296
4889.81476187707  183.7554
4890.43284857274  169.9995
4891.05093526841  182.4464
4891.66902196408  178.5752
4892.28710865975  189.3148
4892.90519535542  152.2918
4893.52328205109  163.4384
4894.14136874676  165.4114
4894.75945544243  172.029
4895.37754213811  177.6345
4895.99562883378  155.3063
4896.61371552945  172.8731
4897.23180222512  164.2364
4897.84988892079  154.3274
4898.46797561646  161.2325
4899.08606231213  160.6726
4899.7041490078  136.472
4900.32223570347  168.2581
4900.94032239915  152.0289
4901.55840909482  135.1347
4902.17649579049  158.0365
4902.79458248616  174.7981
4903.41266918183  138.9884
4904.0307558775  139.6094
4904.64884257317  132.3149
4905.26692926884  146.9917
4905.88501596451  123.496
4906.50310266019  149.3739
4907.12118935586  141.1943
4907.73927605153  135.8192
4908.3573627472  142.4883
4908.97544944287  155.2138
4909.59353613854  166.662
4910.21162283421  146.3918
4910.82970952988  136.3016
4911.44779622555  156.9027
4912.06588292122  131.111
4912.6839696169  152.2112
4913.30205631257  173.0339
4913.92014300824  146.0452
4914.53822970391  144.9478
4915.15631639958  145.9476
4915.77440309525  145.3448
4916.39248979092  140.7653
4917.01057648659  143.2767
4917.62866318227  155.8908
4918.24674987794  133.7909
4918.86483657361  131.7222
4919.48292326928  121.5404
4920.10100996495  140.8851
4920.71909666062  125.6798
4921.33718335629  137.522
4921.95527005196  108.9919
4922.57335674763  118.7617
4923.19144344331  161.1424
4923.80953013898  140.9345
4924.42761683465  130.8494
4925.04570353032  156.1048
4925.66379022599  126.6296
4926.28187692166  153.9709
4926.89996361733  150.8033
4927.518050313  135.0124
4928.13613700867  155.5956
4928.75422370434  156.6541
4929.37231040002  139.2049
4929.99039709569  155.5142
4930.60848379136  166.3123
4931.22657048703  123.3544
4931.8446571827  157.2909
4932.46274387837  161.7171
4933.08083057404  163.4418
4933.69891726971  184.1214
4934.31700396538  157.5489
4934.93509066106  132.999
4935.55317735673  142.4525
4936.1712640524  163.1883
4936.78935074807  175.7934
4937.40743744374  140.589
4938.02552413941  104.6284
4938.64361083508  141.2648
4939.26169753075  150.7708
4939.87978422642  162.8295
4940.49787092209  137.1872
4941.11595761777  153.6745
4941.73404431344  122.1796
4942.35213100911  115.2404
4942.97021770478  130.7132
4943.58830440045  156.275
4944.20639109612  132.3328
4944.82447779179  159.9326
4945.44256448746  155.8679
4946.06065118314  165.5812
4946.67873787881  130.693
4947.29682457448  138.2549
4947.91491127015  119.7159
4948.53299796582  142.882
4949.15108466149  148.8396
4949.76917135716  139.188
4950.38725805283  143.3999
4951.0053447485  129.1675
4951.62343144417  125.6892
4952.24151813985  127.1734
4952.85960483552  138.936
4953.47769153119  123.0887
4954.09577822686  146.0896
4954.71386492253  140.9005
4955.3319516182  130.1691
4955.95003831387  115.7209
4956.56812500954  127.6702
4957.18621170521  116.5087
4957.80429840089  111.565
4958.42238509656  128.3046
4959.04047179223  117.1713
4959.6585584879  133.8592
4960.27664518357  118.5634
4960.89473187924  93.6214
4961.51281857491  107.1976
4962.13090527058  116.9048
4962.74899196625  110.7113
4963.36707866193  125.0087
4963.9851653576  79.21062
4964.60325205327  114.253
4965.22133874894  125.9243
4965.83942544461  126.4369
4966.45751214028  106.3351
4967.07559883595  136.3459
4967.69368553162  103.9303
4968.31177222729  109.0811
4968.92985892296  121.799
4969.54794561864  132.5704
4970.16603231431  124.7803
4970.78411900998  126.9113
4971.40220570565  106.3508
4972.02029240132  115.0314
4972.63837909699  122.683
4973.25646579266  99.42674
4973.87455248833  119.862
4974.49263918401  104.9818
4975.11072587968  97.67634
4975.72881257535  125.1753
4976.34689927102  100.0787
4976.96498596669  110.1944
4977.58307266236  104.5743
4978.20115935803  113.5596
4978.8192460537  138.0319
4979.43733274937  91.3671
4980.05541944504  106.4653
4980.67350614071  113.7798
4981.29159283639  108.8696
4981.90967953206  123.9747
4982.52776622773  100.2767
4983.1458529234  104.5916
4983.76393961907  112.6803
4984.38202631474  126.6939
4985.00011301041  102.2141
4985.61819970608  113.1213
4986.23628640176  121.3255
4986.85437309743  124.2326
4987.4724597931  103.8761
4988.09054648877  121.2741
4988.70863318444  109.352
4989.32671988011  91.85095
4989.94480657578  121.8446
4990.56289327145  133.8342
4991.18097996712  121.4452
4991.7990666628  117.6027
4992.41715335847  117.0426
4993.03524005414  108.2047
4993.65332674981  126.3672
4994.27141344548  101.2789
4994.88950014115  124.1949
4995.50758683682  136.0607
4996.12567353249  149.7692
4996.74376022816  130.4507
4997.36184692383  113.4408
4997.97993361951  111.3208
4998.59802031518  118.9026
4999.21610701085  123.3669
4999.83419370652  121.1446
5000.45228040219  110.374
5001.07036709786  124.3871
5001.68845379353  121.4915
5002.3065404892  124.3924
5002.92462718487  102.7963
5003.54271388055  108.8124
5004.16080057622  115.7635
5004.77888727189  116.0387
5005.39697396756  117.5332
5006.01506066323  127.5627
5006.6331473589  138.7025
5007.25123405457  122.632
5007.86932075024  110.5584
5008.48740744591  115.7286
5009.10549414159  118.205
5009.72358083726  109.5735
5010.34166753293  118.3764
5010.9597542286  99.34938
5011.57784092427  127.8282
5012.19592761994  120.4546
5012.81401431561  115.7032
5013.43210101128  116.0955
5014.05018770696  113.9933
5014.66827440263  112.0852
5015.2863610983  103.4181
5015.90444779397  89.98208
5016.52253448964  118.671
5017.14062118531  117.1003
5017.75870788098  138.0148
5018.37679457665  110.2012
5018.99488127232  112.9259
5019.612967968  120.0605
5020.23105466367  99.74822
5020.84914135934  124.4942
5021.46722805501  143.3083
5022.08531475068  31.82572
5022.70340144635  155.2446
5023.32148814202  162.863
5023.93957483769  252.7308
5024.55766153336  143.6418
5025.17574822903  169.6252
5025.79383492471  154.1777
5026.41192162038  187.6205
5027.03000831605  148.914
5027.64809501172  155.3943
5028.26618170739  122.3348
5028.88426840306  124.7769
5029.50235509873  122.8863
5030.1204417944  134.1286
5030.73852849007  122.9871
5031.35661518575  136.5692
5031.97470188142  132.0969
5032.59278857709  134.7337
5033.21087527276  117.7268
5033.82896196843  137.9607
5034.4470486641  140.357
5035.06513535977  133.2891
5035.68322205544  124.4614
5036.30130875111  142.0142
5036.91939544679  141.2764
5037.53748214246  117.4347
5038.15556883813  111.2514
5038.7736555338  150.4248
5039.39174222947  141.2456
5040.00982892514  120.5033
5040.62791562081  135.741
5041.24600231648  106.3833
5041.86408901215  122.5781
5042.48217570783  115.7003
5043.1002624035  133.9744
5043.71834909917  136.9051
5044.33643579484  136.2038
5044.95452249051  99.93395
5045.57260918618  124.9931
5046.19069588185  104.706
5046.80878257752  139.5816
5047.42686927319  109.4495
5048.04495596887  118.963
5048.66304266454  114.0154
5049.28112936021  134.9003
5049.89921605588  119.9312
5050.51730275155  120.8443
5051.13538944722  137.1899
5051.75347614289  146.7765
5052.37156283856  142.0011
5052.98964953423  129.0318
5053.6077362299  139.0977
5054.22582292558  121.2517
5054.84390962125  128.019
5055.46199631692  134.6964
5056.08008301259  141.04
5056.69816970826  137.6269
5057.31625640393  118.7218
5057.9343430996  134.5437
5058.55242979527  140.0743
5059.17051649094  152.6375
5059.78860318661  140.5076
5060.40668988229  142.6688
5061.02477657796  126.7485
5061.64286327363  141.6996
5062.2609499693  105.3297
5062.87903666497  164.4278
5063.49712336064  138.3824
5064.11521005631  125.3364
5064.73329675198  143.7846
5065.35138344765  131.515
5065.96947014333  140.1505
5066.587556839  148.5664
5067.20564353467  162.0075
5067.82373023034  146.3126
5068.44181692601  140.3965
5069.05990362168  130.4045
5069.67799031735  157.4836
5070.29607701302  155.3052
5070.9141637087  151.1435
5071.53225040437  151.9175
5072.15033710004  136.4861
5072.76842379571  133.6286
5073.38651049138  136.5407
5074.00459718705  138.9466
5074.62268388272  151.4979
5075.24077057839  144.7371
5075.85885727406  145.4172
5076.47694396974  135.3157
5077.09503066541  135.5988
5077.71311736108  142.2144
5078.33120405675  142.4183
5078.94929075242  139.1642
5079.56737744809  146.0638
5080.18546414376  157.9619
5080.80355083943  157.2097
5081.4216375351  132.5575
5082.03972423077  158.56
5082.65781092644  107.9176
5083.27589762212  133.0445
5083.89398431779  116.6024
5084.51207101346  122.5508
5085.13015770913  138.9417
5085.7482444048  131.3572
5086.36633110047  146.9116
5086.98441779614  152.6803
5087.60250449181  141.3979
5088.22059118748  154.2675
5088.83867788316  112.3983
5089.45676457883  139.3443
5090.0748512745  111.4111
5090.69293797017  117.0637
5091.31102466584  137.0335
5091.92911136151  127.4961
5092.54719805718  162.1184
5093.16528475285  154.8883
5093.78337144853  140.8484
5094.4014581442  135.3845
5095.01954483987  104.5094
5095.63763153554  137.8035
5096.25571823121  153.3982
5096.87380492688  157.3507
5097.49189162255  126.0917
5098.10997831822  149.0545
5098.72806501389  138.1569
5099.34615170956  138.3846
5099.96423840524  127.077
5100.58232510091  136.0902
5101.20041179658  139.0891
5101.81849849225  112.7004
5102.43658518792  147.064
5103.05467188359  121.8608
5103.67275857926  125.745
5104.29084527493  138.5643
5104.90893197061  139.7447
5105.52701866627  130.6669
5106.14510536195  136.722
5106.76319205762  142.791
5107.38127875329  140.0882
5107.99936544896  108.29
5108.61745214463  140.6073
5109.2355388403  155.1093
5109.85362553597  130.383
5110.47171223164  141.4391
5111.08979892731  168.7874
5111.70788562299  128.4475
5112.32597231866  131.2504
5112.94405901433  142.1196
5113.56214571  156.4958
5114.18023240567  173.146
5114.79831910134  156.994
5115.41640579701  162.4923
5116.03449249268  132.9127
5116.65257918835  155.1693
5117.27066588403  152.3679
5117.8887525797  144.8156
5118.50683927537  141.4178
5119.12492597104  165.8718
5119.74301266671  130.3318
5120.36109936238  113.515
5120.97918605805  128.8453
5121.59727275372  151.4996
5122.2153594494  148.3306
5122.83344614507  151.7713
5123.45153284074  150.8907
5124.06961953641  132.4436
5124.68770623208  156.9574
5125.30579292775  159.5063
5125.92387962342  132.0577
5126.54196631909  134.9443
5127.16005301476  115.0401
5127.77813971043  113.9457
5128.39622640611  133.3042
5129.01431310178  145.7819
5129.63239979745  116.5944
5130.25048649312  145.9377
5130.86857318879  158.0856
5131.48665988446  129.7412
5132.10474658013  136.101
5132.7228332758  152.2567
5133.34091997147  156.5749
5133.95900666714  158.0689
5134.57709336282  102.7594
5135.19518005849  134.7571
5135.81326675416  110.5737
5136.43135344983  145.9805
5137.0494401455  119.2344
5137.66752684117  132.8827
5138.28561353684  143.0945
