3640.8408203125  2.529233E-14
3643.64369055707  2.484018E-14
3646.44656080163  2.351073E-14
3649.2494310462  2.340016E-14
3652.05230129076  2.463938E-14
3654.85517153533  2.420308E-14
3657.6580417799  2.256815E-14
3660.46091202446  2.358793E-14
3663.26378226903  2.429822E-14
3666.06665251359  2.434713E-14
3668.86952275816  2.415174E-14
3671.67239300272  2.328832E-14
3674.47526324729  2.368127E-14
3677.27813349185  2.334188E-14
3680.08100373642  2.335465E-14
3682.88387398098  2.431204E-14
3685.68674422555  2.442188E-14
3688.48961447011  2.403660E-14
3691.29248471468  2.528431E-14
3694.09535495924  2.585982E-14
3696.89822520381  2.537439E-14
3699.70109544837  2.613537E-14
3702.50396569294  2.734858E-14
3705.3068359375  2.747765E-14
3708.10970618207  2.726029E-14
3710.91257642663  2.645802E-14
3713.7154466712  2.644187E-14
3716.51831691576  2.728394E-14
3719.32118716033  2.798983E-14
3722.1240574049  2.770461E-14
3724.92692764946  2.698920E-14
3727.72979789403  2.841913E-14
3730.53266813859  2.852935E-14
3733.33553838316  2.728072E-14
3736.13840862772  2.666393E-14
3738.94127887229  2.687490E-14
3741.74414911685  2.772845E-14
3744.54701936142  2.804255E-14
3747.34988960598  2.798662E-14
3750.15275985055  2.780050E-14
3752.95563009511  2.683367E-14
3755.75850033968  2.760855E-14
3758.56137058424  2.780607E-14
3761.36424082881  2.738082E-14
3764.16711107337  2.646288E-14
3766.96998131794  2.588619E-14
3769.7728515625  2.698594E-14
3772.57572180707  2.772512E-14
3775.37859205163  2.643741E-14
3778.1814622962  2.742424E-14
3780.98433254076  2.804302E-14
3783.78720278533  2.870546E-14
3786.59007302989  2.964412E-14
3789.39294327446  2.976306E-14
3792.19581351902  2.838911E-14
3794.99868376359  2.793913E-14
3797.80155400815  2.915270E-14
3800.60442425272  2.929609E-14
3803.40729449729  2.902493E-14
3806.21016474185  2.926732E-14
3809.01303498642  2.977866E-14
3811.81590523098  2.970108E-14
3814.61877547555  2.981651E-14
3817.42164572011  3.027014E-14
3820.22451596468  3.039526E-14
3823.02738620924  2.902864E-14
3825.83025645381  3.044587E-14
3828.63312669837  3.123274E-14
3831.43599694294  3.047434E-14
3834.2388671875  3.024653E-14
3837.04173743207  3.011258E-14
3839.84460767663  3.058814E-14
3842.6474779212  3.057852E-14
3845.45034816576  2.985159E-14
3848.25321841033  3.019578E-14
3851.05608865489  3.094642E-14
3853.85895889946  3.124643E-14
3856.66182914402  3.159964E-14
3859.46469938859  3.266514E-14
3862.26756963315  3.329834E-14
3865.07043987772  3.397896E-14
3867.87331012229  3.424198E-14
3870.67618036685  3.530198E-14
3873.47905061142  3.605586E-14
3876.28192085598  3.560616E-14
3879.08479110055  3.479615E-14
3881.88766134511  3.493982E-14
3884.69053158968  3.404235E-14
3887.49340183424  3.402803E-14
3890.29627207881  3.338413E-14
3893.09914232337  3.329513E-14
3895.90201256794  3.240448E-14
3898.7048828125  3.195543E-14
3901.50775305707  3.262549E-14
3904.31062330163  3.296434E-14
3907.1134935462  3.398320E-14
3909.91636379076  3.430283E-14
3912.71923403533  3.415638E-14
3915.52210427989  3.596081E-14
3918.32497452446  3.582494E-14
3921.12784476902  3.618422E-14
3923.93071501359  3.650351E-14
3926.73358525815  3.725648E-14
3929.53645550272  3.760815E-14
3932.33932574729  3.769916E-14
3935.14219599185  3.801344E-14
3937.94506623642  3.888432E-14
3940.74793648098  3.797033E-14
3943.55080672555  3.812688E-14
3946.35367697011  3.769995E-14
3949.15654721468  3.676800E-14
3951.95941745924  3.655449E-14
3954.76228770381  3.585609E-14
3957.56515794837  3.486999E-14
3960.36802819294  3.394856E-14
3963.1708984375  3.215892E-14
3965.97376868207  3.145689E-14
3968.77663892663  3.190931E-14
3971.5795091712  3.165399E-14
3974.38237941576  3.155904E-14
3977.18524966033  3.123595E-14
3979.98811990489  3.099331E-14
3982.79099014946  3.134056E-14
3985.59386039402  3.192577E-14
3988.39673063859  3.264969E-14
3991.19960088315  3.335215E-14
3994.00247112772  3.382423E-14
3996.80534137228  3.418617E-14
3999.60821161685  3.450240E-14
4002.41108186142  3.552266E-14
4005.21395210598  3.595731E-14
4008.01682235054  3.570240E-14
4010.81969259511  3.680744E-14
4013.62256283968  3.718462E-14
4016.42543308424  3.668008E-14
4019.22830332881  3.676928E-14
4022.03117357337  3.699352E-14
4024.83404381794  3.711199E-14
4027.6369140625  3.707851E-14
4030.43978430707  3.705957E-14
4033.24265455163  3.716076E-14
4036.0455247962  3.659803E-14
4038.84839504076  3.687210E-14
4041.65126528533  3.697657E-14
4044.45413552989  3.664008E-14
4047.25700577446  3.700750E-14
4050.05987601902  3.643534E-14
4052.86274626359  3.635130E-14
4055.66561650815  3.699412E-14
4058.46848675272  3.669337E-14
4061.27135699729  3.633655E-14
4064.07422724185  3.676104E-14
4066.87709748642  3.622988E-14
4069.67996773098  3.665584E-14
4072.48283797555  3.579542E-14
4075.28570822011  3.513888E-14
4078.08857846467  3.498869E-14
4080.89144870924  3.451771E-14
4083.69431895381  3.359519E-14
4086.49718919837  3.262098E-14
4089.30005944294  3.190229E-14
4092.1029296875  3.165851E-14
4094.90579993207  3.150020E-14
4097.70867017663  3.011295E-14
4100.5115404212  2.980266E-14
4103.31441066576  2.950708E-14
4106.11728091033  2.986747E-14
4108.92015115489  3.032918E-14
4111.72302139946  2.982963E-14
4114.52589164402  3.003462E-14
4117.32876188859  3.050765E-14
4120.13163213315  3.161048E-14
4122.93450237772  3.176492E-14
4125.73737262228  3.266663E-14
4128.54024286685  3.341287E-14
4131.34311311141  3.317857E-14
4134.14598335598  3.361141E-14
4136.94885360054  3.435840E-14
4139.75172384511  3.461927E-14
4142.55459408968  3.515159E-14
4145.35746433424  3.607532E-14
4148.16033457881  3.611576E-14
4150.96320482337  3.588968E-14
4153.76607506794  3.586130E-14
4156.5689453125  3.640249E-14
4159.37181555707  3.613623E-14
4162.17468580163  3.571055E-14
4164.9775560462  3.647954E-14
4167.78042629076  3.653735E-14
4170.58329653533  3.619600E-14
4173.38616677989  3.640454E-14
4176.18903702446  3.615102E-14
4178.99190726902  3.604595E-14
4181.79477751359  3.656836E-14
4184.59764775815  3.694836E-14
4187.40051800272  3.668895E-14
4190.20338824728  3.588831E-14
4193.00625849185  3.580551E-14
4195.80912873641  3.601252E-14
4198.61199898098  3.567411E-14
4201.41486922554  3.567767E-14
4204.21773947011  3.612573E-14
4207.02060971467  3.538902E-14
4209.82347995924  3.548119E-14
4212.62635020381  3.587354E-14
4215.42922044837  3.558333E-14
4218.23209069294  3.496757E-14
4221.0349609375  3.518286E-14
4223.83783118207  3.492693E-14
4226.64070142663  3.536472E-14
4229.4435716712  3.479727E-14
4232.24644191576  3.518189E-14
4235.04931216033  3.510416E-14
4237.85218240489  3.435676E-14
4240.65505264946  3.447773E-14
4243.45792289402  3.463291E-14
4246.26079313859  3.522306E-14
4249.06366338315  3.528322E-14
4251.86653362772  3.520388E-14
4254.66940387228  3.535510E-14
4257.47227411685  3.454293E-14
4260.27514436141  3.525061E-14
4263.07801460598  3.594980E-14
4265.88088485054  3.553993E-14
4268.68375509511  3.543233E-14
4271.48662533967  3.509373E-14
4274.28949558424  3.533404E-14
4277.09236582881  3.519696E-14
4279.89523607337  3.518620E-14
4282.69810631794  3.514293E-14
4285.5009765625  3.497239E-14
4288.30384680707  3.515905E-14
4291.10671705163  3.446268E-14
4293.9095872962  3.470856E-14
4296.71245754076  3.468176E-14
4299.51532778533  3.438494E-14
4302.31819802989  3.445459E-14
4305.12106827446  3.450885E-14
4307.92393851902  3.410486E-14
4310.72680876359  3.355073E-14
4313.52967900815  3.271229E-14
4316.33254925272  3.189502E-14
4319.13541949728  3.163305E-14
4321.93828974185  3.127897E-14
4324.74115998641  3.091500E-14
4327.54403023098  3.062582E-14
4330.34690047554  2.962344E-14
4333.14977072011  2.852440E-14
4335.95264096467  2.852379E-14
4338.75551120924  2.895036E-14
4341.5583814538  2.948626E-14
4344.36125169837  2.870939E-14
4347.16412194294  2.893100E-14
4349.9669921875  2.873910E-14
4352.76986243207  2.887817E-14
4355.57273267663  3.019034E-14
4358.3756029212  2.969793E-14
4361.17847316576  3.100994E-14
4363.98134341033  3.164773E-14
4366.78421365489  3.152737E-14
4369.58708389946  3.208257E-14
4372.38995414402  3.256034E-14
4375.19282438859  3.262732E-14
4377.99569463315  3.322762E-14
4380.79856487772  3.294716E-14
4383.60143512228  3.284450E-14
4386.40430536685  3.373389E-14
4389.20717561141  3.358340E-14
4392.01004585598  3.383792E-14
4394.81291610054  3.339692E-14
4397.61578634511  3.323777E-14
4400.41865658967  3.385485E-14
4403.22152683424  3.404314E-14
4406.02439707881  3.382614E-14
4408.82726732337  3.358797E-14
4411.63013756793  3.350752E-14
4414.4330078125  3.369184E-14
4417.23587805707  3.375774E-14
4420.03874830163  3.349006E-14
4422.8416185462  3.324845E-14
4425.64448879076  3.341721E-14
4428.44735903533  3.313518E-14
4431.25022927989  3.298537E-14
4434.05309952446  3.350449E-14
4436.85596976902  3.341415E-14
4439.65884001359  3.337234E-14
4442.46171025815  3.258733E-14
4445.26458050272  3.282211E-14
4448.06745074728  3.285712E-14
4450.87032099185  3.199949E-14
4453.67319123641  3.258498E-14
4456.47606148098  3.277298E-14
4459.27893172554  3.225720E-14
4462.08180197011  3.220430E-14
4464.88467221467  3.201559E-14
4467.68754245924  3.216406E-14
4470.4904127038  3.183256E-14
4473.29328294837  3.163682E-14
4476.09615319294  3.136222E-14
4478.8990234375  3.119116E-14
4481.70189368206  3.134396E-14
4484.50476392663  3.146384E-14
4487.3076341712  3.167005E-14
4490.11050441576  3.201270E-14
4492.91337466033  3.222538E-14
4495.71624490489  3.238334E-14
4498.51911514946  3.223972E-14
4501.32198539402  3.208335E-14
4504.12485563859  3.243365E-14
4506.92772588315  3.240626E-14
4509.73059612772  3.250323E-14
4512.53346637228  3.291273E-14
4515.33633661685  3.273383E-14
4518.13920686141  3.249401E-14
4520.94207710598  3.232080E-14
4523.74494735054  3.269594E-14
4526.54781759511  3.287873E-14
4529.35068783967  3.250234E-14
4532.15355808424  3.236374E-14
4534.9564283288  3.306772E-14
4537.75929857337  3.231638E-14
4540.56216881793  3.177420E-14
4543.3650390625  3.240546E-14
4546.16790930707  3.239803E-14
4548.97077955163  3.219998E-14
4551.77364979619  3.227281E-14
4554.57652004076  3.180751E-14
4557.37939028533  3.198916E-14
4560.18226052989  3.182158E-14
4562.98513077446  3.216438E-14
4565.78800101902  3.217918E-14
4568.59087126359  3.261401E-14
4571.39374150815  3.262469E-14
4574.19661175272  3.192604E-14
4576.99948199728  3.131472E-14
4579.80235224185  3.198899E-14
4582.60522248641  3.233260E-14
4585.40809273098  3.255083E-14
4588.21096297554  3.179195E-14
4591.01383322011  3.164860E-14
4593.81670346467  3.193207E-14
4596.61957370924  3.183689E-14
4599.4224439538  3.170878E-14
4602.22531419837  3.177978E-14
4605.02818444293  3.185833E-14
4607.8310546875  3.163651E-14
4610.63392493206  3.176269E-14
4613.43679517663  3.213372E-14
4616.2396654212  3.206351E-14
4619.04253566576  3.196212E-14
4621.84540591033  3.204723E-14
4624.64827615489  3.204889E-14
4627.45114639946  3.221180E-14
4630.25401664402  3.179267E-14
4633.05688688859  3.192117E-14
4635.85975713315  3.197507E-14
4638.66262737772  3.170387E-14
4641.46549762228  3.204042E-14
4644.26836786685  3.212334E-14
4647.07123811141  3.192608E-14
4649.87410835598  3.228071E-14
4652.67697860054  3.203424E-14
4655.47984884511  3.140917E-14
4658.28271908967  3.132531E-14
4661.08558933424  3.163768E-14
4663.8884595788  3.225069E-14
4666.69132982337  3.163829E-14
4669.49420006793  3.139136E-14
4672.2970703125  3.181780E-14
4675.09994055706  3.189802E-14
4677.90281080163  3.165632E-14
4680.70568104619  3.168724E-14
4683.50855129076  3.136159E-14
4686.31142153533  3.143807E-14
4689.11429177989  3.156335E-14
4691.91716202445  3.161749E-14
4694.72003226902  3.179246E-14
4697.52290251359  3.118351E-14
4700.32577275815  3.109051E-14
4703.12864300271  3.142119E-14
4705.93151324728  3.129929E-14
4708.73438349185  3.081042E-14
4711.53725373641  3.076391E-14
4714.34012398098  3.063716E-14
4717.14299422554  3.067793E-14
4719.94586447011  3.072737E-14
4722.74873471467  3.018804E-14
4725.55160495924  3.023885E-14
4728.3544752038  3.002362E-14
4731.15734544837  3.030452E-14
4733.96021569293  3.059335E-14
4736.7630859375  3.027716E-14
4739.56595618206  2.994198E-14
4742.36882642663  3.030694E-14
4745.17169667119  3.009321E-14
4747.97456691576  2.990611E-14
4750.77743716033  3.021458E-14
4753.58030740489  3.000123E-14
4756.38317764946  2.998029E-14
4759.18604789402  2.986011E-14
4761.98891813859  3.002159E-14
4764.79178838315  2.959664E-14
4767.59465862772  2.958543E-14
4770.39752887228  2.951956E-14
4773.20039911685  2.978844E-14
4776.00326936141  2.958956E-14
4778.80613960598  2.929124E-14
4781.60900985054  2.904023E-14
4784.41188009511  2.914311E-14
4787.21475033967  2.915076E-14
4790.01762058424  2.884749E-14
4792.8204908288  2.891207E-14
4795.62336107337  2.920812E-14
4798.42623131793  2.899043E-14
4801.2291015625  2.879146E-14
4804.03197180706  2.897714E-14
4806.83484205163  2.928116E-14
4809.63771229619  2.880207E-14
4812.44058254076  2.835624E-14
4815.24345278532  2.859344E-14
4818.04632302989  2.816820E-14
4820.84919327445  2.813035E-14
4823.65206351902  2.777871E-14
4826.45493376359  2.744206E-14
4829.25780400815  2.705366E-14
4832.06067425272  2.646962E-14
4834.86354449728  2.627076E-14
4837.66641474185  2.548400E-14
4840.46928498641  2.554721E-14
4843.27215523098  2.504504E-14
4846.07502547554  2.523104E-14
4848.87789572011  2.452686E-14
4851.68076596467  2.459974E-14
4854.48363620924  2.442665E-14
4857.2865064538  2.428030E-14
4860.08937669837  2.432909E-14
4862.89224694293  2.442830E-14
4865.6951171875  2.435812E-14
4868.49798743206  2.436284E-14
4871.30085767663  2.445114E-14
4874.10372792119  2.413396E-14
4876.90659816576  2.439222E-14
4879.70946841032  2.472224E-14
4882.51233865489  2.505529E-14
4885.31520889945  2.559843E-14
4888.11807914402  2.601197E-14
4890.92094938859  2.605892E-14
4893.72381963315  2.597695E-14
4896.52668987772  2.624671E-14
4899.32956012228  2.635512E-14
4902.13243036685  2.619460E-14
4904.93530061141  2.665165E-14
4907.73817085598  2.699435E-14
4910.54104110054  2.684698E-14
4913.34391134511  2.719641E-14
4916.14678158967  2.719820E-14
4918.94965183424  2.703799E-14
4921.7525220788  2.725833E-14
4924.55539232337  2.751383E-14
4927.35826256793  2.741297E-14
4930.1611328125  2.728758E-14
4932.96400305706  2.767545E-14
4935.76687330163  2.734155E-14
4938.56974354619  2.690111E-14
4941.37261379076  2.762865E-14
4944.17548403532  2.771680E-14
4946.97835427989  2.758149E-14
4949.78122452445  2.772991E-14
4952.58409476902  2.803747E-14
4955.38696501358  2.795889E-14
4958.18983525815  2.770011E-14
4960.99270550271  2.770540E-14
4963.79557574728  2.752991E-14
4966.59844599185  2.757234E-14
4969.40131623641  2.785628E-14
4972.20418648098  2.759150E-14
4975.00705672554  2.739213E-14
4977.80992697011  2.739391E-14
4980.61279721467  2.768597E-14
4983.41566745924  2.762238E-14
4986.2185377038  2.759771E-14
4989.02140794837  2.747333E-14
4991.82427819293  2.704900E-14
4994.6271484375  2.754656E-14
4997.43001868206  2.731123E-14
5000.23288892663  2.710699E-14
5003.03575917119  2.723619E-14
5005.83862941576  2.740779E-14
5008.64149966032  2.723115E-14
5011.44436990489  2.709161E-14
5014.24724014945  2.754607E-14
5017.05011039402  2.747275E-14
5019.85298063858  2.704289E-14
5022.65585088315  2.697653E-14
5025.45872112771  2.747104E-14
5028.26159137228  2.687357E-14
5031.06446161685  2.697422E-14
5033.86733186141  2.688862E-14
5036.67020210598  2.671604E-14
5039.47307235054  2.678568E-14
5042.27594259511  2.658359E-14
5045.07881283967  2.671981E-14
5047.88168308424  2.713466E-14
5050.6845533288  2.692084E-14
5053.48742357337  2.647426E-14
5056.29029381793  2.666139E-14
5059.0931640625  2.672908E-14
5061.89603430706  2.668793E-14
5064.69890455163  2.698077E-14
5067.50177479619  2.692533E-14
5070.30464504076  2.672636E-14
5073.10751528532  2.690801E-14
5075.91038552989  2.698628E-14
5078.71325577445  2.692794E-14
5081.51612601902  2.675678E-14
5084.31899626358  2.691605E-14
5087.12186650815  2.693212E-14
5089.92473675271  2.668118E-14
5092.72760699728  2.701380E-14
5095.53047724184  2.677542E-14
5098.33334748641  2.668692E-14
5101.13621773098  2.705626E-14
5103.93908797554  2.665723E-14
5106.74195822011  2.694990E-14
5109.54482846467  2.665409E-14
5112.34769870924  2.675589E-14
5115.1505689538  2.650833E-14
5117.95343919837  2.623717E-14
5120.75630944293  2.611602E-14
5123.5591796875  2.650640E-14
5126.36204993206  2.630688E-14
5129.16492017663  2.628562E-14
5131.96779042119  2.647044E-14
5134.77066066576  2.629691E-14
5137.57353091032  2.616615E-14
5140.37640115489  2.602174E-14
5143.17927139945  2.597189E-14
5145.98214164402  2.593991E-14
5148.78501188858  2.617039E-14
5151.58788213315  2.567260E-14
5154.39075237772  2.543492E-14
5157.19362262228  2.585886E-14
5159.99649286685  2.578535E-14
5162.79936311141  2.579756E-14
5165.60223335598  2.576501E-14
5168.40510360054  2.548463E-14
5171.20797384511  2.561827E-14
5174.01084408967  2.559005E-14
5176.81371433424  2.548062E-14
5179.6165845788  2.550179E-14
5182.41945482337  2.523100E-14
5185.22232506793  2.558045E-14
5188.0251953125  2.568627E-14
5190.82806555706  2.544738E-14
5193.63093580163  2.533618E-14
5196.43380604619  2.513452E-14
5199.23667629076  2.516063E-14
5202.03954653532  2.541578E-14
5204.84241677989  2.524747E-14
5207.64528702445  2.545780E-14
5210.44815726902  2.490590E-14
5213.25102751358  2.491371E-14
5216.05389775815  2.507254E-14
5218.85676800271  2.494390E-14
5221.65963824728  2.502156E-14
5224.46250849185  2.471137E-14
5227.26537873641  2.468036E-14
5230.06824898098  2.470686E-14
5232.87111922554  2.505948E-14
5235.67398947011  2.477461E-14
5238.47685971467  2.466841E-14
5241.27972995924  2.465000E-14
5244.0826002038  2.457828E-14
5246.88547044837  2.458469E-14
5249.68834069293  2.451804E-14
5252.4912109375  2.480520E-14
5255.29408118206  2.456935E-14
5258.09695142663  2.432504E-14
5260.89982167119  2.426306E-14
5263.70269191576  2.421049E-14
5266.50556216032  2.446932E-14
5269.30843240489  2.455950E-14
5272.11130264945  2.424201E-14
5274.91417289402  2.380349E-14
5277.71704313858  2.405407E-14
5280.51991338315  2.426143E-14
5283.32278362771  2.422146E-14
5286.12565387228  2.393453E-14
5288.92852411684  2.407093E-14
5291.73139436141  2.372378E-14
5294.53426460598  2.391711E-14
5297.33713485054  2.407223E-14
5300.14000509511  2.371907E-14
5302.94287533967  2.360730E-14
5305.74574558423  2.378606E-14
5308.5486158288  2.380434E-14
5311.35148607337  2.382075E-14
5314.15435631793  2.383803E-14
5316.9572265625  2.345959E-14
5319.76009680706  2.362195E-14
5322.56296705163  2.349426E-14
5325.36583729619  2.369479E-14
5328.16870754076  2.411531E-14
5330.97157778532  2.353203E-14
5333.77444802989  2.344187E-14
5336.57731827445  2.333787E-14
5339.38018851902  2.341209E-14
5342.18305876358  2.403724E-14
5344.98592900815  2.365819E-14
5347.78879925271  2.343478E-14
5350.59166949728  2.347670E-14
5353.39453974184  2.355553E-14
5356.19740998641  2.369609E-14
5359.00028023097  2.341013E-14
5361.80315047554  2.341319E-14
5364.60602072011  2.344931E-14
5367.40889096467  2.338886E-14
5370.21176120924  2.344036E-14
5373.0146314538  2.350447E-14
5375.81750169837  2.328118E-14
5378.62037194293  2.347557E-14
5381.4232421875  2.365009E-14
5384.22611243206  2.343492E-14
5387.02898267663  2.354172E-14
5389.83185292119  2.355063E-14
5392.63472316576  2.305545E-14
5395.43759341032  2.329820E-14
5398.24046365489  2.345083E-14
5401.04333389945  2.354086E-14
5403.84620414402  2.326617E-14
5406.64907438858  2.327313E-14
5409.45194463315  2.299564E-14
5412.25481487771  2.301426E-14
5415.05768512228  2.295160E-14
5417.86055536684  2.296953E-14
5420.66342561141  2.319081E-14
5423.46629585598  2.292523E-14
5426.26916610054  2.276418E-14
5429.0720363451  2.298861E-14
5431.87490658967  2.294674E-14
5434.67777683424  2.288422E-14
5437.4806470788  2.286604E-14
5440.28351732337  2.277486E-14
5443.08638756793  2.268175E-14
5445.88925781249  2.288847E-14
5448.69212805706  2.297921E-14
5451.49499830163  2.271710E-14
5454.29786854619  2.260190E-14
5457.10073879076  2.255795E-14
5459.90360903532  2.268240E-14
5462.70647927989  2.289818E-14
5465.50934952445  2.293760E-14
5468.31221976902  2.281317E-14
5471.11509001358  2.277038E-14
5473.91796025815  2.271168E-14
5476.72083050271  2.265236E-14
5479.52370074728  2.238542E-14
5482.32657099184  2.268830E-14
5485.12944123641  2.276663E-14
5487.93231148097  2.253481E-14
5490.73518172554  2.225142E-14
5493.5380519701  2.248598E-14
5496.34092221467  2.239057E-14
5499.14379245923  2.268151E-14
5501.9466627038  2.248115E-14
5504.74953294837  2.242473E-14
5507.55240319293  2.250882E-14
5510.3552734375  2.276847E-14
5513.15814368206  2.224246E-14
5515.96101392663  2.204661E-14
5518.76388417119  2.250300E-14
5521.56675441576  2.213669E-14
5524.36962466032  2.177991E-14
5527.17249490489  2.217691E-14
5529.97536514945  2.249691E-14
5532.77823539402  2.243298E-14
5535.58110563858  2.242822E-14
5538.38397588315  2.217930E-14
5541.18684612771  2.217419E-14
5543.98971637228  2.227126E-14
5546.79258661684  2.207993E-14
5549.59545686141  2.202710E-14
5552.39832710597  2.214194E-14
5555.20119735054  2.229275E-14
5558.0040675951  2.191494E-14
5560.80693783967  2.202587E-14
5563.60980808423  2.229499E-14
5566.4126783288  2.216335E-14
5569.21554857336  2.180502E-14
5572.01841881793  2.171344E-14
5574.8212890625  2.142343E-14
5577.62415930706  2.169096E-14
5580.42702955163  2.204968E-14
5583.22989979619  2.175648E-14
5586.03277004076  2.174278E-14
5588.83564028532  2.183875E-14
5591.63851052989  2.173284E-14
5594.44138077445  2.147077E-14
5597.24425101902  2.174868E-14
5600.04712126358  2.184723E-14
5602.84999150815  2.155124E-14
5605.65286175271  2.152818E-14
5608.45573199728  2.148966E-14
5611.25860224184  2.132372E-14
5614.06147248641  2.129107E-14
5616.86434273097  2.153904E-14
5619.66721297554  2.157910E-14
5622.4700832201  2.154669E-14
5625.27295346467  2.159858E-14
5628.07582370924  2.158846E-14
5630.8786939538  2.143218E-14
5633.68156419836  2.133951E-14
5636.48443444293  2.102620E-14
5639.2873046875  2.114551E-14
5642.09017493206  2.134287E-14
5644.89304517663  2.114621E-14
5647.69591542119  2.118262E-14
5650.49878566576  2.130601E-14
5653.30165591032  2.121632E-14
5656.10452615489  2.121954E-14
5658.90739639945  2.102198E-14
5661.71026664402  2.101253E-14
5664.51313688858  2.088672E-14
5667.31600713315  2.067409E-14
5670.11887737771  2.067683E-14
5672.92174762228  2.066114E-14
5675.72461786684  2.077805E-14
5678.52748811141  2.069592E-14
5681.33035835597  2.063668E-14
5684.13322860054  2.076965E-14
5686.9360988451  2.037744E-14
5689.73896908967  2.040640E-14
5692.54183933423  2.050350E-14
5695.3447095788  2.026025E-14
5698.14757982337  2.034768E-14
5700.95045006793  2.055145E-14
5703.75332031249  2.037360E-14
5706.55619055706  2.033341E-14
5709.35906080162  2.042001E-14
5712.16193104619  2.007630E-14
5714.96480129076  2.054316E-14
5717.76767153532  2.020104E-14
5720.57054177989  2.019708E-14
5723.37341202445  1.995419E-14
5726.17628226902  1.966431E-14
5728.97915251358  1.971974E-14
5731.78202275815  1.973555E-14
5734.58489300271  1.974822E-14
5737.38776324728  1.980537E-14
5740.19063349184  1.966440E-14
5742.99350373641  1.962557E-14
5745.79637398097  1.974282E-14
5748.59924422554  1.951385E-14
5751.4021144701  1.946744E-14
5754.20498471467  1.935949E-14
5757.00785495923  1.965995E-14
5759.8107252038  1.955944E-14
5762.61359544836  1.942225E-14
5765.41646569293  1.947452E-14
5768.2193359375  1.928866E-14
5771.02220618206  1.938749E-14
5773.82507642662  1.929012E-14
5776.62794667119  1.937650E-14
5779.43081691575  1.957403E-14
5782.23368716032  1.936119E-14
5785.03655740489  1.963859E-14
5787.83942764945  1.957501E-14
5790.64229789402  1.941577E-14
5793.44516813858  1.938047E-14
5796.24803838315  1.938367E-14
5799.05090862771  1.946382E-14
5801.85377887228  1.962942E-14
5804.65664911684  1.945731E-14
5807.45951936141  1.955782E-14
5810.26238960597  1.960282E-14
5813.06525985054  1.921667E-14
5815.8681300951  1.935463E-14
5818.67100033967  1.948429E-14
5821.47387058423  1.952036E-14
5824.2767408288  1.933370E-14
5827.07961107336  1.932816E-14
5829.88248131793  1.913026E-14
5832.68535156249  1.923816E-14
5835.48822180706  1.920116E-14
5838.29109205163  1.934915E-14
5841.09396229619  1.936224E-14
5843.89683254076  1.929378E-14
5846.69970278532  1.892230E-14
5849.50257302989  1.943541E-14
5852.30544327445  1.924132E-14
5855.10831351902  1.910444E-14
5857.91118376358  1.899055E-14
5860.71405400815  1.861662E-14
5863.51692425271  1.873493E-14
5866.31979449728  1.886280E-14
5869.12266474184  1.884112E-14
5871.92553498641  1.862964E-14
5874.72840523097  1.833909E-14
5877.53127547554  1.855649E-14
5880.3341457201  1.838301E-14
5883.13701596467  1.841843E-14
5885.93988620923  1.822036E-14
5888.7427564538  1.794726E-14
5891.54562669836  1.772730E-14
5894.34849694293  1.775187E-14
5897.15136718749  1.803803E-14
5899.95423743206  1.804699E-14
5902.75710767662  1.824304E-14
5905.55997792119  1.841693E-14
5908.36284816576  1.849566E-14
5911.16571841032  1.841915E-14
5913.96858865489  1.837902E-14
5916.77145889945  1.821444E-14
5919.57432914401  1.835962E-14
5922.37719938858  1.860132E-14
5925.18006963315  1.841731E-14
5927.98293987771  1.861448E-14
5930.78581012228  1.855131E-14
5933.58868036684  1.835968E-14
5936.39155061141  1.835280E-14
5939.19442085597  1.831861E-14
5941.99729110054  1.831249E-14
5944.8001613451  1.840330E-14
5947.60303158967  1.814005E-14
5950.40590183423  1.815625E-14
5953.2087720788  1.829498E-14
5956.01164232336  1.818879E-14
5958.81451256793  1.829957E-14
5961.61738281249  1.829243E-14
5964.42025305706  1.835598E-14
5967.22312330162  1.847325E-14
5970.02599354619  1.830615E-14
5972.82886379075  1.807130E-14
5975.63173403532  1.810045E-14
5978.43460427989  1.824862E-14
5981.23747452445  1.822152E-14
5984.04034476902  1.798414E-14
5986.84321501358  1.814358E-14
5989.64608525815  1.837637E-14
5992.44895550271  1.815150E-14
5995.25182574728  1.790321E-14
5998.05469599184  1.788561E-14
6000.85756623641  1.793605E-14
6003.66043648097  1.780315E-14
6006.46330672554  1.786152E-14
6009.2661769701  1.802752E-14
6012.06904721467  1.797592E-14
6014.87191745923  1.810917E-14
6017.6747877038  1.828338E-14
6020.47765794836  1.804354E-14
6023.28052819293  1.813083E-14
6026.08339843749  1.826008E-14
6028.88626868206  1.798531E-14
6031.68913892662  1.795771E-14
6034.49200917119  1.786625E-14
6037.29487941575  1.773276E-14
6040.09774966032  1.802939E-14
6042.90061990488  1.790180E-14
6045.70349014945  1.762846E-14
6048.50636039402  1.751375E-14
6051.30923063858  1.750546E-14
6054.11210088315  1.747559E-14
6056.91497112771  1.754464E-14
6059.71784137227  1.767341E-14
6062.52071161684  1.745731E-14
6065.3235818614  1.746657E-14
6068.12645210597  1.767588E-14
6070.92932235054  1.758111E-14
6073.7321925951  1.741679E-14
6076.53506283967  1.736352E-14
6079.33793308423  1.764787E-14
6082.1408033288  1.763293E-14
6084.94367357336  1.719511E-14
6087.74654381793  1.747872E-14
6090.54941406249  1.733775E-14
6093.35228430706  1.720949E-14
6096.15515455162  1.728325E-14
6098.95802479619  1.731013E-14
6101.76089504075  1.737443E-14
6104.56376528532  1.726247E-14
6107.36663552988  1.700478E-14
6110.16950577445  1.720727E-14
6112.97237601901  1.715480E-14
6115.77524626358  1.740886E-14
6118.57811650815  1.740437E-14
6121.38098675271  1.721524E-14
6124.18385699728  1.730319E-14
6126.98672724184  1.719496E-14
6129.78959748641  1.742323E-14
6132.59246773097  1.697737E-14
6135.39533797554  1.691218E-14
6138.1982082201  1.668937E-14
6141.00107846467  1.689977E-14
6143.80394870923  1.662223E-14
6146.6068189538  1.678444E-14
6149.40968919836  1.716587E-14
6152.21255944293  1.694784E-14
6155.01542968749  1.675025E-14
6157.81829993206  1.687745E-14
6160.62117017662  1.690821E-14
6163.42404042119  1.689666E-14
6166.22691066575  1.708292E-14
6169.02978091032  1.685407E-14
6171.83265115488  1.655841E-14
6174.63552139945  1.674736E-14
6177.43839164401  1.695384E-14
6180.24126188858  1.692882E-14
6183.04413213314  1.696906E-14
6185.84700237771  1.678119E-14
6188.64987262228  1.674673E-14
6191.45274286684  1.642977E-14
6194.25561311141  1.633928E-14
6197.05848335597  1.651959E-14
6199.86135360054  1.627102E-14
6202.6642238451  1.661103E-14
6205.46709408967  1.664255E-14
6208.26996433423  1.674367E-14
6211.0728345788  1.649475E-14
6213.87570482336  1.627800E-14
6216.67857506793  1.627846E-14
6219.48144531249  1.649884E-14
6222.28431555706  1.638065E-14
6225.08718580162  1.634755E-14
6227.89005604619  1.626661E-14
6230.69292629075  1.641082E-14
6233.49579653532  1.619542E-14
6236.29866677988  1.611670E-14
6239.10153702445  1.620685E-14
6241.90440726901  1.640691E-14
6244.70727751358  1.629340E-14
6247.51014775814  1.605042E-14
6250.31301800271  1.621938E-14
6253.11588824727  1.637612E-14
6255.91875849184  1.635701E-14
6258.72162873641  1.615917E-14
6261.52449898097  1.604511E-14
6264.32736922554  1.608736E-14
6267.1302394701  1.595226E-14
6269.93310971467  1.576467E-14
6272.73597995923  1.536239E-14
6275.5388502038  1.532515E-14
6278.34172044836  1.530654E-14
6281.14459069293  1.521923E-14
6283.94746093749  1.525148E-14
6286.75033118206  1.544397E-14
6289.55320142662  1.529427E-14
6292.35607167119  1.525448E-14
6295.15894191575  1.534776E-14
6297.96181216032  1.545703E-14
6300.76468240488  1.563709E-14
6303.56755264945  1.551098E-14
6306.37042289401  1.532295E-14
6309.17329313858  1.548423E-14
6311.97616338315  1.543447E-14
6314.77903362771  1.571953E-14
6317.58190387227  1.591993E-14
6320.38477411684  1.575000E-14
6323.1876443614  1.580899E-14
6325.99051460597  1.555643E-14
6328.79338485054  1.536757E-14
6331.5962550951  1.547619E-14
6334.39912533967  1.548308E-14
6337.20199558423  1.537652E-14
6340.0048658288  1.543507E-14
6342.80773607336  1.545595E-14
6345.61060631793  1.548389E-14
6348.41347656249  1.517027E-14
6351.21634680706  1.512655E-14
6354.01921705162  1.538465E-14
6356.82208729619  1.553876E-14
6359.62495754075  1.536360E-14
6362.42782778532  1.515231E-14
6365.23069802988  1.533246E-14
6368.03356827445  1.534359E-14
6370.83643851901  1.502801E-14
6373.63930876358  1.544462E-14
6376.44217900814  1.545512E-14
6379.24504925271  1.529011E-14
6382.04791949728  1.524985E-14
6384.85078974184  1.521648E-14
6387.6536599864  1.503174E-14
6390.45653023097  1.535866E-14
6393.25940047553  1.541854E-14
6396.0622707201  1.535745E-14
6398.86514096466  1.523879E-14
6401.66801120923  1.541768E-14
6404.4708814538  1.524941E-14
6407.27375169836  1.512430E-14
6410.07662194293  1.514936E-14
6412.87949218749  1.520423E-14
6415.68236243206  1.527787E-14
6418.48523267662  1.533952E-14
6421.28810292119  1.527099E-14
6424.09097316575  1.511962E-14
6426.89384341032  1.527068E-14
6429.69671365488  1.507094E-14
6432.49958389945  1.497411E-14
6435.30245414401  1.508532E-14
6438.10532438858  1.491535E-14
6440.90819463314  1.527711E-14
6443.71106487771  1.512509E-14
6446.51393512227  1.491418E-14
6449.31680536684  1.492915E-14
6452.11967561141  1.511781E-14
6454.92254585597  1.498640E-14
6457.72541610054  1.492042E-14
6460.5282863451  1.470074E-14
6463.33115658966  1.477862E-14
6466.13402683423  1.480540E-14
6468.9368970788  1.468447E-14
6471.73976732336  1.434918E-14
6474.54263756793  1.474933E-14
6477.34550781249  1.464527E-14
6480.14837805706  1.461389E-14
6482.95124830162  1.474412E-14
6485.75411854619  1.469573E-14
6488.55698879075  1.476746E-14
6491.35985903532  1.441568E-14
6494.16272927988  1.445381E-14
6496.96559952445  1.449409E-14
6499.76846976901  1.456873E-14
6502.57134001358  1.457110E-14
6505.37421025814  1.463159E-14
6508.17708050271  1.455254E-14
6510.97995074727  1.409571E-14
6513.78282099184  1.419484E-14
6516.5856912364  1.420392E-14
6519.38856148097  1.437029E-14
6522.19143172553  1.429320E-14
6524.9943019701  1.447746E-14
6527.79717221466  1.410540E-14
6530.60004245923  1.386898E-14
6533.40291270379  1.370328E-14
6536.20578294836  1.402251E-14
6539.00865319293  1.360424E-14
6541.81152343749  1.351615E-14
6544.61439368206  1.360118E-14
6547.41726392662  1.367245E-14
6550.22013417119  1.403398E-14
6553.02300441575  1.398173E-14
6555.82587466032  1.413461E-14
6558.62874490488  1.422997E-14
6561.43161514945  1.406924E-14
6564.23448539401  1.434795E-14
6567.03735563858  1.422400E-14
6569.84022588314  1.410094E-14
6572.64309612771  1.407747E-14
6575.44596637227  1.402706E-14
6578.24883661684  1.365598E-14
6581.0517068614  1.397833E-14
6583.85457710597  1.404002E-14
6586.65744735053  1.383641E-14
6589.4603175951  1.374606E-14
6592.26318783967  1.374513E-14
6595.06605808423  1.401868E-14
6597.86892832879  1.404556E-14
6600.67179857336  1.393317E-14
6603.47466881792  1.395958E-14
6606.27753906249  1.407819E-14
6609.08040930705  1.405621E-14
6611.88327955162  1.418712E-14
6614.68614979619  1.403338E-14
6617.48902004075  1.420522E-14
6620.29189028532  1.443340E-14
6623.09476052988  1.427700E-14
6625.89763077445  1.419509E-14
6628.70050101901  1.448501E-14
6631.50337126358  1.453798E-14
6634.30624150814  1.435103E-14
6637.10911175271  1.422088E-14
6639.91198199727  1.434939E-14
6642.71485224184  1.430187E-14
6645.5177224864  1.456828E-14
6648.32059273097  1.432066E-14
6651.12346297553  1.426399E-14
6653.9263332201  1.420995E-14
6656.72920346466  1.412536E-14
6659.53207370923  1.417276E-14
6662.33494395379  1.410916E-14
6665.13781419836  1.426131E-14
6667.94068444293  1.408081E-14
6670.74355468749  1.409834E-14
6673.54642493205  1.430031E-14
6676.34929517662  1.422481E-14
6679.15216542119  1.424043E-14
6681.95503566575  1.420708E-14
6684.75790591032  1.425684E-14
6687.56077615488  1.419074E-14
6690.36364639945  1.406184E-14
6693.16651664401  1.396210E-14
6695.96938688858  1.391212E-14
6698.77225713314  1.417596E-14
6701.57512737771  1.411739E-14
6704.37799762227  1.427640E-14
6707.18086786684  1.439201E-14
6709.9837381114  1.422787E-14
6712.78660835597  1.415794E-14
6715.58947860053  1.426436E-14
6718.3923488451  1.415890E-14
6721.19521908966  1.415214E-14
6723.99808933423  1.428162E-14
6726.80095957879  1.431787E-14
6729.60382982336  1.415285E-14
6732.40670006792  1.431760E-14
6735.20957031249  1.420763E-14
6738.01244055706  1.425213E-14
6740.81531080162  1.412387E-14
6743.61818104619  1.410018E-14
6746.42105129075  1.424047E-14
6749.22392153532  1.390528E-14
6752.02679177988  1.413119E-14
6754.82966202445  1.423369E-14
6757.63253226901  1.392522E-14
6760.43540251358  1.417242E-14
6763.23827275814  1.411314E-14
6766.04114300271  1.405798E-14
6768.84401324727  1.418286E-14
6771.64688349184  1.397711E-14
6774.4497537364  1.380574E-14
6777.25262398097  1.425893E-14
6780.05549422553  1.431365E-14
6782.8583644701  1.389862E-14
6785.66123471466  1.403450E-14
6788.46410495923  1.407942E-14
6791.26697520379  1.400274E-14
6794.06984544836  1.421459E-14
6796.87271569292  1.396528E-14
6799.67558593749  1.381050E-14
6802.47845618206  1.397530E-14
6805.28132642662  1.383619E-14
6808.08419667119  1.409281E-14
6810.88706691575  1.384556E-14
6813.68993716032  1.396502E-14
6816.49280740488  1.387478E-14
6819.29567764945  1.376236E-14
6822.09854789401  1.370617E-14
6824.90141813858  1.361922E-14
6827.70428838314  1.339769E-14
6830.50715862771  1.336632E-14
6833.31002887227  1.379252E-14
6836.11289911684  1.350684E-14
6838.9157693614  1.370197E-14
6841.71863960597  1.367939E-14
6844.52150985053  1.362799E-14
6847.3243800951  1.361166E-14
6850.12725033966  1.355724E-14
6852.93012058423  1.358876E-14
6855.73299082879  1.359005E-14
6858.53586107336  1.328419E-14
6861.33873131792  1.266815E-14
6864.14160156249  1.140410E-14
6866.94447180705  1.017643E-14
6869.74734205162  9.795665E-15
6872.55021229618  1.005145E-14
6875.35308254075  1.064734E-14
6878.15595278532  1.149835E-14
6880.95882302988  1.161000E-14
6883.76169327445  1.130046E-14
6886.56456351901  1.150702E-14
6889.36743376358  1.122444E-14
6892.17030400814  1.140758E-14
6894.97317425271  1.160576E-14
6897.77604449727  1.169688E-14
6900.57891474184  1.172316E-14
6903.3817849864  1.160679E-14
6906.18465523097  1.181740E-14
6908.98752547553  1.194346E-14
6911.7903957201  1.210418E-14
6914.59326596466  1.203007E-14
6917.39613620923  1.256265E-14
6920.19900645379  1.260745E-14
6923.00187669836  1.248751E-14
6925.80474694292  1.222477E-14
6928.60761718749  1.232556E-14
6931.41048743205  1.250796E-14
6934.21335767662  1.216976E-14
6937.01622792118  1.248296E-14
6939.81909816575  1.242995E-14
6942.62196841031  1.249197E-14
6945.42483865488  1.232519E-14
6948.22770889945  1.226457E-14
6951.03057914401  1.206024E-14
6953.83344938857  1.237077E-14
6956.63631963314  1.242555E-14
6959.4391898777  1.252738E-14
6962.24206012227  1.252849E-14
6965.04493036684  1.262422E-14
6967.8478006114  1.265483E-14
6970.65067085597  1.266510E-14
6973.45354110053  1.245725E-14
6976.2564113451  1.244723E-14
6979.05928158966  1.251744E-14
6981.86215183423  1.241468E-14
6984.66502207879  1.216485E-14
6987.46789232336  1.217604E-14
6990.27076256792  1.225211E-14
6993.07363281249  1.224881E-14
6995.87650305705  1.227677E-14
6998.67937330162  1.203072E-14
7001.48224354618  1.198803E-14
7004.28511379075  1.213800E-14
7007.08798403531  1.217722E-14
7009.89085427988  1.209417E-14
7012.69372452444  1.210427E-14
7015.49659476901  1.217687E-14
7018.29946501358  1.239915E-14
7021.10233525814  1.229609E-14
7023.90520550271  1.200507E-14
7026.70807574727  1.206888E-14
7029.51094599184  1.196431E-14
7032.3138162364  1.219179E-14
7035.11668648097  1.206383E-14
7037.91955672553  1.210824E-14
7040.7224269701  1.205850E-14
7043.52529721466  1.175232E-14
7046.32816745923  1.181652E-14
7049.13103770379  1.190996E-14
7051.93390794836  1.198921E-14
7054.73677819292  1.203415E-14
7057.53964843749  1.170264E-14
7060.34251868205  1.170624E-14
7063.14538892662  1.180708E-14
7065.94825917118  1.188680E-14
7068.75112941575  1.194265E-14
7071.55399966031  1.191208E-14
7074.35686990488  1.168124E-14
7077.15974014944  1.171449E-14
7079.96261039401  1.179521E-14
7082.76548063858  1.170333E-14
7085.56835088314  1.165520E-14
7088.37122112771  1.160708E-14
7091.17409137227  1.174710E-14
7093.97696161684  1.187975E-14
7096.7798318614  1.174512E-14
7099.58270210597  1.171133E-14
7102.38557235053  1.162743E-14
7105.1884425951  1.167224E-14
7107.99131283966  1.160811E-14
7110.79418308423  1.151152E-14
7113.59705332879  1.149595E-14
7116.39992357336  1.146951E-14
7119.20279381792  1.155131E-14
7122.00566406249  1.156148E-14
7124.80853430705  1.151127E-14
7127.61140455162  1.143504E-14
7130.41427479618  1.150488E-14
7133.21714504075  1.156924E-14
7136.02001528531  1.162844E-14
7138.82288552988  1.141780E-14
7141.62575577445  1.116037E-14
7144.42862601901  1.121178E-14
7147.23149626357  1.122288E-14
7150.03436650814  1.132878E-14
7152.83723675271  1.123823E-14
7155.64010699727  1.115676E-14
7158.44297724184  1.138971E-14
7161.2458474864  1.114928E-14
7164.04871773097  1.078977E-14
7166.85158797553  1.047046E-14
7169.6544582201  1.013213E-14
7172.45732846466  9.932661E-15
7175.26019870923  9.847702E-15
7178.06306895379  9.832368E-15
7180.86593919836  9.623157E-15
7183.66880944292  9.321413E-15
7186.47167968749  9.435637E-15
7189.27454993205  9.344884E-15
7192.07742017662  9.464530E-15
7194.88029042118  9.472874E-15
7197.68316066575  9.553791E-15
7200.48603091031  9.683913E-15
7203.28890115488  9.653665E-15
7206.09177139944  9.907651E-15
7208.89464164401  1.010988E-14
7211.69751188857  1.058923E-14
7214.50038213314  1.069555E-14
7217.3032523777  1.074745E-14
7220.10612262227  1.068353E-14
7222.90899286683  1.047390E-14
7225.7118631114  1.054566E-14
7228.51473335597  1.014435E-14
7231.31760360053  9.924157E-15
7234.1204738451  9.723090E-15
7236.92334408966  9.780572E-15
7239.72621433423  9.572295E-15
7242.52908457879  9.512394E-15
7245.33195482336  9.755856E-15
7248.13482506792  9.630981E-15
7250.93769531249  9.780712E-15
7253.74056555705  9.851162E-15
7256.54343580162  9.728516E-15
7259.34630604618  9.712891E-15
7262.14917629075  9.516327E-15
7264.95204653531  9.595852E-15
7267.75491677988  9.647767E-15
7270.55778702444  9.626443E-15
7273.36065726901  9.152611E-15
7276.16352751358  9.382185E-15
7278.96639775814  9.928073E-15
7281.7692680027  9.947999E-15
7284.57213824727  9.875052E-15
7287.37500849183  9.687562E-15
7290.1778787364  9.740268E-15
7292.98074898096  9.915744E-15
7295.78361922553  9.748152E-15
7298.5864894701  9.587247E-15
7301.38935971466  9.541425E-15
7304.19222995923  9.779163E-15
7306.99510020379  9.716987E-15
7309.79797044836  9.688215E-15
7312.60084069292  9.912433E-15
7315.40371093749  9.872249E-15
7318.20658118205  9.971718E-15
7321.00945142662  1.030566E-14
7323.81232167118  1.002432E-14
7326.61519191575  1.006982E-14
7329.41806216031  1.036609E-14
7332.22093240488  1.009319E-14
7335.02380264944  1.011545E-14
7337.82667289401  1.029501E-14
7340.62954313857  1.028308E-14
7343.43241338314  1.022340E-14
7346.2352836277  1.030239E-14
7349.03815387227  1.038324E-14
7351.84102411683  1.041707E-14
7354.6438943614  1.040858E-14
7357.44676460596  1.019714E-14
7360.24963485053  1.032480E-14
7363.0525050951  1.031734E-14
7365.85537533966  1.006498E-14
7368.65824558423  1.031873E-14
7371.46111582879  1.056067E-14
7374.26398607336  1.035686E-14
7377.06685631792  1.052395E-14
7379.86972656249  1.045450E-14
7382.67259680705  1.028197E-14
7385.47546705162  1.052460E-14
7388.27833729618  1.042142E-14
7391.08120754075  1.024816E-14
7393.88407778531  1.023118E-14
7396.68694802988  1.042680E-14
7399.48981827444  1.047138E-14
7402.29268851901  1.050668E-14
7405.09555876357  1.052962E-14
7407.89842900814  1.059771E-14
7410.7012992527  1.033985E-14
7413.50416949727  1.043767E-14
7416.30703974184  1.028667E-14
7419.1099099864  1.042508E-14
7421.91278023096  1.034697E-14
7424.71565047553  1.027959E-14
7427.51852072009  1.048636E-14
7430.32139096466  1.035533E-14
7433.12426120923  1.031123E-14
7435.92713145379  1.046548E-14
7438.73000169836  1.059634E-14
7441.53287194292  1.040456E-14
7444.33574218749  1.046441E-14
7447.13861243205  1.043431E-14
7449.94148267662  1.051881E-14
7452.74435292118  1.060766E-14
7455.54722316575  1.048060E-14
7458.35009341031  1.032962E-14
7461.15296365488  1.043460E-14
7463.95583389944  1.018339E-14
7466.75870414401  1.016282E-14
7469.56157438857  1.024399E-14
7472.36444463314  1.015164E-14
7475.1673148777  1.024479E-14
7477.97018512227  1.049017E-14
7480.77305536683  1.043040E-14
7483.5759256114  1.053309E-14
7486.37879585596  1.058468E-14
7489.18166610053  1.030733E-14
7491.9845363451  1.041299E-14
7494.78740658966  1.044967E-14
7497.59027683423  1.022443E-14
7500.39314707879  1.031936E-14
7503.19601732336  1.023098E-14
7505.99888756792  1.027498E-14
7508.80175781249  1.023876E-14
7511.60462805705  1.027278E-14
7514.40749830162  1.015432E-14
7517.21036854618  1.005937E-14
7520.01323879075  1.019288E-14
7522.81610903531  1.024700E-14
7525.61897927988  1.028700E-14
7528.42184952444  1.019721E-14
7531.22471976901  9.985343E-15
7534.02759001357  1.010283E-14
7536.83046025814  1.011725E-14
7539.6333305027  9.899249E-15
7542.43620074727  1.008663E-14
7545.23907099183  1.036871E-14
7548.0419412364  1.013254E-14
7550.84481148096  1.022520E-14
7553.64768172553  1.012250E-14
7556.45055197009  9.959329E-15
7559.25342221466  9.783653E-15
7562.05629245923  9.964524E-15
7564.85916270379  1.022529E-14
7567.66203294835  1.000301E-14
7570.46490319292  9.886872E-15
7573.26777343748  9.896488E-15
7576.07064368205  9.848596E-15
7578.87351392662  9.809517E-15
7581.67638417118  9.945082E-15
7584.47925441575  1.011255E-14
7587.28212466031  1.014371E-14
7590.08499490488  9.341928E-15
7592.88786514944  7.719445E-15
7595.69073539401  5.691463E-15
7598.49360563857  4.219847E-15
7601.29647588314  2.861529E-15
7604.0993461277  2.346060E-15
7606.90221637227  2.315509E-15
7609.70508661683  2.679470E-15
7612.5079568614  3.654865E-15
7615.31082710596  5.069469E-15
7618.11369735053  6.101272E-15
7620.91656759509  6.202821E-15
7623.71943783966  5.579218E-15
7626.52230808423  4.859160E-15
7629.32517832879  4.480110E-15
7632.12804857336  4.682082E-15
7634.93091881792  4.637032E-15
7637.73378906248  4.964947E-15
7640.53665930705  5.219056E-15
7643.33952955162  5.513806E-15
7646.14239979618  5.831127E-15
7648.94527004075  6.308698E-15
7651.74814028531  6.637180E-15
7654.55101052988  7.165479E-15
7657.35388077444  7.281699E-15
7660.15675101901  7.774072E-15
7662.95962126357  8.132558E-15
7665.76249150814  8.221303E-15
7668.5653617527  8.608879E-15
7671.36823199727  8.771783E-15
7674.17110224183  8.952948E-15
7676.9739724864  9.077192E-15
7679.77684273096  9.221771E-15
7682.57971297553  9.410412E-15
7685.38258322009  9.340393E-15
7688.18545346466  9.417084E-15
7690.98832370922  9.492940E-15
7693.79119395379  9.598102E-15
7696.59406419836  9.268558E-15
7699.39693444292  9.486094E-15
7702.19980468749  9.609264E-15
7705.00267493205  9.491047E-15
7707.80554517662  9.659962E-15
7710.60841542118  9.590599E-15
7713.41128566575  9.583100E-15
7716.21415591031  9.831498E-15
7719.01702615488  9.604273E-15
7721.81989639944  9.422528E-15
7724.62276664401  9.488021E-15
7727.42563688857  9.398756E-15
7730.22850713314  9.850313E-15
7733.0313773777  9.706215E-15
7735.83424762227  9.639506E-15
7738.63711786683  9.751456E-15
7741.4399881114  9.628208E-15
7744.24285835596  9.667460E-15
7747.04572860053  9.313784E-15
7749.84859884509  9.567395E-15
7752.65146908966  9.453748E-15
7755.45433933422  9.180198E-15
7758.25720957879  9.438714E-15
7761.06007982335  9.361140E-15
7763.86295006792  9.169398E-15
7766.66582031249  9.327254E-15
7769.46869055705  9.225685E-15
7772.27156080162  9.398073E-15
7775.07443104618  9.616986E-15
7777.87730129075  9.314232E-15
7780.68017153531  9.178653E-15
7783.48304177988  9.293600E-15
7786.28591202444  9.104671E-15
7789.08878226901  9.409214E-15
7791.89165251357  9.356328E-15
7794.69452275814  9.388044E-15
7797.4973930027  9.370525E-15
7800.30026324727  9.418255E-15
7803.10313349183  9.285949E-15
7805.9060037364  9.370421E-15
7808.70887398096  9.424085E-15
7811.51174422553  9.523922E-15
7814.31461447009  9.488588E-15
7817.11748471466  9.125731E-15
7819.92035495922  9.382310E-15
7822.72322520379  9.253195E-15
7825.52609544835  9.250681E-15
7828.32896569292  9.550701E-15
7831.13183593748  9.528219E-15
7833.93470618205  9.579788E-15
7836.73757642661  9.543784E-15
7839.54044667118  9.574268E-15
7842.34331691575  9.299465E-15
7845.14618716031  9.279066E-15
7847.94905740488  9.208794E-15
7850.75192764944  9.328199E-15
7853.55479789401  9.230240E-15
7856.35766813857  9.315349E-15
7859.16053838314  9.461416E-15
7861.9634086277  9.186337E-15
7864.76627887227  9.287503E-15
7867.56914911683  9.084384E-15
7870.3720193614  9.463952E-15
7873.17488960596  9.581136E-15
7875.97775985053  9.320600E-15
7878.78063009509  9.194270E-15
7881.58350033966  9.492831E-15
7884.38637058422  9.244925E-15
7887.18924082879  9.046360E-15
7889.99211107335  9.231796E-15
7892.79498131792  9.143021E-15
7895.59785156248  8.839448E-15
7898.40072180705  9.354647E-15
7901.20359205161  8.863991E-15
7904.00646229618  8.808169E-15
7906.80933254074  8.900803E-15
7909.61220278531  8.985531E-15
7912.41507302988  9.099833E-15
7915.21794327444  8.867214E-15
7918.02081351901  8.940749E-15
7920.82368376357  9.131250E-15
7923.62655400814  8.969899E-15
7926.4294242527  9.095087E-15
7929.23229449727  8.940866E-15
7932.03516474183  9.163181E-15
7934.8380349864  8.920259E-15
7937.64090523096  8.930727E-15
7940.44377547553  8.924542E-15
7943.24664572009  8.928469E-15
7946.04951596466  9.073779E-15
7948.85238620922  8.922817E-15
7951.65525645379  8.950714E-15
7954.45812669835  9.106583E-15
7957.26099694292  8.792696E-15
7960.06386718748  8.893413E-15
7962.86673743205  8.846478E-15
7965.66960767661  8.996504E-15
7968.47247792118  8.948496E-15
7971.27534816574  8.732423E-15
7974.07821841031  8.534478E-15
7976.88108865488  8.887525E-15
7979.68395889944  9.085388E-15
7982.48682914401  8.968376E-15
7985.28969938857  8.919106E-15
7988.09256963314  8.966233E-15
7990.8954398777  8.919453E-15
7993.69831012227  8.759889E-15
7996.50118036683  8.960432E-15
7999.3040506114  8.935340E-15
8002.10692085596  8.761625E-15
8004.90979110053  8.673093E-15
8007.71266134509  8.726487E-15
8010.51553158966  8.976935E-15
8013.31840183422  8.981817E-15
8016.12127207879  8.651146E-15
8018.92414232335  8.620552E-15
8021.72701256792  8.873881E-15
8024.52988281248  8.570373E-15
8027.33275305705  8.703040E-15
8030.13562330161  8.661601E-15
8032.93849354618  8.775864E-15
8035.74136379074  8.962510E-15
8038.54423403531  8.902485E-15
8041.34710427987  8.505288E-15
8044.14997452444  8.320457E-15
8046.95284476901  8.661324E-15
8049.75571501357  8.499888E-15
8052.55858525814  8.544788E-15
8055.3614555027  8.750340E-15
8058.16432574727  8.569143E-15
8060.96719599183  8.527125E-15
8063.7700662364  8.713668E-15
8066.57293648096  8.711188E-15
8069.37580672553  8.966467E-15
8072.17867697009  8.805173E-15
8074.98154721466  8.571299E-15
8077.78441745922  8.541193E-15
8080.58728770379  8.300056E-15
8083.39015794835  8.556324E-15
8086.19302819292  8.733606E-15
8088.99589843748  8.641567E-15
8091.79876868205  8.699127E-15
8094.60163892661  8.611716E-15
8097.40450917118  8.773588E-15
8100.20737941574  8.547447E-15
8103.01024966031  8.462572E-15
8105.81311990488  8.507351E-15
8108.61599014944  8.508306E-15
8111.418860394  8.201084E-15
8114.22173063857  8.233354E-15
8117.02460088314  8.179949E-15
8119.8274711277  8.039960E-15
8122.63034137227  8.201102E-15
8125.43321161683  8.316286E-15
8128.2360818614  8.129090E-15
8131.03895210596  7.960446E-15
8133.84182235053  7.613937E-15
8136.64469259509  7.568985E-15
8139.44756283966  7.660745E-15
8142.25043308422  7.686571E-15
8145.05330332879  7.602328E-15
8147.85617357335  7.418846E-15
8150.65904381792  7.191299E-15
8153.46191406248  7.042609E-15
8156.26478430705  6.981166E-15
8159.06765455161  7.343101E-15
8161.87052479618  7.079170E-15
8164.67339504074  6.791018E-15
8167.47626528531  6.799892E-15
8170.27913552987  7.023670E-15
8173.08200577444  7.281658E-15
8175.88487601901  7.197467E-15
8178.68774626357  7.238279E-15
8181.49061650813  7.004019E-15
8184.2934867527  7.030454E-15
8187.09635699726  7.085885E-15
8189.89922724183  6.998124E-15
8192.70209748639  7.092115E-15
8195.50496773096  7.340152E-15
8198.30783797553  7.289464E-15
8201.11070822009  7.069203E-15
8203.91357846466  7.468563E-15
8206.71644870922  7.449898E-15
8209.51931895379  7.777249E-15
8212.32218919835  7.652494E-15
8215.12505944292  7.576652E-15
8217.92792968748  7.879537E-15
8220.73079993205  7.603866E-15
8223.53367017661  7.152981E-15
8226.33654042118  6.757542E-15
8229.13941066574  6.308321E-15
8231.94228091031  6.156329E-15
8234.74515115487  6.564406E-15
8237.54802139944  7.010067E-15
8240.350891644  7.500075E-15
8243.15376188857  7.346036E-15
8245.95663213314  7.708560E-15
8248.7595023777  7.565970E-15
8251.56237262226  7.661008E-15
8254.36524286683  7.669010E-15
8257.16811311139  7.476332E-15
8259.97098335596  7.564964E-15
8262.77385360052  7.502283E-15
8265.57672384509  7.641592E-15
8268.37959408966  7.695775E-15
8271.18246433422  7.549541E-15
8273.98533457879  7.346674E-15
8276.78820482335  7.139712E-15
8279.59107506792  7.035772E-15
8282.39394531248  6.966864E-15
8285.19681555705  7.017677E-15
8287.99968580161  6.946726E-15
8290.80255604618  6.915638E-15
8293.60542629074  7.214220E-15
8296.40829653531  7.224053E-15
8299.21116677987  7.130840E-15
8302.01403702444  7.416745E-15
8304.816907269  6.975922E-15
8307.61977751357  7.173717E-15
8310.42264775813  7.566879E-15
8313.2255180027  7.439513E-15
8316.02838824727  7.316157E-15
8318.83125849183  7.430093E-15
8321.63412873639  7.144299E-15
8324.43699898096  6.873920E-15
8327.23986922553  7.024381E-15
8330.04273947009  7.651913E-15
8332.84560971466  7.271828E-15
8335.64847995922  7.261578E-15
8338.45135020379  7.359405E-15
8341.25422044835  7.428772E-15
8344.05709069292  7.267499E-15
8346.85996093748  7.371971E-15
8349.66283118205  7.264956E-15
8352.46570142661  7.751171E-15
8355.26857167118  7.377121E-15
8358.07144191574  7.236335E-15
8360.87431216031  7.562596E-15
8363.67718240487  7.378652E-15
8366.48005264944  7.543685E-15
8369.282922894  7.826221E-15
8372.08579313857  7.608611E-15
8374.88866338313  7.303265E-15
8377.6915336277  7.324545E-15
8380.49440387227  7.595083E-15
8383.29727411683  7.480821E-15
8386.1001443614  7.216266E-15
8388.90301460596  7.402859E-15
8391.70588485052  7.373317E-15
8394.50875509509  7.091226E-15
8397.31162533966  7.456736E-15
8400.11449558422  7.499835E-15
8402.91736582879  7.340371E-15
8405.72023607335  7.224638E-15
8408.52310631792  7.456782E-15
8411.32597656248  7.555386E-15
8414.12884680705  7.335554E-15
8416.93171705161  7.077070E-15
8419.73458729618  7.576799E-15
8422.53745754074  7.440639E-15
8425.34032778531  7.022275E-15
8428.14319802987  7.210415E-15
8430.94606827444  7.540317E-15
8433.748938519  7.184587E-15
8436.55180876357  7.078028E-15
8439.35467900813  6.981637E-15
8442.1575492527  7.135680E-15
8444.96041949726  7.219658E-15
8447.76328974183  7.228771E-15
8450.56615998639  7.410762E-15
8453.36903023096  7.107024E-15
8456.17190047553  7.234965E-15
8458.97477072009  7.553900E-15
8461.77764096466  7.347793E-15
8464.58051120922  7.107066E-15
8467.38338145379  7.207540E-15
8470.18625169835  7.237671E-15
8472.98912194292  7.383848E-15
8475.79199218748  7.129586E-15
8478.59486243205  7.143279E-15
8481.39773267661  6.944477E-15
8484.20060292118  7.244315E-15
8487.00347316574  7.318526E-15
8489.80634341031  7.197649E-15
8492.60921365487  7.098106E-15
8495.41208389944  7.371124E-15
8498.214954144  7.331428E-15
8501.01782438857  7.248923E-15
8503.82069463313  7.354132E-15
8506.6235648777  7.187587E-15
8509.42643512226  6.964885E-15
8512.22930536683  7.089350E-15
8515.03217561139  7.389592E-15
8517.83504585596  7.318338E-15
8520.63791610052  7.305718E-15
8523.44078634509  7.100347E-15
8526.24365658965  7.158901E-15
8529.04652683422  7.082195E-15
8531.84939707879  6.822997E-15
8534.65226732335  7.143418E-15
8537.45513756791  7.384579E-15
8540.25800781248  7.265362E-15
8543.06087805704  7.187507E-15
8545.86374830161  7.322738E-15
8548.66661854618  7.101005E-15
8551.46948879074  6.877238E-15
8554.27235903531  7.080458E-15
8557.07522927987  7.040957E-15
8559.87809952444  7.218246E-15
8562.680969769  6.970498E-15
8565.48384001357  6.890035E-15
8568.28671025813  7.096066E-15
8571.0895805027  6.965578E-15
8573.89245074726  7.111379E-15
8576.69532099183  7.265196E-15
8579.49819123639  6.989097E-15
8582.30106148096  6.762131E-15
8585.10393172552  6.938641E-15
8587.90680197009  6.937199E-15
8590.70967221465  6.933204E-15
8593.51254245922  7.212325E-15
8596.31541270378  7.158618E-15
8599.11828294835  6.901546E-15
8601.92115319292  6.919690E-15
8604.72402343748  7.108990E-15
8607.52689368205  7.113273E-15
8610.32976392661  7.034552E-15
8613.13263417118  7.058471E-15
8615.93550441574  7.143615E-15
8618.73837466031  6.922293E-15
8621.54124490487  6.974958E-15
8624.34411514944  6.609098E-15
8627.146985394  6.886467E-15
8629.94985563857  6.854368E-15
8632.75272588313  7.052955E-15
8635.5555961277  6.949445E-15
8638.35846637226  6.880529E-15
8641.16133661683  7.101909E-15
8643.96420686139  6.804732E-15
8646.76707710596  7.025387E-15
8649.56994735052  6.721089E-15
8652.37281759509  6.682321E-15
8655.17568783965  6.928324E-15
8657.97855808422  6.766183E-15
8660.78142832879  6.952593E-15
8663.58429857335  6.668090E-15
8666.38716881792  6.815674E-15
8669.19003906248  6.673045E-15
8671.99290930705  6.732696E-15
8674.79577955161  6.928988E-15
8677.59864979618  7.064315E-15
8680.40152004074  6.875192E-15
8683.20439028531  6.809151E-15
8686.00726052987  6.799106E-15
8688.81013077444  6.548339E-15
8691.613001019  6.697266E-15
8694.41587126357  6.941989E-15
8697.21874150813  6.788857E-15
8700.0216117527  6.796675E-15
8702.82448199726  6.856038E-15
8705.62735224183  6.884466E-15
8708.43022248639  6.886690E-15
8711.23309273096  6.822720E-15
8714.03596297552  6.531492E-15
8716.83883322009  6.753677E-15
8719.64170346465  6.575609E-15
8722.44457370922  6.408811E-15
8725.24744395378  6.519396E-15
8728.05031419835  6.786055E-15
8730.85318444292  6.541568E-15
8733.65605468748  6.623336E-15
8736.45892493205  6.641269E-15
8739.26179517661  6.554474E-15
8742.06466542118  6.710230E-15
8744.86753566574  6.600288E-15
8747.67040591031  6.424237E-15
8750.47327615487  6.586550E-15
8753.27614639944  6.626672E-15
8756.079016644  6.640441E-15
8758.88188688857  5.861496E-15
8761.68475713313  6.587448E-15
8764.4876273777  6.405250E-15
8767.29049762226  6.886964E-15
8770.09336786683  6.548421E-15
8772.89623811139  6.666613E-15
8775.69910835596  6.609718E-15
8778.50197860052  6.523558E-15
8781.30484884509  6.616356E-15
8784.10771908965  6.606508E-15
8786.91058933422  6.541131E-15
8789.71345957878  6.739994E-15
8792.51632982335  6.784409E-15
8795.31920006791  6.555216E-15
8798.12207031248  6.697045E-15
8800.92494055704  6.380434E-15
8803.72781080161  6.546831E-15
8806.53068104617  6.837593E-15
8809.33355129074  6.751667E-15
8812.13642153531  6.315671E-15
8814.93929177987  6.646448E-15
8817.74216202444  6.490000E-15
8820.545032269  6.230197E-15
8823.34790251357  6.241362E-15
8826.15077275813  6.281272E-15
8828.9536430027  6.359497E-15
8831.75651324726  6.415903E-15
8834.55938349183  6.599939E-15
8837.36225373639  6.467078E-15
8840.16512398096  6.297114E-15
8842.96799422552  6.200825E-15
8845.77086447009  6.121503E-15
8848.57373471465  6.440486E-15
8851.37660495922  6.355838E-15
8854.17947520378  6.328037E-15
8856.98234544835  6.412858E-15
8859.78521569291  6.548878E-15
8862.58808593748  6.211597E-15
8865.39095618204  6.212498E-15
8868.19382642661  6.142879E-15
8870.99669667117  6.322224E-15
8873.79956691574  6.449611E-15
8876.6024371603  6.438324E-15
8879.40530740487  6.661114E-15
8882.20817764944  6.397357E-15
8885.011047894  6.249621E-15
8887.81391813857  6.347211E-15
8890.61678838313  6.624154E-15
8893.4196586277  6.536099E-15
8896.22252887226  6.306571E-15
8899.02539911683  6.521020E-15
8901.82826936139  6.503410E-15
8904.63113960596  6.531445E-15
8907.43400985052  6.355146E-15
8910.23688009509  6.221336E-15
8913.03975033965  6.157298E-15
8915.84262058422  6.649295E-15
8918.64549082878  6.582302E-15
8921.44836107335  6.412956E-15
8924.25123131791  6.288320E-15
8927.05410156248  6.231113E-15
8929.85697180704  6.279345E-15
8932.65984205161  6.335156E-15
8935.46271229617  6.112809E-15
8938.26558254074  6.250749E-15
8941.06845278531  6.152152E-15
8943.87132302987  5.888824E-15
8946.67419327444  5.738074E-15
8949.477063519  5.834268E-15
8952.27993376357  6.021939E-15
8955.08280400813  5.913897E-15
8957.8856742527  5.673015E-15
8960.68854449726  5.334447E-15
8963.49141474183  5.556930E-15
8966.29428498639  5.537115E-15
8969.09715523096  5.436495E-15
8971.90002547552  5.491224E-15
8974.70289572009  5.559978E-15
8977.50576596465  5.123319E-15
8980.30863620922  4.679608E-15
8983.11150645378  4.607385E-15
8985.91437669835  4.957106E-15
8988.71724694291  5.153355E-15
8991.52011718748  5.106799E-15
8994.32298743205  5.128796E-15
8997.12585767661  4.899056E-15
8999.92872792118  5.061976E-15
9002.73159816574  5.351675E-15
9005.5344684103  5.462180E-15
9008.33733865487  5.466543E-15
9011.14020889944  5.574439E-15
9013.943079144  5.372385E-15
9016.74594938857  5.191145E-15
9019.54881963313  5.480928E-15
9022.3516898777  5.619024E-15
9025.15456012226  6.002872E-15
9027.95743036683  5.774066E-15
9030.76030061139  5.777903E-15
9033.56317085596  5.659533E-15
9036.36604110052  5.596505E-15
9039.16891134509  5.754565E-15
9041.97178158965  5.783608E-15
9044.77465183422  6.129853E-15
9047.57752207878  5.609260E-15
9050.38039232335  5.812540E-15
9053.18326256791  5.509211E-15
9055.98613281248  5.234985E-15
9058.78900305704  5.159866E-15
9061.59187330161  5.322484E-15
9064.39474354617  5.266113E-15
9067.19761379074  5.034481E-15
9070.0004840353  5.255925E-15
9072.80335427987  5.454685E-15
9075.60622452443  5.228285E-15
9078.409094769  5.198284E-15
9081.21196501357  5.342194E-15
9084.01483525813  5.224384E-15
9086.8177055027  5.185501E-15
9089.62057574726  5.078697E-15
9092.42344599183  5.089175E-15
9095.22631623639  5.055140E-15
9098.02918648096  5.644172E-15
9100.83205672552  5.535521E-15
9103.63492697009  5.425609E-15
9106.43779721465  5.405821E-15
9109.24066745922  5.347678E-15
9112.04353770378  5.652395E-15
9114.84640794835  5.337163E-15
9117.64927819291  4.695960E-15
9120.45214843748  4.780632E-15
