3615.3542480469  2.109540E-14
3618.16282693617  2.149265E-14
3620.97140582544  2.188867E-14
3623.7799847147  2.123786E-14
3626.58856360397  2.121715E-14
3629.39714249323  2.169900E-14
3632.2057213825  2.091918E-14
3635.01430027177  2.157822E-14
3637.82287916103  2.160555E-14
3640.6314580503  2.138392E-14
3643.44003693957  2.138911E-14
3646.24861582883  2.126080E-14
3649.0571947181  2.055722E-14
3651.86577360737  2.195578E-14
3654.67435249663  2.220175E-14
3657.4829313859  2.198249E-14
3660.29151027516  2.259127E-14
3663.10008916443  2.282226E-14
3665.9086680537  2.236700E-14
3668.71724694296  2.299695E-14
3671.52582583223  2.205791E-14
3674.3344047215  2.285569E-14
3677.14298361076  2.327016E-14
3679.95156250003  2.424155E-14
3682.7601413893  2.392684E-14
3685.56872027856  2.382579E-14
3688.37729916783  2.514326E-14
3691.18587805709  2.410294E-14
3693.99445694636  2.486691E-14
3696.80303583563  2.389824E-14
3699.61161472489  2.381837E-14
3702.42019361416  2.464778E-14
3705.22877250343  2.357469E-14
3708.03735139269  2.458269E-14
3710.84593028196  2.460741E-14
3713.65450917122  2.354343E-14
3716.46308806049  2.363188E-14
3719.27166694976  2.336370E-14
3722.08024583902  2.325533E-14
3724.88882472829  2.365623E-14
3727.69740361756  2.338155E-14
3730.50598250682  2.331436E-14
3733.31456139609  2.522887E-14
3736.12314028536  2.433547E-14
3738.93171917462  2.344443E-14
3741.74029806389  2.356044E-14
3744.54887695315  2.447920E-14
3747.35745584242  2.430237E-14
3750.16603473169  2.388275E-14
3752.97461362095  2.483186E-14
3755.78319251022  2.597064E-14
3758.59177139949  2.459207E-14
3761.40035028875  2.486145E-14
3764.20892917802  2.521193E-14
3767.01750806728  2.548108E-14
3769.82608695655  2.543122E-14
3772.63466584582  2.609637E-14
3775.44324473508  2.580966E-14
3778.25182362435  2.572443E-14
3781.06040251362  2.661430E-14
3783.86898140288  2.602303E-14
3786.67756029215  2.641446E-14
3789.48613918141  2.604153E-14
3792.29471807068  2.610023E-14
3795.10329695995  2.745588E-14
3797.91187584921  2.653278E-14
3800.72045473848  2.742379E-14
3803.52903362775  2.721148E-14
3806.33761251701  2.668835E-14
3809.14619140628  2.725827E-14
3811.95477029555  2.823628E-14
3814.76334918481  2.718688E-14
3817.57192807408  2.788218E-14
3820.38050696334  2.798212E-14
3823.18908585261  2.918866E-14
3825.99766474188  2.976988E-14
3828.80624363114  2.917226E-14
3831.61482252041  2.890325E-14
3834.42340140968  2.859667E-14
3837.23198029894  2.875573E-14
3840.04055918821  2.886974E-14
3842.84913807747  2.925343E-14
3845.65771696674  2.834192E-14
3848.46629585601  2.931187E-14
3851.27487474527  3.016495E-14
3854.08345363454  3.126483E-14
3856.89203252381  3.184147E-14
3859.70061141307  3.261481E-14
3862.50919030234  3.338143E-14
3865.3177691916  3.396673E-14
3868.12634808087  3.488381E-14
3870.93492697014  3.452642E-14
3873.7435058594  3.410594E-14
3876.55208474867  3.382632E-14
3879.36066363794  3.375663E-14
3882.1692425272  3.324060E-14
3884.97782141647  3.265460E-14
3887.78640030574  3.168249E-14
3890.594979195  3.200350E-14
3893.40355808427  3.212061E-14
3896.21213697353  3.098471E-14
3899.0207158628  3.103857E-14
3901.82929475207  3.119165E-14
3904.63787364133  3.147392E-14
3907.4464525306  3.216354E-14
3910.25503141987  3.349398E-14
3913.06361030913  3.455329E-14
3915.8721891984  3.473550E-14
3918.68076808766  3.611355E-14
3921.48934697693  3.683043E-14
3924.2979258662  3.651344E-14
3927.10650475546  3.609765E-14
3929.91508364473  3.681541E-14
3932.723662534  3.701922E-14
3935.53224142326  3.703904E-14
3938.34082031253  3.703325E-14
3941.1493992018  3.626196E-14
3943.95797809106  3.644969E-14
3946.76655698033  3.624376E-14
3949.57513586959  3.606768E-14
3952.38371475886  3.614769E-14
3955.19229364813  3.453981E-14
3958.00087253739  3.364772E-14
3960.80945142666  3.377344E-14
3963.61803031593  3.336155E-14
3966.42660920519  3.247503E-14
3969.23518809446  3.178217E-14
3972.04376698372  3.124427E-14
3974.85234587299  3.031745E-14
3977.66092476226  3.049173E-14
3980.46950365152  3.050839E-14
3983.27808254079  3.091541E-14
3986.08666143006  3.199036E-14
3988.89524031932  3.286745E-14
3991.70381920859  3.289354E-14
3994.51239809785  3.393802E-14
3997.32097698712  3.428788E-14
4000.12955587639  3.509813E-14
4002.93813476565  3.574238E-14
4005.74671365492  3.603134E-14
4008.55529254419  3.695450E-14
4011.36387143345  3.692957E-14
4014.17245032272  3.689529E-14
4016.98102921199  3.688460E-14
4019.78960810125  3.716786E-14
4022.59818699052  3.774951E-14
4025.40676587978  3.749768E-14
4028.21534476905  3.759712E-14
4031.02392365832  3.773944E-14
4033.83250254758  3.722543E-14
4036.64108143685  3.739905E-14
4039.44966032612  3.782417E-14
4042.25823921538  3.753432E-14
4045.06681810465  3.716057E-14
4047.87539699391  3.775171E-14
4050.68397588318  3.839619E-14
4053.49255477245  3.864218E-14
4056.30113366171  3.778132E-14
4059.10971255098  3.756698E-14
4061.91829144025  3.804519E-14
4064.72687032951  3.807569E-14
4067.53544921878  3.798252E-14
4070.34402810804  3.753702E-14
4073.15260699731  3.772901E-14
4075.96118588658  3.690820E-14
4078.76976477584  3.560437E-14
4081.57834366511  3.526284E-14
4084.38692255438  3.533222E-14
4087.19550144364  3.465418E-14
4090.00408033291  3.448376E-14
4092.81265922217  3.325303E-14
4095.62123811144  3.260417E-14
4098.42981700071  3.230640E-14
4101.23839588997  3.149909E-14
4104.04697477924  3.143352E-14
4106.85555366851  3.090247E-14
4109.66413255777  3.094409E-14
4112.47271144704  3.152524E-14
4115.28129033631  3.174528E-14
4118.08986922557  3.225518E-14
4120.89844811484  3.250290E-14
4123.70702700411  3.309483E-14
4126.51560589337  3.386801E-14
4129.32418478264  3.473022E-14
4132.1327636719  3.525447E-14
4134.94134256117  3.541067E-14
4137.74992145044  3.641310E-14
4140.5585003397  3.644454E-14
4143.36707922897  3.727018E-14
4146.17565811824  3.803428E-14
4148.9842370075  3.762168E-14
4151.79281589677  3.818213E-14
4154.60139478603  3.761088E-14
4157.4099736753  3.782280E-14
4160.21855256457  3.816966E-14
4163.02713145383  3.815610E-14
4165.8357103431  3.829978E-14
4168.64428923237  3.817536E-14
4171.45286812163  3.831856E-14
4174.2614470109  3.841574E-14
4177.07002590016  3.846192E-14
4179.87860478943  3.762898E-14
4182.6871836787  3.739115E-14
4185.49576256796  3.741412E-14
4188.30434145723  3.818241E-14
4191.1129203465  3.787813E-14
4193.92149923576  3.731470E-14
4196.73007812503  3.744044E-14
4199.53865701429  3.747412E-14
4202.34723590356  3.845294E-14
4205.15581479283  3.782778E-14
4207.96439368209  3.732194E-14
4210.77297257136  3.767274E-14
4213.58155146063  3.794394E-14
4216.39013034989  3.763476E-14
4219.19870923916  3.775128E-14
4222.00728812843  3.801061E-14
4224.81586701769  3.749556E-14
4227.62444590696  3.763808E-14
4230.43302479622  3.814377E-14
4233.24160368549  3.837574E-14
4236.05018257476  3.798581E-14
4238.85876146402  3.784422E-14
4241.66734035329  3.803897E-14
4244.47591924255  3.818344E-14
4247.28449813182  3.837784E-14
4250.09307702109  3.812871E-14
4252.90165591036  3.780526E-14
4255.71023479962  3.790653E-14
4258.51881368889  3.782598E-14
4261.32739257815  3.814490E-14
4264.13597146742  3.803829E-14
4266.94455035668  3.767551E-14
4269.75312924595  3.825139E-14
4272.56170813522  3.806827E-14
4275.37028702449  3.795685E-14
4278.17886591375  3.783001E-14
4280.98744480302  3.778912E-14
4283.79602369228  3.848116E-14
4286.60460258155  3.826621E-14
4289.41318147082  3.799832E-14
4292.22176036008  3.748149E-14
4295.03033924935  3.793496E-14
4297.83891813862  3.766044E-14
4300.64749702788  3.717641E-14
4303.45607591715  3.802038E-14
4306.26465480641  3.688253E-14
4309.07323369568  3.666277E-14
4311.88181258495  3.676982E-14
4314.69039147421  3.578207E-14
4317.49897036348  3.583401E-14
4320.30754925275  3.538958E-14
4323.11612814201  3.501170E-14
4325.92470703128  3.440390E-14
4328.73328592054  3.352692E-14
4331.54186480981  3.318328E-14
4334.35044369908  3.275557E-14
4337.15902258834  3.265788E-14
4339.96760147761  3.196546E-14
4342.77618036688  3.160370E-14
4345.58475925614  3.220298E-14
4348.39333814541  3.198916E-14
4351.20191703468  3.211713E-14
4354.01049592394  3.244592E-14
4356.81907481321  3.265594E-14
4359.62765370247  3.338678E-14
4362.43623259174  3.400021E-14
4365.24481148101  3.469902E-14
4368.05339037027  3.528627E-14
4370.86196925954  3.574444E-14
4373.67054814881  3.672143E-14
4376.47912703807  3.642986E-14
4379.28770592734  3.639615E-14
4382.0962848166  3.726551E-14
4384.90486370587  3.726335E-14
4387.71344259514  3.742962E-14
4390.5220214844  3.754316E-14
4393.33060037367  3.739753E-14
4396.13917926294  3.767595E-14
4398.9477581522  3.775411E-14
4401.75633704147  3.776768E-14
4404.56491593074  3.832277E-14
4407.37349482  3.819926E-14
4410.18207370927  3.814688E-14
4412.99065259853  3.819474E-14
4415.7992314878  3.794536E-14
4418.60781037707  3.832322E-14
4421.41638926633  3.809816E-14
4424.2249681556  3.795939E-14
4427.03354704487  3.810940E-14
4429.84212593413  3.832598E-14
4432.6507048234  3.852629E-14
4435.45928371267  3.840817E-14
4438.26786260193  3.830036E-14
4441.0764414912  3.830802E-14
4443.88502038046  3.868685E-14
4446.69359926973  3.813846E-14
4449.502178159  3.769804E-14
4452.31075704826  3.768329E-14
4455.11933593753  3.748324E-14
4457.9279148268  3.741865E-14
4460.73649371606  3.728132E-14
4463.54507260533  3.739124E-14
4466.35365149459  3.763756E-14
4469.16223038386  3.699737E-14
4471.97080927313  3.670026E-14
4474.77938816239  3.685419E-14
4477.58796705166  3.654296E-14
4480.39654594093  3.685216E-14
4483.20512483019  3.693124E-14
4486.01370371946  3.693064E-14
4488.82228260873  3.699704E-14
4491.63086149799  3.709755E-14
4494.43944038726  3.734451E-14
4497.24801927652  3.753674E-14
4500.05659816579  3.714614E-14
4502.86517705506  3.753476E-14
4505.67375594432  3.786517E-14
4508.48233483359  3.798208E-14
4511.29091372285  3.784705E-14
4514.09949261212  3.802855E-14
4516.90807150139  3.787069E-14
4519.71665039065  3.841557E-14
4522.52522927992  3.799660E-14
4525.33380816919  3.799022E-14
4528.14238705845  3.761350E-14
4530.95096594772  3.778011E-14
4533.75954483698  3.752599E-14
4536.56812372625  3.771529E-14
4539.37670261552  3.801419E-14
4542.18528150478  3.748932E-14
4544.99386039405  3.754810E-14
4547.80243928332  3.794362E-14
4550.61101817258  3.793306E-14
4553.41959706185  3.767666E-14
4556.22817595111  3.725061E-14
4559.03675484038  3.758472E-14
4561.84533372965  3.795101E-14
4564.65391261891  3.776590E-14
4567.46249150818  3.775306E-14
4570.27107039745  3.760624E-14
4573.07964928671  3.748493E-14
4575.88822817598  3.761679E-14
4578.69680706525  3.788087E-14
4581.50538595451  3.779832E-14
4584.31396484378  3.768375E-14
4587.12254373305  3.813160E-14
4589.93112262231  3.831306E-14
4592.73970151158  3.801420E-14
4595.54828040084  3.839116E-14
4598.35685929011  3.847958E-14
4601.16543817938  3.821771E-14
4603.97401706864  3.815004E-14
4606.78259595791  3.809044E-14
4609.59117484718  3.814913E-14
4612.39975373644  3.806356E-14
4615.20833262571  3.801452E-14
4618.01691151497  3.798887E-14
4620.82549040424  3.849000E-14
4623.63406929351  3.784229E-14
4626.44264818277  3.789088E-14
4629.25122707204  3.820589E-14
4632.05980596131  3.776835E-14
4634.86838485057  3.809393E-14
4637.67696373984  3.802311E-14
4640.48554262911  3.788463E-14
4643.29412151837  3.749104E-14
4646.10270040764  3.799983E-14
4648.9112792969  3.820784E-14
4651.71985818617  3.814185E-14
4654.52843707544  3.830539E-14
4657.3370159647  3.802921E-14
4660.14559485397  3.792531E-14
4662.95417374324  3.785308E-14
4665.7627526325  3.793176E-14
4668.57133152177  3.804476E-14
4671.37991041103  3.772968E-14
4674.1884893003  3.774088E-14
4676.99706818957  3.779163E-14
4679.80564707883  3.791785E-14
4682.6142259681  3.829492E-14
4685.42280485737  3.790388E-14
4688.23138374663  3.764851E-14
4691.0399626359  3.767191E-14
4693.84854152516  3.766610E-14
4696.65712041443  3.744736E-14
4699.4656993037  3.741132E-14
4702.27427819296  3.729498E-14
4705.08285708223  3.727905E-14
4707.8914359715  3.693052E-14
4710.70001486076  3.689222E-14
4713.50859375003  3.671378E-14
4716.3171726393  3.686466E-14
4719.12575152856  3.669254E-14
4721.93433041783  3.655156E-14
4724.74290930709  3.690505E-14
4727.55148819636  3.683157E-14
4730.36006708563  3.694160E-14
4733.16864597489  3.630083E-14
4735.97722486416  3.667721E-14
4738.78580375343  3.658073E-14
4741.59438264269  3.622272E-14
4744.40296153196  3.637443E-14
4747.21154042122  3.624185E-14
4750.02011931049  3.625907E-14
4752.82869819976  3.653370E-14
4755.63727708902  3.644478E-14
4758.44585597829  3.624038E-14
4761.25443486756  3.638669E-14
4764.06301375682  3.624787E-14
4766.87159264609  3.570112E-14
4769.68017153535  3.559146E-14
4772.48875042462  3.602023E-14
4775.29732931389  3.604540E-14
4778.10590820315  3.583442E-14
4780.91448709242  3.575337E-14
4783.72306598169  3.527370E-14
4786.53164487095  3.521018E-14
4789.34022376022  3.499495E-14
4792.14880264949  3.503873E-14
4794.95738153875  3.522515E-14
4797.76596042802  3.489433E-14
4800.57453931728  3.504107E-14
4803.38311820655  3.511704E-14
4806.19169709582  3.484130E-14
4809.00027598508  3.481487E-14
4811.80885487435  3.419176E-14
4814.61743376362  3.439469E-14
4817.42601265288  3.424871E-14
4820.23459154215  3.413642E-14
4823.04317043141  3.373506E-14
4825.85174932068  3.353978E-14
4828.66032820995  3.328613E-14
4831.46890709921  3.269702E-14
4834.27748598848  3.258470E-14
4837.08606487775  3.189632E-14
4839.89464376701  3.126105E-14
4842.70322265628  3.115274E-14
4845.51180154554  3.058943E-14
4848.32038043481  3.000366E-14
4851.12895932408  3.009951E-14
4853.93753821334  2.983107E-14
4856.74611710261  2.945971E-14
4859.55469599188  2.918868E-14
4862.36327488114  2.910463E-14
4865.17185377041  2.896660E-14
4867.98043265968  2.882436E-14
4870.78901154894  2.874451E-14
4873.59759043821  2.893764E-14
4876.40616932747  2.913019E-14
4879.21474821674  2.943250E-14
4882.02332710601  2.985029E-14
4884.83190599527  3.051267E-14
4887.64048488454  3.100056E-14
4890.44906377381  3.118879E-14
4893.25764266307  3.151088E-14
4896.06622155234  3.144252E-14
4898.87480044161  3.185036E-14
4901.68337933087  3.226354E-14
4904.49195822014  3.227507E-14
4907.3005371094  3.197790E-14
4910.10911599867  3.258228E-14
4912.91769488794  3.231888E-14
4915.7262737772  3.296126E-14
4918.53485266647  3.265778E-14
4921.34343155574  3.306932E-14
4924.152010445  3.310345E-14
4926.96058933427  3.277186E-14
4929.76916822353  3.293494E-14
4932.5777471128  3.299582E-14
4935.38632600207  3.299475E-14
4938.19490489133  3.308090E-14
4941.0034837806  3.286428E-14
4943.81206266987  3.339883E-14
4946.62064155913  3.374744E-14
4949.4292204484  3.340022E-14
4952.23779933767  3.330301E-14
4955.04637822693  3.321838E-14
4957.8549571162  3.346559E-14
4960.66353600546  3.333540E-14
4963.47211489473  3.316177E-14
4966.280693784  3.366833E-14
4969.08927267326  3.367603E-14
4971.89785156253  3.354234E-14
4974.70643045179  3.355802E-14
4977.51500934106  3.332498E-14
4980.32358823033  3.342231E-14
4983.13216711959  3.334947E-14
4985.94074600886  3.341070E-14
4988.74932489813  3.350757E-14
4991.55790378739  3.338872E-14
4994.36648267666  3.325732E-14
4997.17506156592  3.308798E-14
4999.98364045519  3.297519E-14
5002.79221934446  3.315219E-14
5005.60079823372  3.267009E-14
5008.40937712299  3.282578E-14
5011.21795601226  3.277392E-14
5014.02653490152  3.272310E-14
5016.83511379079  3.276251E-14
5019.64369268006  3.278922E-14
5022.45227156932  3.272737E-14
5025.26085045859  3.244848E-14
5028.06942934785  3.255236E-14
5030.87800823712  3.270232E-14
5033.68658712639  3.276508E-14
5036.49516601565  3.244689E-14
5039.30374490492  3.248737E-14
5042.11232379419  3.263891E-14
5044.92090268345  3.290475E-14
5047.72948157272  3.268966E-14
5050.53806046198  3.241828E-14
5053.34663935125  3.250248E-14
5056.15521824052  3.232195E-14
5058.96379712978  3.239859E-14
5061.77237601905  3.272281E-14
5064.58095490832  3.265834E-14
5067.38953379758  3.268091E-14
5070.19811268685  3.269737E-14
5073.00669157612  3.257151E-14
5075.81527046538  3.297544E-14
5078.62384935465  3.243672E-14
5081.43242824391  3.247239E-14
5084.24100713318  3.273254E-14
5087.04958602245  3.262254E-14
5089.85816491171  3.255184E-14
5092.66674380098  3.245438E-14
5095.47532269025  3.203092E-14
5098.28390157951  3.244768E-14
5101.09248046878  3.254081E-14
5103.90105935805  3.217912E-14
5106.70963824731  3.209841E-14
5109.51821713658  3.207214E-14
5112.32679602584  3.233796E-14
5115.13537491511  3.215190E-14
5117.94395380438  3.190932E-14
5120.75253269364  3.191413E-14
5123.56111158291  3.229315E-14
5126.36969047218  3.195499E-14
5129.17826936144  3.202726E-14
5131.98684825071  3.180269E-14
5134.79542713997  3.158364E-14
5137.60400602924  3.168656E-14
5140.41258491851  3.158879E-14
5143.22116380777  3.171203E-14
5146.02974269704  3.161880E-14
5148.83832158631  3.165449E-14
5151.64690047557  3.154869E-14
5154.45547936484  3.107637E-14
5157.2640582541  3.116847E-14
5160.07263714337  3.140248E-14
5162.88121603264  3.126785E-14
5165.6897949219  3.104285E-14
5168.49837381117  3.067847E-14
5171.30695270044  3.070500E-14
5174.1155315897  3.090784E-14
5176.92411047897  3.049456E-14
5179.73268936824  3.056650E-14
5182.5412682575  3.081799E-14
5185.34984714677  3.052125E-14
5188.15842603603  3.064371E-14
5190.9670049253  3.073208E-14
5193.77558381457  3.075435E-14
5196.58416270383  3.071254E-14
5199.3927415931  3.092002E-14
5202.20132048237  3.037951E-14
5205.00989937163  3.088393E-14
5207.8184782609  3.050419E-14
5210.62705715016  3.061200E-14
5213.43563603943  3.054452E-14
5216.2442149287  3.029389E-14
5219.05279381796  3.065452E-14
5221.86137270723  3.057763E-14
5224.66995159649  3.037690E-14
5227.47853048576  3.029135E-14
5230.28710937503  3.056739E-14
5233.0956882643  3.012474E-14
5235.90426715356  3.030326E-14
5238.71284604283  3.003195E-14
5241.52142493209  3.015355E-14
5244.33000382136  3.000353E-14
5247.13858271063  3.004155E-14
5249.94716159989  3.000913E-14
5252.75574048916  3.001564E-14
5255.56431937843  3.005583E-14
5258.37289826769  2.984925E-14
5261.18147715696  2.974652E-14
5263.99005604622  2.972669E-14
5266.79863493549  2.951208E-14
5269.60721382476  2.949642E-14
5272.41579271402  2.962658E-14
5275.22437160329  2.949907E-14
5278.03295049256  2.946593E-14
5280.84152938182  2.945940E-14
5283.65010827109  2.953986E-14
5286.45868716036  2.944289E-14
5289.26726604962  2.940494E-14
5292.07584493889  2.914313E-14
5294.88442382815  2.906592E-14
5297.69300271742  2.901818E-14
5300.50158160669  2.918398E-14
5303.31016049595  2.911245E-14
5306.11873938522  2.923560E-14
5308.92731827448  2.913524E-14
5311.73589716375  2.917047E-14
5314.54447605302  2.928943E-14
5317.35305494228  2.866333E-14
5320.16163383155  2.859340E-14
5322.97021272082  2.901850E-14
5325.77879161008  2.879613E-14
5328.58737049935  2.868798E-14
5331.39594938862  2.872123E-14
5334.20452827788  2.869811E-14
5337.01310716715  2.856543E-14
5339.82168605641  2.909816E-14
5342.63026494568  2.861660E-14
5345.43884383495  2.885319E-14
5348.24742272421  2.876453E-14
5351.05600161348  2.870164E-14
5353.86458050275  2.867042E-14
5356.67315939201  2.868493E-14
5359.48173828128  2.893342E-14
5362.29031717055  2.889875E-14
5365.09889605981  2.865707E-14
5367.90747494908  2.852960E-14
5370.71605383834  2.844482E-14
5373.52463272761  2.853550E-14
5376.33321161688  2.854016E-14
5379.14179050614  2.856746E-14
5381.95036939541  2.879824E-14
5384.75894828468  2.854019E-14
5387.56752717394  2.849375E-14
5390.37610606321  2.845354E-14
5393.18468495247  2.853858E-14
5395.99326384174  2.847669E-14
5398.80184273101  2.856948E-14
5401.61042162027  2.839405E-14
5404.41900050954  2.841332E-14
5407.22757939881  2.818091E-14
5410.03615828807  2.839684E-14
5412.84473717734  2.829649E-14
5415.65331606661  2.804954E-14
5418.46189495587  2.811189E-14
5421.27047384514  2.819396E-14
5424.0790527344  2.838447E-14
5426.88763162367  2.800688E-14
5429.69621051294  2.774828E-14
5432.5047894022  2.790379E-14
5435.31336829147  2.829877E-14
5438.12194718073  2.792915E-14
5440.93052607  2.818956E-14
5443.73910495927  2.794484E-14
5446.54768384853  2.782842E-14
5449.3562627378  2.788429E-14
5452.16484162707  2.785678E-14
5454.97342051633  2.805505E-14
5457.7819994056  2.788092E-14
5460.59057829487  2.764521E-14
5463.39915718413  2.771328E-14
5466.2077360734  2.777436E-14
5469.01631496266  2.788036E-14
5471.82489385193  2.774795E-14
5474.6334727412  2.769736E-14
5477.44205163046  2.766507E-14
5480.25063051973  2.763077E-14
5483.059209409  2.746788E-14
5485.86778829826  2.725460E-14
5488.67636718753  2.772371E-14
5491.48494607679  2.782364E-14
5494.29352496606  2.739939E-14
5497.10210385533  2.771088E-14
5499.9106827446  2.755922E-14
5502.71926163386  2.764452E-14
5505.52784052313  2.764017E-14
5508.33641941239  2.776135E-14
5511.14499830166  2.765205E-14
5513.95357719093  2.753435E-14
5516.76215608019  2.748270E-14
5519.57073496946  2.764729E-14
5522.37931385873  2.744522E-14
5525.18789274799  2.736090E-14
5527.99647163726  2.740314E-14
5530.80505052652  2.713183E-14
5533.61362941579  2.709167E-14
5536.42220830506  2.741429E-14
5539.23078719432  2.721876E-14
5542.03936608359  2.705656E-14
5544.84794497286  2.700940E-14
5547.65652386212  2.707791E-14
5550.46510275139  2.730514E-14
5553.27368164065  2.743039E-14
5556.08226052992  2.714510E-14
5558.89083941919  2.729238E-14
5561.69941830845  2.717568E-14
5564.50799719772  2.717035E-14
5567.31657608699  2.699739E-14
5570.12515497625  2.650684E-14
5572.93373386552  2.656949E-14
5575.74231275478  2.656978E-14
5578.55089164405  2.661391E-14
5581.35947053332  2.678574E-14
5584.16804942258  2.681154E-14
5586.97662831185  2.676059E-14
5589.78520720112  2.670081E-14
5592.59378609038  2.674761E-14
5595.40236497965  2.705902E-14
5598.21094386891  2.671866E-14
5601.01952275818  2.639573E-14
5603.82810164745  2.655915E-14
5606.63668053671  2.648590E-14
5609.44525942598  2.628570E-14
5612.25383831525  2.611068E-14
5615.06241720451  2.648661E-14
5617.87099609378  2.625300E-14
5620.67957498304  2.626126E-14
5623.48815387231  2.589328E-14
5626.29673276158  2.618480E-14
5629.10531165085  2.636762E-14
5631.91389054011  2.622405E-14
5634.72246942938  2.611432E-14
5637.53104831864  2.625029E-14
5640.33962720791  2.605890E-14
5643.14820609718  2.565513E-14
5645.95678498644  2.575095E-14
5648.76536387571  2.599352E-14
5651.57394276497  2.595190E-14
5654.38252165424  2.569148E-14
5657.19110054351  2.568653E-14
5659.99967943277  2.583528E-14
5662.80825832204  2.564795E-14
5665.61683721131  2.559825E-14
5668.42541610057  2.554936E-14
5671.23399498984  2.522831E-14
5674.0425738791  2.539133E-14
5676.85115276837  2.549736E-14
5679.65973165764  2.533274E-14
5682.46831054691  2.558816E-14
5685.27688943617  2.551738E-14
5688.08546832544  2.538271E-14
5690.8940472147  2.541324E-14
5693.70262610397  2.522391E-14
5696.51120499324  2.510980E-14
5699.3197838825  2.514883E-14
5702.12836277177  2.510475E-14
5704.93694166103  2.503571E-14
5707.7455205503  2.514009E-14
5710.55409943957  2.496022E-14
5713.36267832883  2.465054E-14
5716.1712572181  2.466974E-14
5718.97983610737  2.457331E-14
5721.78841499663  2.454831E-14
5724.5969938859  2.436176E-14
5727.40557277516  2.465273E-14
5730.21415166443  2.452071E-14
5733.0227305537  2.441248E-14
5735.83130944296  2.434462E-14
5738.63988833223  2.410931E-14
5741.4484672215  2.430323E-14
5744.25704611076  2.411326E-14
5747.06562500003  2.403274E-14
5749.87420388929  2.411164E-14
5752.68278277856  2.415718E-14
5755.49136166783  2.408214E-14
5758.29994055709  2.402153E-14
5761.10851944636  2.399656E-14
5763.91709833563  2.394114E-14
5766.72567722489  2.402718E-14
5769.53425611416  2.399404E-14
5772.34283500343  2.412613E-14
5775.15141389269  2.364106E-14
5777.95999278196  2.381621E-14
5780.76857167122  2.402449E-14
5783.57715056049  2.386627E-14
5786.38572944976  2.370132E-14
5789.19430833902  2.366978E-14
5792.00288722829  2.400164E-14
5794.81146611756  2.394040E-14
5797.62004500682  2.379482E-14
5800.42862389609  2.368509E-14
5803.23720278536  2.376103E-14
5806.04578167462  2.382274E-14
5808.85436056389  2.360471E-14
5811.66293945315  2.360619E-14
5814.47151834242  2.366239E-14
5817.28009723169  2.394603E-14
5820.08867612095  2.383253E-14
5822.89725501022  2.366413E-14
5825.70583389949  2.379102E-14
5828.51441278875  2.365878E-14
5831.32299167802  2.363475E-14
5834.13157056729  2.392301E-14
5836.94014945655  2.401565E-14
5839.74872834582  2.363430E-14
5842.55730723508  2.368449E-14
5845.36588612435  2.369208E-14
5848.17446501362  2.346575E-14
5850.98304390288  2.326845E-14
5853.79162279215  2.339172E-14
5856.60020168142  2.318956E-14
5859.40878057068  2.304427E-14
5862.21735945995  2.317063E-14
5865.02593834921  2.327811E-14
5867.83451723848  2.318860E-14
5870.64309612775  2.321353E-14
5873.45167501701  2.348947E-14
5876.26025390628  2.299205E-14
5879.06883279555  2.312793E-14
5881.87741168481  2.285620E-14
5884.68599057408  2.257218E-14
5887.49456946334  2.236395E-14
5890.30314835261  2.242281E-14
5893.11172724188  2.247733E-14
5895.92030613114  2.238416E-14
5898.72888502041  2.249184E-14
5901.53746390967  2.251195E-14
5904.34604279894  2.260244E-14
5907.15462168821  2.294358E-14
5909.96320057747  2.290661E-14
5912.77177946674  2.295513E-14
5915.58035835601  2.272265E-14
5918.38893724527  2.298047E-14
5921.19751613454  2.308134E-14
5924.00609502381  2.298753E-14
5926.81467391307  2.321130E-14
5929.62325280234  2.308018E-14
5932.4318316916  2.293965E-14
5935.24041058087  2.288216E-14
5938.04898947014  2.286228E-14
5940.8575683594  2.306203E-14
5943.66614724867  2.290179E-14
5946.47472613794  2.282667E-14
5949.2833050272  2.307978E-14
5952.09188391647  2.286072E-14
5954.90046280574  2.268313E-14
5957.709041695  2.281616E-14
5960.51762058427  2.259360E-14
5963.32619947353  2.248913E-14
5966.1347783628  2.254956E-14
5968.94335725207  2.252468E-14
5971.75193614133  2.251447E-14
5974.5605150306  2.233465E-14
5977.36909391987  2.216902E-14
5980.17767280913  2.249589E-14
5982.9862516984  2.248182E-14
5985.79483058767  2.234423E-14
5988.60340947693  2.236740E-14
5991.4119883662  2.239528E-14
5994.22056725546  2.229812E-14
5997.02914614473  2.230248E-14
5999.837725034  2.235256E-14
6002.64630392326  2.235509E-14
6005.45488281253  2.190978E-14
6008.2634617018  2.226365E-14
6011.07204059106  2.226186E-14
6013.88061948033  2.222354E-14
6016.68919836959  2.192766E-14
6019.49777725886  2.218656E-14
6022.30635614813  2.188156E-14
6025.11493503739  2.196783E-14
6027.92351392666  2.206721E-14
6030.73209281593  2.196959E-14
6033.54067170519  2.197820E-14
6036.34925059446  2.181844E-14
6039.15782948372  2.193313E-14
6041.96640837299  2.164925E-14
6044.77498726226  2.204976E-14
6047.58356615152  2.200210E-14
6050.39214504079  2.161256E-14
6053.20072393006  2.164627E-14
6056.00930281932  2.156248E-14
6058.81788170859  2.147068E-14
6061.62646059785  2.161133E-14
6064.43503948712  2.155517E-14
6067.24361837639  2.177715E-14
6070.05219726565  2.158743E-14
6072.86077615492  2.139096E-14
6075.66935504419  2.139497E-14
6078.47793393345  2.155258E-14
6081.28651282272  2.149747E-14
6084.09509171199  2.152836E-14
6086.90367060125  2.147964E-14
6089.71224949052  2.143227E-14
6092.52082837978  2.129225E-14
6095.32940726905  2.138158E-14
6098.13798615832  2.118005E-14
6100.94656504758  2.134753E-14
6103.75514393685  2.132824E-14
6106.56372282612  2.108658E-14
6109.37230171538  2.119966E-14
6112.18088060465  2.129207E-14
6114.98945949391  2.107997E-14
6117.79803838318  2.105819E-14
6120.60661727245  2.119575E-14
6123.41519616172  2.108517E-14
6126.22377505098  2.113919E-14
6129.03235394025  2.091689E-14
6131.84093282951  2.110210E-14
6134.64951171878  2.107562E-14
6137.45809060805  2.104272E-14
6140.26666949731  2.089611E-14
6143.07524838658  2.076516E-14
6145.88382727585  2.090108E-14
6148.69240616511  2.092514E-14
6151.50098505438  2.076231E-14
6154.30956394364  2.081162E-14
6157.11814283291  2.083344E-14
6159.92672172217  2.079228E-14
6162.73530061144  2.074541E-14
6165.54387950071  2.071860E-14
6168.35245838997  2.076719E-14
6171.16103727924  2.090718E-14
6173.96961616851  2.059034E-14
6176.77819505777  2.050295E-14
6179.58677394704  2.070099E-14
6182.39535283631  2.053073E-14
6185.20393172557  2.060401E-14
6188.01251061484  2.044952E-14
6190.8210895041  2.052099E-14
6193.62966839337  2.062615E-14
6196.43824728264  2.048259E-14
6199.2468261719  2.051951E-14
6202.05540506117  2.038083E-14
6204.86398395044  2.032170E-14
6207.6725628397  2.005667E-14
6210.48114172897  2.010692E-14
6213.28972061824  2.042614E-14
6216.0982995075  2.027224E-14
6218.90687839677  2.012597E-14
6221.71545728603  2.006219E-14
6224.5240361753  2.030626E-14
6227.33261506457  2.020792E-14
6230.14119395383  2.003700E-14
6232.9497728431  1.995209E-14
6235.75835173237  1.987078E-14
6238.56693062163  1.996377E-14
6241.3755095109  1.980264E-14
6244.18408840016  1.985786E-14
6246.99266728943  1.989268E-14
6249.8012461787  2.006585E-14
6252.60982506796  1.979795E-14
6255.41840395723  1.952796E-14
6258.2269828465  1.973544E-14
6261.03556173576  1.967826E-14
6263.84414062503  1.955911E-14
6266.65271951429  1.968270E-14
6269.46129840356  1.963195E-14
6272.26987729283  1.938846E-14
6275.07845618209  1.879531E-14
6277.88703507136  1.854675E-14
6280.69561396063  1.872906E-14
6283.50419284989  1.882616E-14
6286.31277173916  1.888727E-14
6289.12135062843  1.900663E-14
6291.92992951769  1.875194E-14
6294.73850840696  1.882278E-14
6297.54708729622  1.890643E-14
6300.35566618549  1.873951E-14
6303.16424507476  1.886217E-14
6305.97282396402  1.888432E-14
6308.78140285329  1.900181E-14
6311.58998174256  1.879792E-14
6314.39856063182  1.906709E-14
6317.20713952109  1.886489E-14
6320.01571841036  1.905146E-14
6322.82429729962  1.895541E-14
6325.63287618889  1.880009E-14
6328.44145507815  1.909893E-14
6331.25003396742  1.886278E-14
6334.05861285669  1.874104E-14
6336.86719174595  1.871860E-14
6339.67577063522  1.866929E-14
6342.48434952449  1.873761E-14
6345.29292841375  1.907925E-14
6348.10150730302  1.879401E-14
6350.91008619228  1.894475E-14
6353.71866508155  1.890918E-14
6356.52724397082  1.882151E-14
6359.33582286008  1.882894E-14
6362.14440174935  1.852501E-14
6364.95298063862  1.855334E-14
6367.76155952788  1.882507E-14
6370.57013841715  1.880696E-14
6373.37871730641  1.813730E-14
6376.18729619568  1.849777E-14
6378.99587508495  1.870294E-14
6381.80445397421  1.868589E-14
6384.61303286348  1.857802E-14
6387.42161175275  1.842114E-14
6390.23019064201  1.832953E-14
6393.03876953128  1.850521E-14
6395.84734842054  1.861994E-14
6398.65592730981  1.851601E-14
6401.46450619908  1.841309E-14
6404.27308508834  1.829804E-14
6407.08166397761  1.838437E-14
6409.89024286688  1.849800E-14
6412.69882175614  1.841908E-14
6415.50740064541  1.827337E-14
6418.31597953468  1.835042E-14
6421.12455842394  1.836895E-14
6423.93313731321  1.840364E-14
6426.74171620248  1.833084E-14
6429.55029509174  1.803522E-14
6432.35887398101  1.821652E-14
6435.16745287027  1.807567E-14
6437.97603175954  1.820091E-14
6440.78461064881  1.848797E-14
6443.59318953807  1.821393E-14
6446.40176842734  1.795477E-14
6449.21034731661  1.796412E-14
6452.01892620587  1.800390E-14
6454.82750509514  1.802844E-14
6457.6360839844  1.779401E-14
6460.44466287367  1.779134E-14
6463.25324176294  1.786526E-14
6466.0618206522  1.769152E-14
6468.87039954147  1.761181E-14
6471.67897843073  1.770154E-14
6474.48755732  1.773546E-14
6477.29613620927  1.775952E-14
6480.10471509853  1.778675E-14
6482.9132939878  1.774765E-14
6485.72187287707  1.777511E-14
6488.53045176633  1.760327E-14
6491.3390306556  1.779273E-14
6494.14760954487  1.759394E-14
6496.95618843413  1.753374E-14
6499.7647673234  1.758318E-14
6502.57334621266  1.752383E-14
6505.38192510193  1.741847E-14
6508.1905039912  1.736137E-14
6510.99908288046  1.716966E-14
6513.80766176973  1.725258E-14
6516.616240659  1.731914E-14
6519.42481954826  1.728609E-14
6522.23339843753  1.710847E-14
6525.0419773268  1.705797E-14
6527.85055621606  1.703445E-14
6530.65913510533  1.691039E-14
6533.46771399459  1.667089E-14
6536.27629288386  1.667265E-14
6539.08487177313  1.648685E-14
6541.89345066239  1.638144E-14
6544.70202955166  1.635385E-14
6547.51060844093  1.666545E-14
6550.31918733019  1.677841E-14
6553.12776621946  1.674108E-14
6555.93634510872  1.682224E-14
6558.74492399799  1.676723E-14
6561.55350288726  1.653821E-14
6564.36208177652  1.663741E-14
6567.17066066579  1.681325E-14
6569.97923955506  1.662389E-14
6572.78781844432  1.622756E-14
6575.59639733359  1.608552E-14
6578.40497622285  1.599947E-14
6581.21355511212  1.602098E-14
6584.02213400139  1.614034E-14
6586.83071289066  1.604368E-14
6589.63929177992  1.626585E-14
6592.44787066919  1.639341E-14
6595.25644955845  1.639237E-14
6598.06502844772  1.648064E-14
6600.87360733698  1.684956E-14
6603.68218622625  1.664159E-14
6606.49076511552  1.659918E-14
6609.29934400478  1.649438E-14
6612.10792289405  1.679260E-14
6614.91650178332  1.678175E-14
6617.72508067258  1.680810E-14
6620.53365956185  1.673947E-14
6623.34223845112  1.660245E-14
6626.15081734038  1.682000E-14
6628.95939622965  1.671518E-14
6631.76797511891  1.690468E-14
6634.57655400818  1.689077E-14
6637.38513289745  1.682095E-14
6640.19371178671  1.683861E-14
6643.00229067598  1.680197E-14
6645.81086956525  1.669787E-14
6648.61944845451  1.668981E-14
6651.42802734378  1.665392E-14
6654.23660623304  1.679243E-14
6657.04518512231  1.679230E-14
6659.85376401158  1.653651E-14
6662.66234290084  1.666759E-14
6665.47092179011  1.661746E-14
6668.27950067938  1.691837E-14
6671.08807956864  1.692609E-14
6673.89665845791  1.647205E-14
6676.70523734718  1.648938E-14
6679.51381623644  1.664707E-14
6682.32239512571  1.672472E-14
6685.13097401497  1.672525E-14
6687.93955290424  1.672054E-14
6690.74813179351  1.653968E-14
6693.55671068277  1.653938E-14
6696.36528957204  1.651937E-14
6699.17386846131  1.650384E-14
6701.98244735057  1.655932E-14
6704.79102623984  1.641152E-14
6707.5996051291  1.653674E-14
6710.40818401837  1.671984E-14
6713.21676290764  1.667598E-14
6716.0253417969  1.641593E-14
6718.83392068617  1.658716E-14
6721.64249957544  1.675156E-14
6724.4510784647  1.626294E-14
6727.25965735397  1.642581E-14
6730.06823624324  1.656415E-14
6732.8768151325  1.653616E-14
6735.68539402177  1.629010E-14
6738.49397291104  1.627867E-14
6741.3025518003  1.653360E-14
6744.11113068957  1.619829E-14
6746.91970957883  1.629131E-14
6749.7282884681  1.645801E-14
6752.53686735736  1.616103E-14
6755.34544624663  1.620972E-14
6758.1540251359  1.639459E-14
6760.96260402517  1.610893E-14
6763.77118291443  1.618680E-14
6766.5797618037  1.632009E-14
6769.38834069297  1.622159E-14
6772.19691958223  1.632347E-14
6775.0054984715  1.609896E-14
6777.81407736076  1.615934E-14
6780.62265625003  1.616120E-14
6783.4312351393  1.613692E-14
6786.23981402856  1.602001E-14
6789.04839291783  1.615187E-14
6791.85697180709  1.613489E-14
6794.66555069636  1.591876E-14
6797.47412958563  1.598618E-14
6800.28270847489  1.594348E-14
6803.09128736416  1.601408E-14
6805.89986625343  1.591021E-14
6808.70844514269  1.591282E-14
6811.51702403196  1.586858E-14
6814.32560292122  1.598420E-14
6817.13418181049  1.604097E-14
6819.94276069976  1.588281E-14
6822.75133958902  1.583276E-14
6825.55991847829  1.574276E-14
6828.36849736755  1.570085E-14
6831.17707625682  1.584156E-14
6833.98565514609  1.576653E-14
6836.79423403536  1.565189E-14
6839.60281292462  1.564786E-14
6842.41139181389  1.543027E-14
6845.21997070315  1.557972E-14
6848.02854959242  1.559605E-14
6850.83712848169  1.559857E-14
6853.64570737095  1.571461E-14
6856.45428626022  1.565746E-14
6859.26286514949  1.539324E-14
6862.07144403875  1.488109E-14
6864.88002292802  1.337766E-14
6867.68860181728  1.181260E-14
6870.49718070655  1.143990E-14
6873.30575959582  1.148739E-14
6876.11433848508  1.239420E-14
6878.92291737435  1.320723E-14
6881.73149626362  1.323613E-14
6884.54007515288  1.313984E-14
6887.34865404215  1.310559E-14
6890.15723293141  1.298327E-14
6892.96581182068  1.320614E-14
6895.77439070995  1.341845E-14
6898.58296959921  1.328568E-14
6901.39154848848  1.333661E-14
6904.20012737775  1.373484E-14
6907.00870626701  1.391977E-14
6909.81728515628  1.407064E-14
6912.62586404555  1.414744E-14
6915.43444293481  1.432203E-14
6918.24302182408  1.456284E-14
6921.05160071334  1.451468E-14
6923.86017960261  1.470464E-14
6926.66875849188  1.453446E-14
6929.47733738114  1.457296E-14
6932.28591627041  1.458383E-14
6935.09449515968  1.478000E-14
6937.90307404894  1.460810E-14
6940.71165293821  1.438660E-14
6943.52023182747  1.453819E-14
6946.32881071674  1.450340E-14
6949.13738960601  1.469905E-14
6951.94596849527  1.470556E-14
6954.75454738454  1.460392E-14
6957.56312627381  1.472149E-14
6960.37170516307  1.465633E-14
6963.18028405234  1.466314E-14
6965.9888629416  1.455552E-14
6968.79744183087  1.465014E-14
6971.60602072014  1.492313E-14
6974.4145996094  1.471851E-14
6977.22317849867  1.464843E-14
6980.03175738794  1.450001E-14
6982.8403362772  1.446614E-14
6985.64891516647  1.456859E-14
6988.45749405573  1.452140E-14
6991.266072945  1.433996E-14
6994.07465183427  1.445535E-14
6996.88323072353  1.429114E-14
6999.6918096128  1.435003E-14
7002.50038850207  1.428712E-14
7005.30896739133  1.442368E-14
7008.1175462806  1.413604E-14
7010.92612516987  1.408981E-14
7013.73470405913  1.423498E-14
7016.5432829484  1.430821E-14
7019.35186183767  1.412184E-14
7022.16044072693  1.401647E-14
7024.9690196162  1.410301E-14
7027.77759850546  1.420643E-14
7030.58617739473  1.424293E-14
7033.394756284  1.425163E-14
7036.20333517326  1.431297E-14
7039.01191406253  1.415632E-14
7041.82049295179  1.408083E-14
7044.62907184106  1.410868E-14
7047.43765073033  1.407294E-14
7050.2462296196  1.390186E-14
7053.05480850886  1.383531E-14
7055.86338739813  1.385708E-14
7058.67196628739  1.402802E-14
7061.48054517666  1.417636E-14
7064.28912406592  1.402587E-14
7067.09770295519  1.385139E-14
7069.90628184446  1.401736E-14
7072.71486073373  1.401994E-14
7075.52343962299  1.392617E-14
7078.33201851226  1.395324E-14
7081.14059740152  1.388596E-14
7083.94917629079  1.404977E-14
7086.75775518006  1.377244E-14
7089.56633406932  1.392841E-14
7092.37491295859  1.366088E-14
7095.18349184785  1.365261E-14
7097.99207073712  1.380554E-14
7100.80064962639  1.364205E-14
7103.60922851565  1.366065E-14
7106.41780740492  1.339559E-14
7109.22638629419  1.358356E-14
7112.03496518345  1.355360E-14
7114.84354407272  1.363481E-14
7117.65212296199  1.386051E-14
7120.46070185125  1.355315E-14
7123.26928074052  1.351092E-14
7126.07785962978  1.371231E-14
7128.88643851905  1.370673E-14
7131.69501740832  1.356955E-14
7134.50359629758  1.343195E-14
7137.31217518685  1.368393E-14
7140.12075407612  1.347184E-14
7142.92933296538  1.340285E-14
7145.73791185465  1.331378E-14
7148.54649074391  1.352845E-14
7151.35506963318  1.366223E-14
7154.16364852245  1.344438E-14
7156.97222741171  1.342053E-14
7159.78080630098  1.342277E-14
7162.58938519025  1.317273E-14
7165.39796407951  1.295175E-14
7168.20654296878  1.302381E-14
7171.01512185805  1.304478E-14
7173.82370074731  1.259778E-14
7176.63227963658  1.258456E-14
7179.44085852584  1.273116E-14
7182.24943741511  1.256046E-14
7185.05801630438  1.225217E-14
7187.86659519364  1.244721E-14
7190.67517408291  1.219214E-14
7193.48375297218  1.236573E-14
7196.29233186144  1.219998E-14
7199.10091075071  1.213003E-14
7201.90948963997  1.229091E-14
7204.71806852924  1.238264E-14
7207.52664741851  1.258077E-14
7210.33522630777  1.278286E-14
7213.14380519704  1.269002E-14
7215.95238408631  1.314678E-14
7218.76096297557  1.288342E-14
7221.56954186484  1.302472E-14
7224.37812075411  1.268171E-14
7227.18669964337  1.272571E-14
7229.99527853264  1.252281E-14
7232.8038574219  1.237700E-14
7235.61243631117  1.221444E-14
7238.42101520044  1.201212E-14
7241.2295940897  1.201523E-14
7244.03817297897  1.220365E-14
7246.84675186824  1.226164E-14
7249.6553307575  1.223065E-14
7252.46390964677  1.247767E-14
7255.27248853603  1.234396E-14
7258.0810674253  1.237750E-14
7260.88964631457  1.254745E-14
7263.69822520383  1.246731E-14
7266.5068040931  1.235742E-14
7269.31538298237  1.238729E-14
7272.12396187163  1.240334E-14
7274.9325407609  1.208328E-14
7277.74111965016  1.228499E-14
7280.54969853943  1.229065E-14
7283.3582774287  1.246477E-14
7286.16685631796  1.218610E-14
7288.97543520723  1.223662E-14
7291.7840140965  1.237151E-14
7294.59259298576  1.246516E-14
7297.40117187503  1.225099E-14
7300.20975076429  1.236289E-14
7303.01832965356  1.226614E-14
7305.82690854283  1.230713E-14
7308.63548743209  1.225170E-14
7311.44406632136  1.210578E-14
7314.25264521063  1.219787E-14
7317.06122409989  1.268112E-14
7319.86980298916  1.261768E-14
7322.67838187842  1.262786E-14
7325.48696076769  1.245839E-14
7328.29553965696  1.239962E-14
7331.10411854623  1.255100E-14
7333.91269743549  1.266790E-14
7336.72127632476  1.242913E-14
7339.52985521402  1.251227E-14
7342.33843410329  1.262327E-14
7345.14701299255  1.246748E-14
7347.95559188182  1.231655E-14
7350.76417077109  1.240670E-14
7353.57274966036  1.271936E-14
7356.38132854962  1.234999E-14
7359.18990743889  1.247784E-14
7361.99848632815  1.248893E-14
7364.80706521742  1.241657E-14
7367.61564410669  1.244139E-14
7370.42422299595  1.247551E-14
7373.23280188522  1.235378E-14
7376.04138077449  1.277693E-14
7378.84995966375  1.240570E-14
7381.65853855302  1.228258E-14
7384.46711744228  1.258260E-14
7387.27569633155  1.280361E-14
7390.08427522082  1.237417E-14
7392.89285411008  1.237266E-14
7395.70143299935  1.242951E-14
7398.51001188862  1.244377E-14
7401.31859077788  1.261155E-14
7404.12716966715  1.255340E-14
7406.93574855641  1.256152E-14
7409.74432744568  1.239170E-14
7412.55290633495  1.224070E-14
7415.36148522421  1.249689E-14
7418.17006411348  1.216242E-14
7420.97864300275  1.230974E-14
7423.78722189201  1.228472E-14
7426.59580078128  1.226925E-14
7429.40437967054  1.212599E-14
7432.21295855981  1.233640E-14
7435.02153744908  1.225950E-14
7437.83011633834  1.229867E-14
7440.63869522761  1.257884E-14
7443.44727411688  1.236732E-14
7446.25585300614  1.214759E-14
7449.06443189541  1.224191E-14
7451.87301078468  1.225186E-14
7454.68158967394  1.227929E-14
7457.49016856321  1.211550E-14
7460.29874745247  1.208262E-14
7463.10732634174  1.225484E-14
7465.91590523101  1.230386E-14
7468.72448412027  1.235196E-14
7471.53306300954  1.234881E-14
7474.34164189881  1.215057E-14
7477.15022078807  1.202075E-14
7479.95879967734  1.207936E-14
7482.76737856661  1.216706E-14
7485.57595745587  1.219664E-14
7488.38453634514  1.214593E-14
7491.1931152344  1.222407E-14
7494.00169412367  1.226630E-14
7496.81027301294  1.214746E-14
7499.6188519022  1.214090E-14
7502.42743079147  1.204207E-14
7505.23600968073  1.206699E-14
7508.04458857  1.217101E-14
7510.85316745927  1.212452E-14
7513.66174634854  1.205212E-14
7516.4703252378  1.202469E-14
7519.27890412707  1.214804E-14
7522.08748301633  1.218437E-14
7524.8960619056  1.223886E-14
7527.70464079487  1.214304E-14
7530.51321968413  1.198075E-14
7533.3217985734  1.215138E-14
7536.13037746267  1.203063E-14
7538.93895635193  1.184332E-14
7541.7475352412  1.192307E-14
7544.55611413046  1.200610E-14
7547.36469301973  1.206506E-14
7550.173271909  1.198204E-14
7552.98185079826  1.188607E-14
7555.79042968753  1.198786E-14
7558.59900857679  1.215660E-14
7561.40758746606  1.206987E-14
7564.21616635533  1.177347E-14
7567.02474524459  1.174390E-14
7569.83332413386  1.164391E-14
7572.64190302313  1.171049E-14
7575.45048191239  1.147918E-14
7578.25906080166  1.156102E-14
7581.06763969093  1.174737E-14
7583.87621858019  1.171236E-14
7586.68479746946  1.205305E-14
7589.49337635872  1.158500E-14
7592.30195524799  1.000354E-14
7595.11053413726  7.452499E-15
7597.91911302652  4.858535E-15
7600.72769191579  3.377410E-15
7603.53627080505  2.513753E-15
7606.34484969432  2.363461E-15
7609.15342858359  2.802156E-15
7611.96200747285  3.773572E-15
7614.77058636212  5.379355E-15
7617.57916525139  7.023944E-15
7620.38774414065  7.308440E-15
7623.19632302992  6.476695E-15
7626.00490191919  5.964800E-15
7628.81348080845  5.557320E-15
7631.62205969772  5.442530E-15
7634.43063858698  5.467973E-15
7637.23921747625  5.840249E-15
7640.04779636552  6.071695E-15
7642.85637525478  6.578023E-15
7645.66495414405  7.072605E-15
7648.47353303332  7.291339E-15
7651.28211192258  7.889555E-15
7654.09069081185  8.135364E-15
7656.89926970111  8.488510E-15
7659.70784859038  8.906710E-15
7662.51642747965  9.354688E-15
7665.32500636892  9.448406E-15
7668.13358525818  9.800743E-15
7670.94216414745  1.017476E-14
7673.75074303671  1.053856E-14
7676.55932192598  1.075470E-14
7679.36790081525  1.069553E-14
7682.17647970451  1.094395E-14
7684.98505859378  1.099325E-14
7687.79363748305  1.080728E-14
7690.60221637231  1.101553E-14
7693.41079526158  1.102082E-14
7696.21937415085  1.123128E-14
7699.02795304011  1.119774E-14
7701.83653192938  1.094624E-14
7704.64511081864  1.097980E-14
7707.45368970791  1.119015E-14
7710.26226859718  1.116903E-14
7713.07084748644  1.128937E-14
7715.87942637571  1.127520E-14
7718.68800526497  1.119866E-14
7721.49658415424  1.135679E-14
7724.30516304351  1.126320E-14
7727.11374193277  1.126447E-14
7729.92232082204  1.135506E-14
7732.73089971131  1.138011E-14
7735.53947860057  1.130324E-14
7738.34805748984  1.106125E-14
7741.1566363791  1.112960E-14
7743.96521526837  1.099305E-14
7746.77379415764  1.108098E-14
7749.5823730469  1.115684E-14
7752.39095193617  1.106498E-14
7755.19953082544  1.098331E-14
7758.0081097147  1.103571E-14
7760.81668860397  1.079557E-14
7763.62526749324  1.083878E-14
7766.4338463825  1.097663E-14
7769.24242527177  1.106281E-14
7772.05100416103  1.101543E-14
7774.8595830503  1.104254E-14
7777.66816193957  1.096850E-14
7780.47674082883  1.067998E-14
7783.2853197181  1.056454E-14
7786.09389860737  1.072090E-14
7788.90247749663  1.053659E-14
7791.7110563859  1.065634E-14
7794.51963527516  1.074200E-14
7797.32821416443  1.076153E-14
7800.1367930537  1.108596E-14
7802.94537194296  1.082508E-14
7805.75395083223  1.101607E-14
7808.5625297215  1.081763E-14
7811.37110861076  1.088628E-14
7814.17968750003  1.067772E-14
7816.98826638929  1.097355E-14
7819.79684527856  1.114425E-14
7822.60542416783  1.067032E-14
7825.41400305709  1.055884E-14
7828.22258194636  1.079925E-14
7831.03116083563  1.108970E-14
7833.83973972489  1.058202E-14
7836.64831861416  1.076681E-14
7839.45689750343  1.093817E-14
7842.26547639269  1.072238E-14
7845.07405528196  1.083005E-14
7847.88263417122  1.078787E-14
7850.69121306049  1.078702E-14
7853.49979194976  1.080441E-14
7856.30837083902  1.068172E-14
7859.11694972829  1.080529E-14
7861.92552861756  1.076131E-14
7864.73410750682  1.075272E-14
7867.54268639609  1.064060E-14
7870.35126528536  1.045732E-14
7873.15984417462  1.075053E-14
7875.96842306389  1.060182E-14
7878.77700195315  1.048721E-14
7881.58558084242  1.057931E-14
7884.39415973169  1.052981E-14
7887.20273862095  1.059434E-14
7890.01131751022  1.056049E-14
7892.81989639948  1.043467E-14
7895.62847528875  1.027170E-14
7898.43705417802  1.033773E-14
7901.24563306728  1.056274E-14
7904.05421195655  1.049743E-14
7906.86279084582  1.029903E-14
7909.67136973508  1.022792E-14
7912.47994862435  1.043602E-14
7915.28852751361  1.021913E-14
7918.09710640288  1.019145E-14
7920.90568529215  1.039698E-14
7923.71426418141  1.022192E-14
7926.52284307068  1.033520E-14
7929.33142195995  1.010377E-14
7932.14000084921  1.014838E-14
7934.94857973848  1.014035E-14
7937.75715862775  1.011280E-14
7940.56573751701  1.025248E-14
7943.37431640628  1.005081E-14
7946.18289529554  1.011868E-14
7948.99147418481  1.010831E-14
7951.80005307408  1.014947E-14
7954.60863196334  1.010095E-14
7957.41721085261  1.010153E-14
7960.22578974188  1.027564E-14
7963.03436863114  1.006772E-14
7965.84294752041  9.831556E-15
7968.65152640968  1.004074E-14
7971.46010529894  1.010923E-14
7974.26868418821  1.009685E-14
7977.07726307748  1.015173E-14
7979.88584196674  1.024801E-14
7982.69442085601  9.749032E-15
7985.50299974527  9.971941E-15
7988.31157863454  1.022345E-14
7991.12015752381  1.016284E-14
7993.92873641307  1.009360E-14
7996.73731530234  1.002972E-14
7999.5458941916  1.005653E-14
8002.35447308087  1.023815E-14
8005.16305197014  1.014568E-14
8007.97163085941  1.020435E-14
8010.78020974867  1.005575E-14
8013.58878863794  9.762433E-15
8016.3973675272  9.851895E-15
8019.20594641647  1.010826E-14
8022.01452530573  1.001021E-14
8024.823104195  9.867948E-15
8027.63168308427  9.873315E-15
8030.44026197353  9.685410E-15
8033.2488408628  9.910881E-15
8036.05741975207  1.005038E-14
8038.86599864133  9.746053E-15
8041.6745775306  9.520298E-15
8044.48315641987  9.580970E-15
8047.29173530913  9.864251E-15
8050.1003141984  1.006324E-14
8052.90889308766  9.977718E-15
8055.71747197693  9.629309E-15
8058.5260508662  9.676157E-15
8061.33462975546  9.355745E-15
8064.14320864473  9.735429E-15
8066.951787534  9.855305E-15
8069.76036642326  9.704314E-15
8072.56894531253  9.807553E-15
8075.37752420179  9.579395E-15
8078.18610309106  9.617108E-15
8080.99468198033  9.792711E-15
8083.80326086959  9.708468E-15
8086.61183975886  9.312882E-15
8089.42041864813  9.337917E-15
8092.22899753739  9.467923E-15
8095.03757642666  9.359789E-15
8097.84615531592  9.449207E-15
8100.65473420519  9.682905E-15
8103.46331309446  9.512072E-15
8106.27189198372  9.499558E-15
8109.08047087299  9.358066E-15
8111.88904976226  9.204768E-15
8114.69762865152  9.217947E-15
8117.50620754079  9.041077E-15
8120.31478643006  9.365341E-15
8123.12336531932  9.352520E-15
8125.93194420859  9.312802E-15
8128.74052309785  9.143445E-15
8131.54910198712  8.952221E-15
8134.35768087639  8.810684E-15
8137.16625976565  8.767506E-15
8139.97483865492  8.937833E-15
8142.78341754419  8.974711E-15
8145.59199643345  8.763560E-15
8148.40057532272  8.893759E-15
8151.20915421199  8.651738E-15
8154.01773310125  8.620378E-15
8156.82631199052  8.591138E-15
8159.63489087978  8.740264E-15
8162.44346976905  8.419784E-15
8165.25204865832  8.208794E-15
8168.06062754758  8.212722E-15
8170.86920643685  8.459678E-15
8173.67778532612  8.607923E-15
8176.48636421538  8.358252E-15
8179.29494310465  8.037507E-15
8182.10352199391  8.211343E-15
8184.91210088318  8.380407E-15
8187.72067977245  8.255382E-15
8190.52925866171  8.257972E-15
8193.33783755098  8.420666E-15
8196.14641644025  8.433734E-15
8198.95499532951  8.402652E-15
8201.76357421878  8.382201E-15
8204.57215310804  8.655358E-15
8207.38073199731  8.586339E-15
8210.18931088658  8.441962E-15
8212.99788977584  8.821762E-15
8215.80646866511  8.773186E-15
8218.61504755438  8.718806E-15
8221.42362644364  8.331275E-15
8224.23220533291  8.197010E-15
8227.04078422218  7.689740E-15
8229.84936311144  7.416903E-15
8232.65794200071  7.750752E-15
8235.46652088997  8.157111E-15
8238.27509977924  8.363575E-15
8241.08367866851  8.425653E-15
8243.89225755777  8.416440E-15
8246.70083644704  8.613956E-15
8249.50941533631  8.675710E-15
8252.31799422557  8.566213E-15
8255.12657311484  8.598620E-15
8257.93515200411  8.379703E-15
8260.74373089337  8.349272E-15
8263.55230978264  8.302165E-15
8266.3608886719  8.634070E-15
8269.16946756117  8.799445E-15
8271.97804645044  8.471208E-15
8274.7866253397  8.430005E-15
8277.59520422897  8.161406E-15
8280.40378311824  8.211891E-15
8283.2123620075  8.243404E-15
8286.02094089677  8.279046E-15
8288.82951978603  8.236944E-15
8291.6380986753  8.334049E-15
8294.44667756457  8.322322E-15
8297.25525645383  8.369596E-15
8300.0638353431  8.508863E-15
8302.87241423237  8.234603E-15
8305.68099312163  8.254323E-15
8308.4895720109  8.266878E-15
8311.29815090016  8.442255E-15
8314.10672978943  8.344252E-15
8316.9153086787  8.401030E-15
8319.72388756796  8.222571E-15
8322.53246645723  8.292149E-15
8325.3410453465  8.118580E-15
8328.14962423576  8.226940E-15
8330.95820312503  8.084619E-15
8333.76678201429  8.296921E-15
8336.57536090356  8.396809E-15
8339.38393979283  7.935754E-15
8342.19251868209  8.049139E-15
8345.00109757136  8.426058E-15
8347.80967646063  8.476129E-15
8350.61825534989  8.351474E-15
8353.42683423916  8.290664E-15
8356.23541312843  8.408400E-15
8359.04399201769  8.270912E-15
8361.85257090696  8.450761E-15
8364.66114979622  8.271295E-15
8367.46972868549  8.322631E-15
8370.27830757476  8.377575E-15
8373.08688646402  8.094570E-15
8375.89546535329  8.077846E-15
8378.70404424256  8.302647E-15
8381.51262313182  8.205371E-15
8384.32120202109  8.197618E-15
8387.12978091035  8.251823E-15
8389.93835979962  8.177865E-15
8392.74693868889  8.129678E-15
8395.55551757815  8.002887E-15
8398.36409646742  8.085573E-15
8401.17267535669  8.070875E-15
8403.98125424595  8.268241E-15
8406.78983313522  8.272873E-15
8409.59841202448  8.382929E-15
8412.40699091375  8.188912E-15
8415.21556980302  7.852045E-15
8418.02414869228  8.040869E-15
8420.83272758155  8.177555E-15
8423.64130647082  8.073877E-15
8426.44988536008  8.111381E-15
8429.25846424935  8.321394E-15
8432.06704313862  8.081619E-15
8434.87562202788  7.977897E-15
8437.68420091715  8.105526E-15
8440.49277980641  8.229903E-15
8443.30135869568  8.392465E-15
8446.10993758495  8.279556E-15
8448.91851647421  8.276836E-15
8451.72709536348  8.198949E-15
8454.53567425274  7.839717E-15
8457.34425314201  7.665115E-15
8460.15283203128  7.953195E-15
8462.96141092054  8.075472E-15
8465.76998980981  8.289390E-15
8468.57856869908  8.203249E-15
8471.38714758834  7.884990E-15
8474.19572647761  7.916796E-15
8477.00430536688  7.918751E-15
8479.81288425614  8.179582E-15
8482.62146314541  8.306579E-15
8485.43004203467  8.147532E-15
8488.23862092394  7.774854E-15
8491.04719981321  7.999372E-15
8493.85577870247  8.206812E-15
8496.66435759174  8.065548E-15
8499.47293648101  8.231918E-15
8502.28151537027  8.242637E-15
8505.09009425954  8.261930E-15
8507.89867314881  8.126853E-15
8510.70725203807  7.930508E-15
8513.51583092734  8.115576E-15
8516.3244098166  8.079630E-15
8519.13298870587  8.291826E-15
8521.94156759514  7.991799E-15
8524.7501464844  7.885023E-15
8527.55872537367  7.900200E-15
8530.36730426294  8.234493E-15
8533.1758831522  8.139885E-15
8535.98446204147  8.185656E-15
8538.79304093073  8.110440E-15
8541.60161982  8.306063E-15
8544.41019870927  8.191097E-15
8547.21877759853  8.091490E-15
8550.0273564878  8.351608E-15
8552.83593537706  8.239932E-15
8555.64451426633  8.004718E-15
8558.4530931556  7.857181E-15
8561.26167204486  7.911201E-15
8564.07025093413  7.932441E-15
8566.8788298234  7.830918E-15
8569.68740871266  8.060736E-15
8572.49598760193  7.955065E-15
8575.30456649119  8.050463E-15
8578.11314538046  8.125391E-15
8580.92172426973  7.971679E-15
8583.73030315899  8.110649E-15
8586.53888204826  8.206983E-15
8589.34746093753  8.216789E-15
8592.15603982679  7.993436E-15
8594.96461871606  8.257204E-15
8597.77319760533  8.113056E-15
8600.58177649459  7.925689E-15
8603.39035538386  7.880109E-15
8606.19893427313  7.988352E-15
8609.00751316239  8.039722E-15
8611.81609205166  8.152009E-15
8614.62467094092  8.177629E-15
8617.43324983019  8.191451E-15
8620.24182871946  8.229034E-15
8623.05040760872  8.184620E-15
8625.85898649799  8.112754E-15
8628.66756538726  7.945818E-15
8631.47614427652  7.824405E-15
8634.28472316579  8.277010E-15
8637.09330205506  8.173038E-15
8639.90188094432  7.892541E-15
8642.71045983359  8.192183E-15
8645.51903872285  8.153842E-15
8648.32761761212  7.957317E-15
8651.13619650139  8.042220E-15
8653.94477539065  8.219143E-15
8656.75335427992  8.037731E-15
8659.56193316918  8.032657E-15
8662.37051205845  8.028550E-15
8665.17909094772  7.985864E-15
8667.98766983698  7.928105E-15
8670.79624872625  7.766317E-15
8673.60482761552  7.872046E-15
8676.41340650478  8.073130E-15
8679.22198539405  8.070232E-15
8682.03056428332  8.066347E-15
8684.83914317258  7.815730E-15
8687.64772206185  7.869676E-15
8690.45630095112  7.868213E-15
8693.26487984038  7.908043E-15
8696.07345872965  7.962045E-15
8698.88203761891  8.192858E-15
8701.69061650818  8.120525E-15
8704.49919539745  7.964791E-15
8707.30777428671  8.055199E-15
8710.11635317598  8.054731E-15
8712.92493206525  8.119871E-15
8715.73351095451  8.280404E-15
8718.54208984378  8.068817E-15
8721.35066873305  7.969935E-15
8724.15924762231  7.917231E-15
8726.96782651158  7.733507E-15
8729.77640540084  8.161122E-15
8732.58498429011  7.919576E-15
8735.39356317938  7.963874E-15
8738.20214206864  8.100635E-15
8741.01072095791  7.779553E-15
8743.81929984718  7.860639E-15
8746.62787873644  8.040226E-15
8749.43645762571  7.903094E-15
8752.24503651497  7.899716E-15
8755.05361540424  7.694937E-15
8757.86219429351  7.721608E-15
8760.67077318277  7.832895E-15
8763.47935207204  7.747126E-15
8766.2879309613  7.634126E-15
8769.09650985057  7.721569E-15
8771.90508873984  7.828250E-15
8774.7136676291  7.559286E-15
8777.52224651837  7.788597E-15
8780.33082540764  7.755730E-15
8783.1394042969  7.928821E-15
8785.94798318617  8.332739E-15
8788.75656207544  8.156336E-15
8791.5651409647  8.075139E-15
8794.37371985397  8.098158E-15
8797.18229874323  8.201822E-15
8799.9908776325  7.769123E-15
8802.79945652177  8.086934E-15
8805.60803541104  8.024279E-15
8808.4166143003  8.389940E-15
8811.22519318957  8.041592E-15
8814.03377207883  8.043640E-15
8816.8423509681  7.931079E-15
8819.65092985737  7.837153E-15
8822.45950874663  7.715210E-15
8825.2680876359  7.712331E-15
8828.07666652517  7.520592E-15
8830.88524541443  7.655071E-15
8833.6938243037  7.629637E-15
8836.50240319296  7.728156E-15
8839.31098208223  7.929524E-15
8842.1195609715  7.500192E-15
8844.92813986076  7.487648E-15
8847.73671875003  7.557246E-15
8850.5452976393  7.720804E-15
8853.35387652856  7.920525E-15
8856.16245541783  7.527176E-15
8858.97103430709  7.600897E-15
8861.77961319636  7.608816E-15
8864.58819208563  7.153147E-15
8867.39677097489  7.548167E-15
8870.20534986416  7.858132E-15
8873.01392875343  7.716390E-15
8875.82250764269  7.534300E-15
8878.63108653196  7.459010E-15
8881.43966542122  7.648128E-15
8884.24824431049  7.683840E-15
8887.05682319976  7.725195E-15
8889.86540208902  7.622481E-15
8892.67398097829  7.930373E-15
8895.48255986756  7.485811E-15
8898.29113875682  7.918852E-15
8901.09971764609  8.034091E-15
8903.90829653535  7.682199E-15
8906.71687542462  7.755457E-15
8909.52545431389  7.630121E-15
8912.33403320315  7.627088E-15
8915.14261209242  7.654557E-15
8917.95119098169  7.629109E-15
8920.75976987095  7.624667E-15
8923.56834876022  7.824215E-15
8926.37692764948  7.857674E-15
8929.18550653875  7.629660E-15
8931.99408542802  7.487821E-15
8934.80266431728  7.573150E-15
8937.61124320655  7.679977E-15
8940.41982209582  7.765147E-15
8943.22840098508  7.599079E-15
8946.03697987435  7.454896E-15
8948.84555876361  7.683430E-15
8951.65413765288  7.440638E-15
8954.46271654215  7.028113E-15
8957.27129543142  6.940083E-15
8960.07987432068  6.984966E-15
8962.88845320995  7.309578E-15
8965.69703209921  7.271802E-15
8968.50561098848  7.181587E-15
8971.31418987775  7.336568E-15
8974.12276876701  7.421416E-15
8976.93134765628  6.984878E-15
8979.73992654554  6.623553E-15
8982.54850543481  6.449653E-15
8985.35708432408  6.332807E-15
8988.16566321334  6.478866E-15
8990.97424210261  6.596206E-15
8993.78282099188  6.966371E-15
8996.59139988114  6.397991E-15
8999.39997877041  6.406430E-15
9002.20855765967  6.598016E-15
9005.01713654894  6.755330E-15
9007.82571543821  6.697616E-15
9010.63429432747  6.528103E-15
9013.44287321674  6.572075E-15
9016.25145210601  6.542128E-15
9019.06003099527  6.390187E-15
9021.86860988454  6.468457E-15
9024.6771887738  6.704260E-15
9027.48576766307  6.852583E-15
9030.29434655234  6.920173E-15
9033.10292544161  6.853862E-15
9035.91150433087  6.687937E-15
9038.72008322014  6.736092E-15
9041.5286621094  6.947996E-15
9044.33724099867  7.129686E-15
9047.14581988793  6.566972E-15
9049.9543987772  7.074952E-15
9052.76297766647  6.930994E-15
9055.57155655574  6.740552E-15
9058.380135445  6.635435E-15
9061.18871433427  6.522304E-15
9063.99729322353  6.311286E-15
9066.8058721128  6.619078E-15
9069.61445100207  6.381714E-15
9072.42302989133  6.233025E-15
9075.2316087806  6.411083E-15
9078.04018766987  6.555063E-15
9080.84876655913  6.312091E-15
9083.6573454484  6.448564E-15
9086.46592433766  6.340263E-15
9089.27450322693  6.587471E-15
9092.0830821162  6.514479E-15
9094.89166100546  6.429604E-15
9097.70023989473  6.147634E-15
9100.508818784  6.367517E-15
9103.31739767326  6.582457E-15
9106.12597656253  6.519719E-15
