3961.1198730469  3.172364E-14
3961.73750959127  3.260101E-14
3962.35514613563  3.096653E-14
3962.97278268  2.929463E-14
3963.59041922436  2.920854E-14
3964.20805576872  2.894766E-14
3964.82569231309  3.018792E-14
3965.44332885745  3.191010E-14
3966.06096540182  3.207875E-14
3966.67860194618  3.070640E-14
3967.29623849054  3.177493E-14
3967.91387503491  3.240372E-14
3968.53151157927  3.301840E-14
3969.14914812363  3.291381E-14
3969.766784668  3.109199E-14
3970.38442121236  3.099360E-14
3971.00205775673  3.275243E-14
3971.61969430109  3.123660E-14
3972.23733084545  3.074050E-14
3972.85496738982  2.958031E-14
3973.47260393418  3.162152E-14
3974.09024047854  3.013642E-14
3974.70787702291  3.172249E-14
3975.32551356727  3.224110E-14
3975.94315011164  3.159668E-14
3976.560786656  3.241938E-14
3977.17842320036  3.139468E-14
3977.79605974473  3.172508E-14
3978.41369628909  3.282022E-14
3979.03133283346  3.130644E-14
3979.64896937782  3.180552E-14
3980.26660592218  3.299406E-14
3980.88424246655  3.340661E-14
3981.50187901091  3.389101E-14
3982.11951555527  3.233662E-14
3982.73715209964  3.415012E-14
3983.354788644  3.354475E-14
3983.97242518837  3.428180E-14
3984.59006173273  3.363168E-14
3985.20769827709  3.619676E-14
3985.82533482146  3.534470E-14
3986.44297136582  3.588186E-14
3987.06060791019  3.507593E-14
3987.67824445455  3.590704E-14
3988.29588099891  3.654954E-14
3988.91351754328  3.542968E-14
3989.53115408764  3.527053E-14
3990.148790632  3.784042E-14
3990.76642717637  3.738585E-14
3991.38406372073  3.495786E-14
3992.0017002651  3.672849E-14
3992.61933680946  3.787967E-14
3993.23697335382  3.652665E-14
3993.85460989819  3.638246E-14
3994.47224644255  3.618781E-14
3995.08988298692  3.707400E-14
3995.70751953128  3.771924E-14
3996.32515607564  3.637805E-14
3996.94279262001  3.568282E-14
3997.56042916437  3.636949E-14
3998.17806570873  3.781825E-14
3998.7957022531  3.971374E-14
3999.41333879746  3.684134E-14
4000.03097534183  3.611085E-14
4000.64861188619  3.847303E-14
4001.26624843055  3.772409E-14
4001.88388497492  3.636224E-14
4002.50152151928  3.846571E-14
4003.11915806365  3.926587E-14
4003.73679460801  3.887654E-14
4004.35443115237  3.752202E-14
4004.97206769674  3.752744E-14
4005.5897042411  3.946710E-14
4006.20734078546  3.897058E-14
4006.82497732983  3.820108E-14
4007.44261387419  4.048534E-14
4008.06025041856  3.872877E-14
4008.67788696292  3.745392E-14
4009.29552350728  3.994707E-14
4009.91316005165  3.735090E-14
4010.53079659601  3.708882E-14
4011.14843314038  3.847543E-14
4011.76606968474  3.814498E-14
4012.3837062291  3.746786E-14
4013.00134277347  3.850660E-14
4013.61897931783  3.673082E-14
4014.23661586219  3.585515E-14
4014.85425240656  3.798243E-14
4015.47188895092  3.777529E-14
4016.08952549529  3.906082E-14
4016.70716203965  4.122758E-14
4017.32479858401  4.102638E-14
4017.94243512838  3.923499E-14
4018.56007167274  3.748821E-14
4019.17770821711  3.760984E-14
4019.79534476147  3.502476E-14
4020.41298130583  3.748772E-14
4021.0306178502  3.783129E-14
4021.64825439456  3.810717E-14
4022.26589093892  3.816920E-14
4022.88352748329  3.678367E-14
4023.50116402765  3.487370E-14
4024.11880057202  3.879046E-14
4024.73643711638  4.029558E-14
4025.35407366074  3.885696E-14
4025.97171020511  3.865571E-14
4026.58934674947  3.839946E-14
4027.20698329383  3.816255E-14
4027.8246198382  3.822154E-14
4028.44225638256  3.802057E-14
4029.05989292693  3.788928E-14
4029.67752947129  3.888331E-14
4030.29516601565  3.901568E-14
4030.91280256002  4.040772E-14
4031.53043910438  3.821070E-14
4032.14807564875  3.945124E-14
4032.76571219311  3.808124E-14
4033.38334873747  3.841846E-14
4034.00098528184  3.961588E-14
4034.6186218262  3.628928E-14
4035.23625837057  3.675476E-14
4035.85389491493  3.811065E-14
4036.47153145929  3.643789E-14
4037.08916800366  3.829931E-14
4037.70680454802  3.866595E-14
4038.32444109238  3.797613E-14
4038.94207763675  3.745331E-14
4039.55971418111  3.880575E-14
4040.17735072548  3.889003E-14
4040.79498726984  3.767922E-14
4041.4126238142  3.888073E-14
4042.03026035857  4.036348E-14
4042.64789690293  3.955890E-14
4043.2655334473  3.909974E-14
4043.88316999166  4.028880E-14
4044.50080653602  3.997656E-14
4045.11844308039  3.969650E-14
4045.73607962475  4.022461E-14
4046.35371616911  3.855450E-14
4046.97135271348  3.902770E-14
4047.58898925784  3.718284E-14
4048.20662580221  3.863076E-14
4048.82426234657  4.019693E-14
4049.44189889093  3.984163E-14
4050.0595354353  3.871425E-14
4050.67717197966  4.009628E-14
4051.29480852403  4.007179E-14
4051.91244506839  3.960355E-14
4052.53008161275  3.968834E-14
4053.14771815712  3.913150E-14
4053.76535470148  3.899075E-14
4054.38299124584  3.868290E-14
4055.00062779021  3.830773E-14
4055.61826433457  3.829068E-14
4056.23590087894  3.921757E-14
4056.8535374233  3.905687E-14
4057.47117396766  3.916455E-14
4058.08881051203  3.830100E-14
4058.70644705639  3.869557E-14
4059.32408360076  3.829462E-14
4059.94172014512  3.770999E-14
4060.55935668948  3.863033E-14
4061.17699323385  3.906941E-14
4061.79462977821  4.020158E-14
4062.41226632257  4.114777E-14
4063.02990286694  3.893848E-14
4063.6475394113  3.883274E-14
4064.26517595567  3.911310E-14
4064.88281250003  3.798814E-14
4065.50044904439  3.639509E-14
4066.11808558876  3.829053E-14
4066.73572213312  3.955258E-14
4067.35335867748  3.811984E-14
4067.97099522185  3.857983E-14
4068.58863176621  3.797877E-14
4069.20626831058  3.605935E-14
4069.82390485494  3.737417E-14
4070.4415413993  3.601219E-14
4071.05917794367  3.467982E-14
4071.67681448803  3.716070E-14
4072.2944510324  3.668153E-14
4072.91208757676  3.695151E-14
4073.52972412112  3.542814E-14
4074.14736066549  3.592072E-14
4074.76499720985  3.875872E-14
4075.38263375422  3.578595E-14
4076.00027029858  3.662712E-14
4076.61790684294  3.625948E-14
4077.23554338731  3.648020E-14
4077.85317993167  3.533302E-14
4078.47081647603  3.363530E-14
4079.0884530204  3.567597E-14
4079.70608956476  3.354751E-14
4080.32372610913  3.295678E-14
4080.94136265349  3.444985E-14
4081.55899919785  3.418061E-14
4082.17663574222  3.467493E-14
4082.79427228658  3.408297E-14
4083.41190883094  3.340504E-14
4084.02954537531  3.226586E-14
4084.64718191967  3.258894E-14
4085.26481846404  3.268018E-14
4085.8824550084  3.029041E-14
4086.50009155276  3.065407E-14
4087.11772809713  3.172449E-14
4087.73536464149  3.241324E-14
4088.35300118585  3.192361E-14
4088.97063773022  3.287993E-14
4089.58827427458  3.146307E-14
4090.20591081895  3.008387E-14
4090.82354736331  3.152612E-14
4091.44118390767  3.142918E-14
4092.05882045204  3.021500E-14
4092.6764569964  2.938501E-14
4093.29409354077  3.133135E-14
4093.91173008513  3.257867E-14
4094.52936662949  2.912253E-14
4095.14700317386  2.913147E-14
4095.76463971822  2.999510E-14
4096.38227626259  2.852286E-14
4096.99991280695  2.982077E-14
4097.61754935131  3.040495E-14
4098.23518589568  3.138138E-14
4098.85282244004  3.087221E-14
4099.4704589844  3.041260E-14
4100.08809552877  3.029887E-14
4100.70573207313  3.216082E-14
4101.3233686175  3.122689E-14
4101.94100516186  3.216599E-14
4102.55864170622  3.108559E-14
4103.17627825059  3.101398E-14
4103.79391479495  2.886717E-14
4104.41155133932  3.056892E-14
4105.02918788368  3.016472E-14
4105.64682442804  2.906900E-14
4106.26446097241  2.928031E-14
4106.88209751677  3.142499E-14
4107.49973406113  3.127174E-14
4108.1173706055  3.232609E-14
4108.73500714986  3.124976E-14
4109.35264369423  3.184819E-14
4109.97028023859  3.140072E-14
4110.58791678295  3.002610E-14
4111.20555332732  3.186421E-14
4111.82318987168  3.178529E-14
4112.44082641605  3.147219E-14
4113.05846296041  3.188518E-14
4113.67609950477  3.145421E-14
4114.29373604914  3.100197E-14
4114.9113725935  3.246703E-14
4115.52900913786  3.252307E-14
4116.14664568223  3.250174E-14
4116.76428222659  3.396679E-14
4117.38191877096  3.388017E-14
4117.99955531532  3.350422E-14
4118.61719185968  3.305374E-14
4119.23482840405  3.552140E-14
4119.85246494841  3.381891E-14
4120.47010149278  3.556762E-14
4121.08773803714  3.524720E-14
4121.7053745815  3.428430E-14
4122.32301112587  3.474978E-14
4122.94064767023  3.479531E-14
4123.55828421459  3.474676E-14
4124.17592075896  3.569403E-14
4124.79355730332  3.552763E-14
4125.41119384769  3.513362E-14
4126.02883039205  3.602248E-14
4126.64646693641  3.645391E-14
4127.26410348078  3.494072E-14
4127.88174002514  3.530811E-14
4128.49937656951  3.851345E-14
4129.11701311387  3.655321E-14
4129.73464965823  3.732156E-14
4130.3522862026  3.770154E-14
4130.96992274696  3.641344E-14
4131.58755929132  3.654551E-14
4132.20519583569  3.682639E-14
4132.82283238005  3.771471E-14
4133.44046892442  3.570496E-14
4134.05810546878  3.682132E-14
4134.67574201314  3.803227E-14
4135.29337855751  3.704502E-14
4135.91101510187  3.740091E-14
4136.52865164624  3.694133E-14
4137.1462881906  3.757166E-14
4137.76392473496  3.845737E-14
4138.38156127933  3.917420E-14
4138.99919782369  3.768166E-14
4139.61683436805  3.613096E-14
4140.23447091242  3.729743E-14
4140.85210745678  3.717503E-14
4141.46974400115  3.701234E-14
4142.08738054551  3.887679E-14
4142.70501708987  3.808033E-14
4143.32265363424  3.909094E-14
4143.9402901786  3.986355E-14
4144.55792672297  4.101051E-14
4145.17556326733  4.070667E-14
4145.79319981169  3.960091E-14
4146.41083635606  4.068502E-14
4147.02847290042  4.108258E-14
4147.64610944478  4.252032E-14
4148.26374598915  4.139462E-14
4148.88138253351  4.020934E-14
4149.49901907788  3.886682E-14
4150.11665562224  4.144233E-14
4150.7342921666  4.110809E-14
4151.35192871097  4.147963E-14
4151.96956525533  4.041294E-14
4152.5872017997  3.940644E-14
4153.20483834406  4.102108E-14
4153.82247488842  4.184443E-14
4154.44011143279  4.169223E-14
4155.05774797715  4.099524E-14
4155.67538452151  4.051009E-14
4156.29302106588  4.128433E-14
4156.91065761024  4.193038E-14
4157.52829415461  4.245718E-14
4158.14593069897  4.202970E-14
4158.76356724333  4.115039E-14
4159.3812037877  4.046987E-14
4159.99884033206  4.201150E-14
4160.61647687642  4.272971E-14
4161.23411342079  4.075585E-14
4161.85174996515  4.008809E-14
4162.46938650952  3.904797E-14
4163.08702305388  3.931954E-14
4163.70465959824  4.028229E-14
4164.32229614261  4.166333E-14
4164.93993268697  4.206374E-14
4165.55756923134  4.201239E-14
4166.1752057757  3.973500E-14
4166.79284232006  4.063090E-14
4167.41047886443  4.200962E-14
4168.02811540879  4.212411E-14
4168.64575195316  4.043293E-14
4169.26338849752  4.028361E-14
4169.88102504188  4.002213E-14
4170.49866158625  3.945968E-14
4171.11629813061  3.917060E-14
4171.73393467497  4.051640E-14
4172.35157121934  4.193873E-14
4172.9692077637  4.067176E-14
4173.58684430807  3.813661E-14
4174.20448085243  3.980744E-14
4174.82211739679  4.054095E-14
4175.43975394116  4.040910E-14
4176.05739048552  3.968402E-14
4176.67502702989  4.054161E-14
4177.29266357425  4.045058E-14
4177.91030011861  3.923126E-14
4178.52793666298  3.974408E-14
4179.14557320734  3.936418E-14
4179.7632097517  3.965175E-14
4180.38084629607  4.133326E-14
4180.99848284043  4.098636E-14
4181.6161193848  4.042969E-14
4182.23375592916  4.029534E-14
4182.85139247352  4.111882E-14
4183.46902901789  4.147028E-14
4184.08666556225  3.967852E-14
4184.70430210661  3.859813E-14
4185.32193865098  3.772617E-14
4185.93957519534  3.841501E-14
4186.55721173971  4.010431E-14
4187.17484828407  3.953548E-14
4187.79248482843  3.928188E-14
4188.4101213728  4.016963E-14
4189.02775791716  4.015317E-14
4189.64539446153  4.102412E-14
4190.26303100589  3.905014E-14
4190.88066755025  3.945142E-14
4191.49830409462  3.975274E-14
4192.11594063898  3.876568E-14
4192.73357718335  3.958166E-14
4193.35121372771  3.938986E-14
4193.96885027207  3.877238E-14
4194.58648681644  3.890414E-14
4195.2041233608  4.047039E-14
4195.82175990516  3.904192E-14
4196.43939644953  3.933209E-14
4197.05703299389  3.979568E-14
4197.67466953825  3.917213E-14
4198.29230608262  3.932262E-14
4198.90994262698  4.095257E-14
4199.52757917135  4.014446E-14
4200.14521571571  3.908686E-14
4200.76285226007  4.000109E-14
4201.38048880444  3.926493E-14
4201.9981253488  4.048501E-14
4202.61576189317  3.763411E-14
4203.23339843753  3.656010E-14
4203.85103498189  4.021680E-14
4204.46867152626  3.932008E-14
4205.08630807062  4.087168E-14
4205.70394461499  3.913600E-14
4206.32158115935  3.895808E-14
4206.93921770371  3.809543E-14
4207.55685424808  3.789017E-14
4208.17449079244  3.838423E-14
4208.79212733681  4.005454E-14
4209.40976388117  4.065838E-14
4210.02740042553  3.967934E-14
4210.6450369699  3.832742E-14
4211.26267351426  4.245358E-14
4211.88031005862  4.289887E-14
4212.49794660299  4.140985E-14
4213.11558314735  4.212717E-14
4213.73321969172  4.228266E-14
4214.35085623608  4.055262E-14
4214.96849278044  4.095326E-14
4215.58612932481  4.095726E-14
4216.20376586917  4.042577E-14
4216.82140241354  4.077060E-14
4217.4390389579  4.036182E-14
4218.05667550226  4.031145E-14
4218.67431204663  4.025091E-14
4219.29194859099  3.969792E-14
4219.90958513535  3.921039E-14
4220.52722167972  3.934464E-14
4221.14485822408  4.023206E-14
4221.76249476845  3.766941E-14
4222.38013131281  3.896939E-14
4222.99776785717  3.932270E-14
4223.61540440154  4.000119E-14
4224.2330409459  4.012418E-14
4224.85067749027  4.085101E-14
4225.46831403463  4.122171E-14
4226.08595057899  3.994681E-14
4226.70358712336  3.852816E-14
4227.32122366772  4.006941E-14
4227.93886021208  4.012741E-14
4228.55649675645  3.864457E-14
4229.17413330081  3.863088E-14
4229.79176984518  4.023653E-14
4230.40940638954  4.133737E-14
4231.0270429339  4.017557E-14
4231.64467947827  3.969109E-14
4232.26231602263  3.878140E-14
4232.879952567  3.806612E-14
4233.49758911136  3.987222E-14
4234.11522565572  3.795524E-14
4234.73286220009  3.716884E-14
4235.35049874445  3.853755E-14
4235.96813528881  3.962735E-14
4236.58577183318  3.813907E-14
4237.20340837754  3.997601E-14
4237.82104492191  4.016716E-14
4238.43868146627  3.861582E-14
4239.05631801063  4.007044E-14
4239.673954555  3.869904E-14
4240.29159109936  3.830820E-14
4240.90922764372  3.947974E-14
4241.52686418809  4.002129E-14
4242.14450073245  3.798173E-14
4242.76213727682  3.780513E-14
4243.37977382118  3.981449E-14
4243.99741036554  3.761322E-14
4244.61504690991  3.775884E-14
4245.23268345427  3.892981E-14
4245.85031999863  3.815254E-14
4246.467956543  3.920440E-14
4247.08559308736  3.902814E-14
4247.70322963173  3.992568E-14
4248.32086617609  3.973079E-14
4248.93850272045  3.933961E-14
4249.55613926482  3.949813E-14
4250.17377580918  3.956787E-14
4250.79141235355  4.218880E-14
4251.40904889791  4.249540E-14
4252.02668544227  4.169684E-14
4252.64432198664  3.900949E-14
4253.261958531  4.097649E-14
4253.87959507537  4.007655E-14
4254.49723161973  4.079267E-14
4255.11486816409  3.954257E-14
4255.73250470846  3.898558E-14
4256.35014125282  3.753743E-14
4256.96777779718  3.917927E-14
4257.58541434155  3.975218E-14
4258.20305088591  3.952348E-14
4258.82068743028  4.063948E-14
4259.43832397464  3.964497E-14
4260.055960519  4.008385E-14
4260.67359706337  4.033470E-14
4261.29123360773  3.786877E-14
4261.90887015209  3.923902E-14
4262.52650669646  3.996212E-14
4263.14414324082  3.928033E-14
4263.76177978519  4.024393E-14
4264.37941632955  4.027315E-14
4264.99705287391  4.056938E-14
4265.61468941828  4.004805E-14
4266.23232596264  3.851936E-14
4266.84996250701  3.885650E-14
4267.46759905137  4.102263E-14
4268.08523559573  3.919849E-14
4268.7028721401  3.758531E-14
4269.32050868446  3.778554E-14
4269.93814522883  3.864852E-14
4270.55578177319  3.913175E-14
4271.17341831755  3.970058E-14
4271.79105486192  3.901852E-14
4272.40869140628  3.886911E-14
4273.02632795064  3.863547E-14
4273.64396449501  3.664719E-14
4274.26160103937  3.719926E-14
4274.87923758374  3.881825E-14
4275.4968741281  3.875576E-14
4276.11451067246  3.804672E-14
4276.73214721683  3.829309E-14
4277.34978376119  3.727032E-14
4277.96742030556  3.879980E-14
4278.58505684992  3.907575E-14
4279.20269339428  3.703927E-14
4279.82032993865  3.703271E-14
4280.43796648301  3.728909E-14
4281.05560302737  3.704362E-14
4281.67323957174  3.791252E-14
4282.2908761161  3.869647E-14
4282.90851266047  3.720767E-14
4283.52614920483  3.822161E-14
4284.14378574919  3.886848E-14
4284.76142229356  3.922373E-14
4285.37905883792  3.766610E-14
4285.99669538228  3.784551E-14
4286.61433192665  3.783187E-14
4287.23196847101  3.893026E-14
4287.84960501538  3.707454E-14
4288.46724155974  3.664185E-14
4289.0848781041  3.507214E-14
4289.70251464847  3.707014E-14
4290.32015119283  3.746169E-14
4290.9377877372  3.753031E-14
4291.55542428156  3.725285E-14
4292.17306082592  3.637976E-14
4292.79069737029  3.786159E-14
4293.40833391465  3.781323E-14
4294.02597045902  3.804412E-14
4294.64360700338  3.678008E-14
4295.26124354774  3.643821E-14
4295.87888009211  3.694648E-14
4296.49651663647  3.581606E-14
4297.11415318083  3.636047E-14
4297.7317897252  3.656994E-14
4298.34942626956  3.715387E-14
4298.96706281392  3.778383E-14
4299.58469935829  3.783223E-14
4300.20233590265  3.781584E-14
4300.81997244702  3.691611E-14
4301.43760899138  3.782153E-14
4302.05524553574  3.911611E-14
4302.67288208011  3.658660E-14
4303.29051862447  3.637889E-14
4303.90815516884  3.621764E-14
4304.5257917132  3.548327E-14
4305.14342825756  3.535900E-14
4305.76106480193  3.512995E-14
4306.37870134629  3.749337E-14
4306.99633789066  3.524436E-14
4307.61397443502  3.699784E-14
4308.23161097938  3.661994E-14
4308.84924752375  3.471166E-14
4309.46688406811  3.481521E-14
4310.08452061248  3.486239E-14
4310.70215715684  3.525536E-14
4311.3197937012  3.553247E-14
4311.93743024557  3.365980E-14
4312.55506678993  3.338764E-14
4313.17270333429  3.350756E-14
4313.79033987866  3.392334E-14
4314.40797642302  3.444124E-14
4315.02561296739  3.357654E-14
4315.64324951175  3.305733E-14
4316.26088605611  3.482770E-14
4316.87852260048  3.371135E-14
4317.49615914484  3.116087E-14
4318.1137956892  3.173643E-14
4318.73143223357  3.358905E-14
4319.34906877793  3.150203E-14
4319.9667053223  3.256444E-14
4320.58434186666  3.286959E-14
4321.20197841102  3.048978E-14
4321.81961495539  3.253802E-14
4322.43725149975  3.085356E-14
4323.05488804412  3.154556E-14
4323.67252458848  3.160680E-14
4324.29016113284  3.175216E-14
4324.90779767721  3.126743E-14
4325.52543422157  3.124676E-14
4326.14307076594  3.056728E-14
4326.7607073103  2.946399E-14
4327.37834385466  3.017856E-14
4327.99598039902  3.047770E-14
4328.61361694339  3.046643E-14
4329.23125348775  2.974836E-14
4329.84889003212  3.161174E-14
4330.46652657648  3.118602E-14
4331.08416312085  2.981639E-14
4331.70179966521  3.019717E-14
4332.31943620957  3.022327E-14
4332.93707275394  3.015022E-14
4333.5547092983  3.067759E-14
4334.17234584266  2.921254E-14
4334.78998238703  2.958117E-14
4335.40761893139  3.088751E-14
4336.02525547576  3.076880E-14
4336.64289202012  2.950784E-14
4337.26052856448  2.957369E-14
4337.87816510885  2.984949E-14
4338.49580165321  2.943697E-14
4339.11343819758  2.960480E-14
4339.73107474194  3.091740E-14
4340.3487112863  3.130423E-14
4340.96634783067  2.930257E-14
4341.58398437503  2.985865E-14
4342.20162091939  3.031761E-14
4342.81925746376  2.955728E-14
4343.43689400812  3.144992E-14
4344.05453055249  3.029981E-14
4344.67216709685  2.913901E-14
4345.28980364121  3.022730E-14
4345.90744018558  3.171075E-14
4346.52507672994  3.080519E-14
4347.14271327431  3.150148E-14
4347.76034981867  3.105327E-14
4348.37798636303  3.066846E-14
4348.9956229074  3.104902E-14
4349.61325945176  3.213499E-14
4350.23089599613  3.187173E-14
4350.84853254049  3.141545E-14
4351.46616908485  3.095562E-14
4352.08380562922  3.125112E-14
4352.70144217358  3.142675E-14
4353.31907871794  3.253115E-14
4353.93671526231  3.316581E-14
4354.55435180667  3.248062E-14
4355.17198835104  3.246144E-14
4355.7896248954  3.314754E-14
4356.40726143976  3.236674E-14
4357.02489798413  3.239862E-14
4357.64253452849  3.206750E-14
4358.26017107285  3.235075E-14
4358.87780761722  3.169848E-14
4359.49544416158  3.318744E-14
4360.11308070595  3.290106E-14
4360.73071725031  3.448710E-14
4361.34835379467  3.324053E-14
4361.96599033904  3.177640E-14
4362.5836268834  3.302516E-14
4363.20126342777  3.449772E-14
4363.81889997213  3.370923E-14
4364.43653651649  3.409146E-14
4365.05417306086  3.526724E-14
4365.67180960522  3.490754E-14
4366.28944614958  3.374259E-14
4366.90708269395  3.399122E-14
4367.52471923831  3.588713E-14
4368.14235578268  3.561428E-14
4368.75999232704  3.409491E-14
4369.3776288714  3.486229E-14
4369.99526541577  3.452575E-14
4370.61290196013  3.444067E-14
4371.2305385045  3.471414E-14
4371.84817504886  3.412573E-14
4372.46581159322  3.438231E-14
4373.08344813759  3.462771E-14
4373.70108468195  3.460117E-14
4374.31872122631  3.351796E-14
4374.93635777068  3.445896E-14
4375.55399431504  3.600483E-14
4376.17163085941  3.444821E-14
4376.78926740377  3.583211E-14
4377.40690394813  3.470331E-14
4378.0245404925  3.502084E-14
4378.64217703686  3.588827E-14
4379.25981358123  3.631845E-14
4379.87745012559  3.435842E-14
4380.49508666995  3.491514E-14
4381.11272321432  3.517423E-14
4381.73035975868  3.491845E-14
4382.34799630304  3.550533E-14
4382.96563284741  3.556638E-14
4383.58326939177  3.573362E-14
4384.20090593614  3.450806E-14
4384.8185424805  3.671439E-14
4385.43617902486  3.627577E-14
4386.05381556923  3.486759E-14
4386.67145211359  3.608932E-14
4387.28908865796  3.589048E-14
4387.90672520232  3.623482E-14
4388.52436174668  3.581090E-14
4389.14199829105  3.502755E-14
4389.75963483541  3.553306E-14
4390.37727137977  3.481892E-14
4390.99490792414  3.497141E-14
4391.6125444685  3.501969E-14
4392.23018101287  3.505689E-14
4392.84781755723  3.544879E-14
4393.46545410159  3.507458E-14
4394.08309064596  3.468778E-14
4394.70072719032  3.390230E-14
4395.31836373468  3.336844E-14
4395.93600027905  3.509992E-14
4396.55363682341  3.551014E-14
4397.17127336778  3.409333E-14
4397.78890991214  3.401201E-14
4398.4065464565  3.449240E-14
4399.02418300087  3.552507E-14
4399.64181954523  3.495851E-14
4400.2594560896  3.433711E-14
4400.87709263396  3.490872E-14
4401.49472917832  3.668450E-14
4402.11236572269  3.530655E-14
4402.73000226705  3.589703E-14
4403.34763881142  3.711088E-14
4403.96527535578  3.506581E-14
4404.58291190014  3.324728E-14
4405.20054844451  3.435419E-14
4405.81818498887  3.537877E-14
4406.43582153323  3.280506E-14
4407.0534580776  3.492980E-14
4407.67109462196  3.528915E-14
4408.28873116632  3.253348E-14
4408.90636771069  3.357443E-14
4409.52400425505  3.460366E-14
4410.14164079942  3.435246E-14
4410.75927734378  3.438328E-14
4411.37691388815  3.400718E-14
4411.99455043251  3.381683E-14
4412.61218697687  3.408196E-14
4413.22982352124  3.435603E-14
4413.8474600656  3.511624E-14
4414.46509660996  3.426109E-14
4415.08273315433  3.433406E-14
4415.70036969869  3.357702E-14
4416.31800624305  3.441750E-14
4416.93564278742  3.517374E-14
4417.55327933178  3.371769E-14
4418.17091587615  3.426060E-14
4418.78855242051  3.561374E-14
4419.40618896487  3.499120E-14
4420.02382550924  3.415486E-14
4420.6414620536  3.524590E-14
4421.25909859797  3.364476E-14
4421.87673514233  3.603387E-14
4422.49437168669  3.492027E-14
4423.11200823106  3.623795E-14
4423.72964477542  3.629017E-14
4424.34728131979  3.384391E-14
4424.96491786415  3.522719E-14
4425.58255440851  3.527656E-14
4426.20019095288  3.591123E-14
4426.81782749724  3.423516E-14
4427.43546404161  3.461752E-14
4428.05310058597  3.487695E-14
4428.67073713033  3.462648E-14
4429.2883736747  3.353813E-14
4429.90601021906  3.423341E-14
4430.52364676342  3.482494E-14
4431.14128330779  3.572205E-14
4431.75891985215  3.520866E-14
4432.37655639651  3.454123E-14
4432.99419294088  3.522701E-14
4433.61182948524  3.421753E-14
4434.22946602961  3.538709E-14
4434.84710257397  3.508097E-14
4435.46473911833  3.401840E-14
4436.0823756627  3.664043E-14
4436.70001220706  3.514806E-14
4437.31764875143  3.467148E-14
4437.93528529579  3.560271E-14
4438.55292184015  3.479364E-14
4439.17055838452  3.391283E-14
4439.78819492888  3.452470E-14
4440.40583147325  3.439275E-14
4441.02346801761  3.467930E-14
4441.64110456197  3.469845E-14
4442.25874110634  3.384188E-14
4442.8763776507  3.368979E-14
4443.49401419507  3.407166E-14
4444.11165073943  3.435119E-14
4444.72928728379  3.437401E-14
4445.34692382816  3.647133E-14
4445.96456037252  3.431717E-14
4446.58219691688  3.366394E-14
4447.19983346125  3.346842E-14
4447.81747000561  3.456635E-14
4448.43510654998  3.353625E-14
4449.05274309434  3.501438E-14
4449.6703796387  3.456737E-14
4450.28801618307  3.497327E-14
4450.90565272743  3.445091E-14
4451.5232892718  3.285939E-14
4452.14092581616  3.434409E-14
4452.75856236052  3.534405E-14
4453.37619890489  3.488876E-14
4453.99383544925  3.521523E-14
4454.61147199361  3.346857E-14
4455.22910853798  3.326472E-14
4455.84674508234  3.535025E-14
4456.4643816267  3.457607E-14
4457.08201817107  3.366477E-14
4457.69965471543  3.321556E-14
4458.3172912598  3.454991E-14
4458.93492780416  3.541027E-14
4459.55256434852  3.567648E-14
4460.17020089289  3.437450E-14
4460.78783743725  3.408764E-14
4461.40547398162  3.484255E-14
4462.02311052598  3.315807E-14
4462.64074707034  3.070259E-14
4463.25838361471  3.262480E-14
4463.87602015907  3.342917E-14
4464.49365670344  3.381735E-14
4465.1112932478  3.408318E-14
4465.72892979216  3.361496E-14
4466.34656633653  3.530870E-14
4466.96420288089  3.348075E-14
4467.58183942525  3.456689E-14
4468.19947596962  3.353214E-14
4468.81711251398  3.182649E-14
4469.43474905835  3.372005E-14
4470.05238560271  3.324625E-14
4470.67002214707  3.502039E-14
4471.28765869144  3.531405E-14
4471.9052952358  3.233468E-14
4472.52293178016  3.434891E-14
4473.14056832453  3.271381E-14
4473.75820486889  3.348375E-14
4474.37584141326  3.298515E-14
4474.99347795762  3.334206E-14
4475.61111450198  3.317857E-14
4476.22875104635  3.307890E-14
4476.84638759071  3.421481E-14
4477.46402413508  3.370139E-14
4478.08166067944  3.216561E-14
4478.6992972238  3.234698E-14
4479.31693376817  3.296758E-14
4479.93457031253  3.328745E-14
4480.55220685689  3.422205E-14
4481.16984340126  3.396689E-14
4481.78747994562  3.288973E-14
4482.40511648999  3.252163E-14
4483.02275303435  3.318276E-14
4483.64038957871  3.525018E-14
4484.25802612308  3.439739E-14
4484.87566266744  3.248498E-14
4485.49329921181  3.383000E-14
4486.11093575617  3.403101E-14
4486.72857230053  3.361823E-14
4487.3462088449  3.264536E-14
4487.96384538926  3.556935E-14
4488.58148193362  3.485226E-14
4489.19911847799  3.336287E-14
4489.81675502235  3.406162E-14
4490.43439156672  3.423340E-14
4491.05202811108  3.346160E-14
4491.66966465545  3.392554E-14
4492.28730119981  3.408750E-14
4492.90493774417  3.385911E-14
4493.52257428854  3.439604E-14
4494.1402108329  3.566859E-14
4494.75784737726  3.556001E-14
4495.37548392163  3.517649E-14
4495.99312046599  3.357025E-14
4496.61075701035  3.552020E-14
4497.22839355472  3.558551E-14
4497.84603009908  3.338098E-14
4498.46366664345  3.311940E-14
4499.08130318781  3.457009E-14
4499.69893973217  3.552021E-14
4500.31657627654  3.402581E-14
4500.9342128209  3.482564E-14
4501.55184936527  3.495024E-14
4502.16948590963  3.377563E-14
4502.78712245399  3.393239E-14
4503.40475899836  3.430984E-14
4504.02239554272  3.748781E-14
4504.64003208708  3.606296E-14
4505.25766863145  3.421829E-14
4505.87530517581  3.513493E-14
4506.49294172018  3.430033E-14
4507.11057826454  3.349757E-14
4507.7282148089  3.303793E-14
4508.34585135327  3.570668E-14
4508.96348789763  3.540888E-14
4509.581124442  3.426788E-14
4510.19876098636  3.674549E-14
4510.81639753072  3.474892E-14
4511.43403407509  3.423286E-14
4512.05167061945  3.529147E-14
4512.66930716381  3.679470E-14
4513.28694370818  3.536966E-14
4513.90458025254  3.416343E-14
4514.52221679691  3.546186E-14
4515.13985334127  3.634135E-14
4515.75748988564  3.561599E-14
4516.37512643  3.456400E-14
4516.99276297436  3.398131E-14
4517.61039951873  3.486744E-14
4518.22803606309  3.531894E-14
4518.84567260745  3.439853E-14
4519.46330915182  3.498805E-14
4520.08094569618  3.452378E-14
4520.69858224055  3.743848E-14
4521.31621878491  3.676354E-14
4521.93385532927  3.572079E-14
4522.55149187364  3.386679E-14
4523.169128418  3.480768E-14
4523.78676496236  3.493696E-14
4524.40440150673  3.584021E-14
4525.02203805109  3.540346E-14
4525.63967459546  3.594266E-14
4526.25731113982  3.630320E-14
4526.87494768418  3.567101E-14
4527.49258422855  3.571412E-14
4528.11022077291  3.588407E-14
4528.72785731728  3.422371E-14
4529.34549386164  3.525463E-14
4529.963130406  3.640949E-14
4530.58076695037  3.537180E-14
4531.19840349473  3.527443E-14
4531.8160400391  3.495796E-14
4532.43367658346  3.612329E-14
4533.05131312782  3.635509E-14
4533.66894967219  3.513580E-14
4534.28658621655  3.453281E-14
4534.90422276091  3.447924E-14
4535.52185930528  3.624747E-14
4536.13949584964  3.598061E-14
4536.75713239401  3.514704E-14
4537.37476893837  3.504401E-14
4537.99240548273  3.474979E-14
4538.6100420271  3.425877E-14
4539.22767857146  3.605949E-14
4539.84531511582  3.466489E-14
4540.46295166019  3.420448E-14
4541.08058820455  3.332228E-14
4541.69822474892  3.387503E-14
4542.31586129328  3.426126E-14
4542.93349783764  3.426870E-14
4543.55113438201  3.380098E-14
4544.16877092637  3.326948E-14
4544.78640747073  3.512403E-14
4545.4040440151  3.385043E-14
4546.02168055946  3.436645E-14
4546.63931710383  3.512455E-14
4547.25695364819  3.519792E-14
4547.87459019255  3.448200E-14
4548.49222673692  3.374080E-14
4549.10986328128  3.442518E-14
4549.72749982565  3.409166E-14
4550.34513637001  3.468447E-14
4550.96277291437  3.544747E-14
4551.58040945874  3.549539E-14
4552.1980460031  3.454218E-14
4552.81568254746  3.376794E-14
4553.43331909183  3.523830E-14
4554.05095563619  3.532516E-14
4554.66859218056  3.453936E-14
4555.28622872492  3.404642E-14
4555.90386526928  3.466026E-14
4556.52150181365  3.565105E-14
4557.13913835801  3.623214E-14
4557.75677490238  3.531085E-14
4558.37441144674  3.410039E-14
4558.9920479911  3.596573E-14
4559.60968453547  3.553214E-14
4560.22732107983  3.403843E-14
4560.84495762419  3.399599E-14
4561.46259416856  3.516003E-14
4562.08023071292  3.499243E-14
4562.69786725729  3.339646E-14
4563.31550380165  3.310655E-14
4563.93314034601  3.364743E-14
4564.55077689038  3.541030E-14
4565.16841343474  3.450548E-14
4565.7860499791  3.419414E-14
4566.40368652347  3.402581E-14
4567.02132306783  3.430938E-14
4567.6389596122  3.443176E-14
4568.25659615656  3.458251E-14
4568.87423270092  3.450475E-14
4569.49186924529  3.443990E-14
4570.10950578965  3.374709E-14
4570.72714233402  3.376867E-14
4571.34477887838  3.431139E-14
4571.96241542274  3.312522E-14
4572.58005196711  3.423839E-14
4573.19768851147  3.383827E-14
4573.81532505584  3.403958E-14
4574.4329616002  3.344133E-14
4575.05059814456  3.341034E-14
4575.66823468893  3.394438E-14
4576.28587123329  3.519846E-14
4576.90350777765  3.510109E-14
4577.52114432202  3.412324E-14
4578.13878086638  3.434375E-14
4578.75641741075  3.437985E-14
4579.37405395511  3.447052E-14
4579.99169049947  3.397842E-14
4580.60932704384  3.331490E-14
4581.2269635882  3.459405E-14
4581.84460013257  3.429502E-14
4582.46223667693  3.484033E-14
4583.07987322129  3.515018E-14
4583.69750976566  3.534222E-14
4584.31514631002  3.372938E-14
4584.93278285439  3.451562E-14
4585.55041939875  3.412342E-14
4586.16805594311  3.349668E-14
4586.78569248748  3.340968E-14
4587.40332903184  3.410748E-14
4588.0209655762  3.438714E-14
4588.63860212057  3.401155E-14
4589.25623866493  3.384888E-14
4589.87387520929  3.374565E-14
4590.49151175366  3.450669E-14
4591.10914829802  3.518745E-14
4591.72678484239  3.423414E-14
4592.34442138675  3.381300E-14
4592.96205793111  3.332729E-14
4593.57969447548  3.471709E-14
4594.19733101984  3.434588E-14
4594.81496756421  3.478263E-14
4595.43260410857  3.392882E-14
4596.05024065293  3.441702E-14
4596.6678771973  3.429535E-14
4597.28551374166  3.261625E-14
4597.90315028603  3.335547E-14
4598.52078683039  3.352829E-14
4599.13842337475  3.442420E-14
4599.75605991912  3.413105E-14
4600.37369646348  3.480944E-14
4600.99133300785  3.401005E-14
4601.60896955221  3.327156E-14
4602.22660609657  3.355091E-14
4602.84424264094  3.287296E-14
4603.4618791853  3.403281E-14
4604.07951572966  3.411898E-14
4604.69715227403  3.420947E-14
4605.31478881839  3.515072E-14
4605.93242536276  3.307481E-14
4606.55006190712  3.344873E-14
4607.16769845148  3.353482E-14
4607.78533499585  3.412506E-14
4608.40297154021  3.434215E-14
4609.02060808457  3.361938E-14
4609.63824462894  3.378231E-14
4610.2558811733  3.373175E-14
4610.87351771767  3.443714E-14
4611.49115426203  3.402278E-14
4612.10879080639  3.351687E-14
4612.72642735076  3.196658E-14
4613.34406389512  3.318287E-14
4613.96170043949  3.429171E-14
4614.57933698385  3.372537E-14
4615.19697352821  3.307114E-14
4615.81461007258  3.268426E-14
4616.43224661694  3.284331E-14
4617.04988316131  3.358310E-14
4617.66751970567  3.413755E-14
4618.28515625003  3.448510E-14
4618.9027927944  3.463716E-14
4619.52042933876  3.420763E-14
4620.13806588312  3.326355E-14
4620.75570242749  3.396286E-14
4621.37333897185  3.450866E-14
4621.99097551622  3.458769E-14
4622.60861206058  3.280103E-14
4623.22624860494  3.297501E-14
4623.84388514931  3.307543E-14
4624.46152169367  3.387741E-14
4625.07915823803  3.425962E-14
4625.6967947824  3.337558E-14
4626.31443132676  3.338186E-14
4626.93206787113  3.478295E-14
4627.54970441549  3.442172E-14
4628.16734095985  3.432041E-14
4628.78497750422  3.395588E-14
4629.40261404858  3.335629E-14
4630.02025059294  3.343404E-14
4630.63788713731  3.270100E-14
4631.25552368167  3.254353E-14
4631.87316022604  3.332211E-14
4632.4907967704  3.427364E-14
4633.10843331476  3.398607E-14
4633.72606985913  3.327943E-14
4634.34370640349  3.327046E-14
4634.96134294785  3.358494E-14
4635.57897949222  3.450646E-14
4636.19661603658  3.370802E-14
4636.81425258095  3.362954E-14
4637.43188912531  3.319900E-14
4638.04952566967  3.404661E-14
4638.66716221404  3.483729E-14
4639.2847987584  3.390088E-14
4639.90243530277  3.235159E-14
4640.52007184713  3.281103E-14
4641.13770839149  3.285119E-14
4641.75534493586  3.371937E-14
4642.37298148022  3.473614E-14
4642.99061802459  3.419837E-14
4643.60825456895  3.304923E-14
4644.22589111331  3.380083E-14
4644.84352765768  3.448427E-14
4645.46116420204  3.393546E-14
4646.07880074641  3.387077E-14
4646.69643729077  3.340994E-14
4647.31407383513  3.222534E-14
4647.9317103795  3.464573E-14
4648.54934692386  3.310536E-14
4649.16698346822  3.470907E-14
4649.78462001259  3.514416E-14
4650.40225655695  3.408377E-14
4651.01989310132  3.366092E-14
4651.63752964568  3.319315E-14
4652.25516619004  3.288039E-14
4652.87280273441  3.434215E-14
4653.49043927877  3.473813E-14
4654.10807582313  3.288297E-14
4654.7257123675  3.415024E-14
4655.34334891186  3.291573E-14
4655.96098545623  3.253669E-14
4656.57862200059  3.487019E-14
4657.19625854495  3.305982E-14
4657.81389508932  3.399512E-14
4658.43153163368  3.355610E-14
4659.04916817805  3.402341E-14
4659.66680472241  3.427559E-14
4660.28444126677  3.202261E-14
4660.90207781114  3.239486E-14
4661.5197143555  3.305821E-14
4662.13735089986  3.119521E-14
4662.75498744423  3.455750E-14
4663.37262398859  3.378362E-14
4663.99026053296  3.334640E-14
4664.60789707732  3.389417E-14
4665.22553362168  3.255855E-14
4665.84317016605  3.358872E-14
4666.46080671041  3.274176E-14
4667.07844325478  3.399832E-14
4667.69607979914  3.359783E-14
4668.3137163435  3.276969E-14
4668.93135288787  3.342980E-14
4669.54898943223  3.320913E-14
4670.1666259766  3.247229E-14
4670.78426252096  3.228635E-14
4671.40189906532  3.340797E-14
4672.01953560969  3.240773E-14
4672.63717215405  3.263049E-14
4673.25480869842  3.491099E-14
4673.87244524278  3.345828E-14
4674.49008178714  3.280739E-14
4675.1077183315  3.392699E-14
4675.72535487587  3.391614E-14
4676.34299142023  3.331929E-14
4676.9606279646  3.325283E-14
4677.57826450896  3.465566E-14
4678.19590105332  3.353434E-14
4678.81353759769  3.268106E-14
4679.43117414205  3.274528E-14
4680.04881068642  3.255018E-14
4680.66644723078  3.397115E-14
4681.28408377514  3.383680E-14
4681.90172031951  3.437190E-14
4682.51935686387  3.244664E-14
4683.13699340824  3.287898E-14
4683.7546299526  3.279883E-14
4684.37226649696  3.373478E-14
4684.98990304133  3.454656E-14
4685.60753958569  3.290048E-14
4686.22517613006  3.180965E-14
4686.84281267442  3.268179E-14
4687.46044921878  3.390780E-14
4688.07808576315  3.232667E-14
4688.69572230751  3.230885E-14
4689.31335885188  3.336240E-14
4689.93099539624  3.342311E-14
4690.5486319406  3.317564E-14
4691.16626848497  3.398385E-14
4691.78390502933  3.311882E-14
4692.40154157369  3.340251E-14
4693.01917811806  3.258378E-14
4693.63681466242  3.193406E-14
4694.25445120678  3.133193E-14
4694.87208775115  3.228295E-14
4695.48972429551  3.306817E-14
4696.10736083988  3.375488E-14
4696.72499738424  3.076561E-14
4697.3426339286  3.272495E-14
4697.96027047297  3.336350E-14
4698.57790701733  3.356302E-14
4699.1955435617  3.241657E-14
4699.81318010606  3.232898E-14
4700.43081665042  3.379491E-14
4701.04845319479  3.233656E-14
4701.66608973915  3.262404E-14
4702.28372628351  3.271067E-14
4702.90136282788  3.408695E-14
4703.51899937224  3.224271E-14
4704.13663591661  3.278020E-14
4704.75427246097  3.286476E-14
4705.37190900533  3.284243E-14
4705.9895455497  3.306079E-14
4706.60718209406  3.302713E-14
4707.22481863843  3.221572E-14
4707.84245518279  3.313852E-14
4708.46009172715  3.328733E-14
4709.07772827152  3.193411E-14
4709.69536481588  3.314802E-14
4710.31300136024  3.338408E-14
4710.93063790461  3.261294E-14
4711.54827444897  3.216779E-14
4712.16591099334  3.244846E-14
4712.7835475377  3.066803E-14
4713.40118408206  3.182918E-14
4714.01882062643  3.301109E-14
4714.63645717079  3.346756E-14
4715.25409371516  3.287006E-14
4715.87173025952  3.270155E-14
4716.48936680388  3.307086E-14
4717.10700334825  3.168637E-14
4717.72463989261  3.274901E-14
4718.34227643697  3.306039E-14
4718.95991298134  3.250456E-14
4719.5775495257  3.294099E-14
4720.19518607006  3.350023E-14
4720.81282261443  3.362098E-14
4721.43045915879  3.305385E-14
4722.04809570316  3.323262E-14
4722.66573224752  3.236088E-14
4723.28336879188  3.210962E-14
4723.90100533625  3.261620E-14
4724.51864188061  3.307000E-14
4725.13627842498  3.339494E-14
4725.75391496934  3.297676E-14
4726.3715515137  3.202577E-14
4726.98918805807  3.293851E-14
4727.60682460243  3.318785E-14
4728.2244611468  3.228120E-14
4728.84209769116  3.229367E-14
4729.45973423552  3.278972E-14
4730.07737077989  3.389011E-14
4730.69500732425  3.219328E-14
4731.31264386862  3.348883E-14
4731.93028041298  3.413305E-14
4732.54791695734  3.158295E-14
4733.16555350171  3.299664E-14
4733.78319004607  3.178484E-14
4734.40082659043  3.168768E-14
4735.0184631348  3.207474E-14
4735.63609967916  3.272603E-14
4736.25373622353  3.176242E-14
4736.87137276789  3.177461E-14
4737.48900931225  3.227112E-14
4738.10664585662  3.236781E-14
4738.72428240098  3.209903E-14
4739.34191894534  3.246075E-14
4739.95955548971  3.323572E-14
4740.57719203407  3.240122E-14
4741.19482857844  3.153133E-14
4741.8124651228  3.151447E-14
4742.43010166716  3.056551E-14
4743.04773821153  3.208359E-14
4743.66537475589  3.153341E-14
4744.28301130026  3.135412E-14
4744.90064784462  3.215198E-14
4745.51828438898  3.268878E-14
4746.13592093335  3.302294E-14
4746.75355747771  3.260346E-14
4747.37119402207  3.221129E-14
4747.98883056644  3.264143E-14
4748.6064671108  3.208353E-14
4749.22410365517  3.246945E-14
4749.84174019953  3.117999E-14
4750.4593767439  3.224309E-14
4751.07701328826  3.219677E-14
4751.69464983262  3.252867E-14
4752.31228637699  3.240141E-14
4752.92992292135  3.250056E-14
4753.54755946571  3.294201E-14
4754.16519601008  3.134339E-14
4754.78283255444  3.146343E-14
4755.40046909881  3.218792E-14
4756.01810564317  3.169624E-14
4756.63574218753  3.241907E-14
4757.2533787319  3.145723E-14
4757.87101527626  3.253802E-14
4758.48865182062  3.252507E-14
4759.10628836499  3.311951E-14
4759.72392490935  3.253234E-14
4760.34156145372  3.095163E-14
4760.95919799808  3.197837E-14
4761.57683454244  3.235263E-14
4762.19447108681  3.214926E-14
4762.81210763117  3.164124E-14
4763.42974417553  3.173590E-14
4764.0473807199  3.152024E-14
4764.66501726426  3.077123E-14
4765.28265380863  3.101396E-14
4765.90029035299  3.299967E-14
4766.51792689735  3.257809E-14
4767.13556344172  3.150574E-14
4767.75319998608  3.186669E-14
4768.37083653045  3.135113E-14
4768.98847307481  3.232149E-14
4769.60610961917  3.201507E-14
4770.22374616354  3.121963E-14
4770.8413827079  3.116401E-14
4771.45901925226  3.096929E-14
4772.07665579663  3.205120E-14
4772.69429234099  3.199083E-14
4773.31192888536  3.155370E-14
4773.92956542972  3.167785E-14
4774.54720197408  3.113081E-14
4775.16483851845  3.175623E-14
4775.78247506281  3.154110E-14
4776.40011160718  3.120963E-14
4777.01774815154  3.184674E-14
4777.6353846959  3.170053E-14
4778.25302124027  3.137701E-14
4778.87065778463  3.132092E-14
4779.48829432899  3.186973E-14
4780.10593087336  3.179616E-14
4780.72356741772  3.115795E-14
4781.34120396209  3.184214E-14
4781.95884050645  3.185747E-14
4782.57647705081  3.088347E-14
4783.19411359518  3.104663E-14
4783.81175013954  3.130668E-14
4784.42938668391  3.158011E-14
4785.04702322827  3.161077E-14
4785.66465977263  3.193105E-14
4786.282296317  3.249709E-14
4786.89993286136  3.079504E-14
4787.51756940573  3.124856E-14
4788.13520595009  3.160219E-14
4788.75284249445  3.157271E-14
4789.37047903882  3.098417E-14
4789.98811558318  3.132421E-14
4790.60575212754  3.023430E-14
4791.22338867191  3.192195E-14
4791.84102521627  3.022335E-14
4792.45866176064  3.078605E-14
4793.076298305  3.053659E-14
4793.69393484936  3.111273E-14
4794.31157139373  3.200337E-14
4794.92920793809  3.066847E-14
4795.54684448245  3.027762E-14
4796.16448102682  3.150107E-14
4796.78211757118  3.064486E-14
4797.39975411555  3.020068E-14
4798.01739065991  3.103314E-14
4798.63502720427  3.065218E-14
4799.25266374864  3.010394E-14
4799.870300293  3.134905E-14
4800.48793683737  3.002024E-14
4801.10557338173  3.247057E-14
4801.72320992609  3.252512E-14
4802.34084647046  3.032963E-14
4802.95848301482  2.994119E-14
4803.57611955919  3.024904E-14
4804.19375610355  3.164523E-14
4804.81139264791  3.008815E-14
4805.42902919228  2.955172E-14
4806.04666573664  3.051173E-14
4806.664302281  2.945902E-14
4807.28193882537  2.938362E-14
4807.89957536973  3.111696E-14
4808.51721191409  2.973052E-14
4809.13484845846  2.895245E-14
4809.75248500282  2.917674E-14
4810.37012154719  2.802699E-14
4810.98775809155  3.056058E-14
4811.60539463591  3.009076E-14
4812.22303118028  3.001437E-14
4812.84066772464  3.006213E-14
4813.45830426901  2.940313E-14
4814.07594081337  3.026600E-14
4814.69357735773  3.072433E-14
4815.3112139021  3.097166E-14
4815.92885044646  3.089062E-14
4816.54648699083  3.052244E-14
4817.16412353519  2.879279E-14
4817.78176007955  2.917272E-14
4818.39939662392  2.964630E-14
4819.01703316828  3.086352E-14
4819.63466971264  2.916175E-14
4820.25230625701  3.068147E-14
4820.86994280137  3.019761E-14
4821.48757934574  3.019188E-14
4822.1052158901  2.927850E-14
4822.72285243446  3.087714E-14
4823.34048897883  3.027309E-14
4823.95812552319  2.917409E-14
4824.57576206756  2.948024E-14
4825.19339861192  2.905310E-14
4825.81103515628  2.924602E-14
4826.42867170065  2.826722E-14
4827.04630824501  2.915967E-14
4827.66394478937  2.844899E-14
4828.28158133374  2.851878E-14
4828.8992178781  2.958160E-14
4829.51685442247  2.903722E-14
4830.13449096683  2.873799E-14
4830.75212751119  2.897863E-14
4831.36976405556  2.908958E-14
4831.98740059992  2.949983E-14
4832.60503714429  2.800316E-14
4833.22267368865  2.751803E-14
4833.84031023301  2.943279E-14
4834.45794677738  2.862099E-14
4835.07558332174  2.735489E-14
4835.6932198661  2.750679E-14
4836.31085641047  2.746602E-14
4836.92849295483  2.812068E-14
4837.5461294992  2.787462E-14
4838.16376604356  2.658962E-14
4838.78140258792  2.769401E-14
4839.39903913229  2.828591E-14
4840.01667567665  2.812511E-14
4840.63431222102  2.830611E-14
4841.25194876538  2.725792E-14
4841.86958530974  2.651339E-14
4842.48722185411  2.656741E-14
4843.10485839847  2.762501E-14
4843.72249494283  2.694429E-14
4844.3401314872  2.590715E-14
4844.95776803156  2.557198E-14
4845.57540457593  2.653916E-14
4846.19304112029  2.516542E-14
4846.81067766465  2.496015E-14
4847.42831420902  2.634267E-14
4848.04595075338  2.574715E-14
4848.66358729774  2.517382E-14
4849.28122384211  2.571477E-14
4849.89886038647  2.668771E-14
4850.51649693084  2.663175E-14
4851.1341334752  2.621037E-14
4851.75177001956  2.501975E-14
4852.36940656393  2.540558E-14
4852.98704310829  2.644881E-14
4853.60467965266  2.613174E-14
4854.22231619702  2.583634E-14
4854.83995274138  2.593768E-14
4855.45758928575  2.508749E-14
4856.07522583011  2.478731E-14
4856.69286237448  2.537556E-14
4857.31049891884  2.577573E-14
4857.9281354632  2.486028E-14
4858.54577200757  2.470074E-14
4859.16340855193  2.627049E-14
4859.78104509629  2.556337E-14
4860.39868164066  2.671144E-14
4861.01631818502  2.566751E-14
4861.63395472939  2.596900E-14
4862.25159127375  2.640569E-14
4862.86922781811  2.563106E-14
4863.48686436248  2.557694E-14
4864.10450090684  2.598556E-14
4864.7221374512  2.543378E-14
4865.33977399557  2.592419E-14
4865.95741053993  2.489705E-14
4866.5750470843  2.529359E-14
4867.19268362866  2.548821E-14
4867.81032017302  2.657925E-14
4868.42795671739  2.633268E-14
4869.04559326175  2.652852E-14
4869.66322980612  2.668535E-14
4870.28086635048  2.616058E-14
4870.89850289484  2.621176E-14
4871.51613943921  2.597394E-14
4872.13377598357  2.708592E-14
4872.75141252793  2.442796E-14
4873.3690490723  2.611075E-14
4873.98668561666  2.580486E-14
4874.60432216103  2.634262E-14
4875.22195870539  2.665353E-14
4875.83959524975  2.603045E-14
4876.45723179412  2.588821E-14
4877.07486833848  2.647080E-14
4877.69250488285  2.593853E-14
4878.31014142721  2.672473E-14
4878.92777797157  2.611971E-14
4879.54541451594  2.729655E-14
4880.1630510603  2.755213E-14
4880.78068760467  2.650502E-14
4881.39832414903  2.693509E-14
4882.01596069339  2.783590E-14
4882.63359723776  2.709981E-14
4883.25123378212  2.587355E-14
4883.86887032648  2.707793E-14
4884.48650687085  2.750570E-14
4885.10414341521  2.719035E-14
4885.72177995958  2.757689E-14
4886.33941650394  2.815350E-14
4886.9570530483  2.840014E-14
4887.57468959267  2.749417E-14
4888.19232613703  2.713146E-14
4888.80996268139  2.700141E-14
4889.42759922576  2.774508E-14
4890.04523577012  2.862981E-14
4890.66287231449  2.949012E-14
4891.28050885885  2.877923E-14
4891.89814540321  2.803179E-14
4892.51578194758  2.746683E-14
4893.13341849194  2.743382E-14
4893.75105503631  2.962463E-14
4894.36869158067  2.742315E-14
4894.98632812503  2.877009E-14
4895.6039646694  2.837004E-14
4896.22160121376  2.813272E-14
4896.83923775812  2.908281E-14
4897.45687430249  2.842612E-14
4898.07451084685  2.796968E-14
4898.69214739122  2.790534E-14
4899.30978393558  2.758038E-14
4899.92742047994  2.722355E-14
4900.54505702431  2.766227E-14
4901.16269356867  2.852361E-14
4901.78033011304  2.877496E-14
4902.3979666574  2.956075E-14
4903.01560320176  2.962261E-14
4903.63323974613  2.886952E-14
4904.25087629049  2.763626E-14
4904.86851283486  2.804563E-14
4905.48614937922  2.907002E-14
4906.10378592358  2.850857E-14
4906.72142246795  2.925735E-14
4907.33905901231  2.917953E-14
4907.95669555667  2.870121E-14
4908.57433210104  2.964558E-14
4909.1919686454  2.942787E-14
4909.80960518977  2.963742E-14
4910.42724173413  2.830613E-14
4911.04487827849  2.837975E-14
4911.66251482286  2.952066E-14
4912.28015136722  2.885513E-14
4912.89778791158  2.843657E-14
4913.51542445595  2.929463E-14
4914.13306100031  2.935686E-14
4914.75069754468  2.880375E-14
4915.36833408904  2.844037E-14
4915.9859706334  2.829399E-14
4916.60360717777  2.910391E-14
4917.22124372213  2.885248E-14
4917.8388802665  2.932150E-14
4918.45651681086  3.019837E-14
4919.07415335522  2.850975E-14
4919.69178989959  2.758904E-14
4920.30942644395  2.883119E-14
4920.92706298832  2.886299E-14
4921.54469953268  2.843627E-14
4922.16233607704  2.915536E-14
4922.77997262141  2.941048E-14
4923.39760916577  2.930822E-14
4924.01524571013  2.889576E-14
4924.6328822545  2.931581E-14
4925.25051879886  2.961519E-14
4925.86815534323  3.023625E-14
4926.48579188759  2.847952E-14
4927.10342843195  2.811601E-14
4927.72106497632  2.841941E-14
4928.33870152068  2.827189E-14
4928.95633806504  2.862115E-14
4929.57397460941  2.884543E-14
4930.19161115377  2.849299E-14
4930.80924769814  2.838354E-14
4931.4268842425  2.845671E-14
4932.04452078686  2.924266E-14
4932.66215733123  2.809058E-14
4933.27979387559  2.808493E-14
4933.89743041996  2.909124E-14
4934.51506696432  2.913562E-14
4935.13270350868  2.843060E-14
4935.75034005305  2.982876E-14
4936.36797659741  2.778664E-14
4936.98561314177  2.734099E-14
4937.60324968614  2.896523E-14
4938.2208862305  2.842745E-14
4938.83852277487  2.911980E-14
4939.45615931923  2.910795E-14
4940.07379586359  2.801066E-14
4940.69143240796  2.913925E-14
4941.30906895232  2.848657E-14
4941.92670549668  2.786228E-14
4942.54434204105  2.932796E-14
4943.16197858541  2.983984E-14
4943.77961512978  2.916716E-14
4944.39725167414  2.878865E-14
4945.0148882185  3.013008E-14
4945.63252476287  3.062881E-14
4946.25016130723  2.771268E-14
4946.8677978516  3.064068E-14
4947.48543439596  3.028801E-14
4948.10307094032  2.857716E-14
4948.72070748469  2.893348E-14
4949.33834402905  3.022017E-14
4949.95598057342  2.908421E-14
4950.57361711778  2.877501E-14
4951.19125366214  2.915299E-14
4951.80889020651  2.912148E-14
4952.42652675087  2.856523E-14
4953.04416329523  2.765759E-14
4953.6617998396  2.910709E-14
4954.27943638396  3.075079E-14
4954.89707292833  3.062849E-14
4955.51470947269  3.022947E-14
4956.13234601705  2.966920E-14
4956.74998256142  2.875179E-14
4957.36761910578  2.930013E-14
4957.98525565015  3.064497E-14
4958.60289219451  2.917050E-14
4959.22052873887  2.988465E-14
4959.83816528324  3.016121E-14
4960.4558018276  3.008716E-14
4961.07343837196  2.949408E-14
4961.69107491633  2.940876E-14
4962.30871146069  2.917506E-14
4962.92634800506  2.914280E-14
4963.54398454942  2.912786E-14
4964.16162109378  2.942369E-14
4964.77925763815  3.018146E-14
4965.39689418251  2.932851E-14
4966.01453072688  2.940782E-14
4966.63216727124  2.911336E-14
4967.2498038156  2.876809E-14
4967.86744035997  2.915901E-14
4968.48507690433  2.909641E-14
4969.10271344869  2.992428E-14
4969.72034999306  2.923532E-14
4970.33798653742  2.947461E-14
4970.95562308179  2.944565E-14
4971.57325962615  2.951553E-14
4972.19089617051  2.913297E-14
4972.80853271488  2.936794E-14
4973.42616925924  2.938330E-14
4974.04380580361  2.923991E-14
4974.66144234797  2.991268E-14
4975.27907889233  3.049784E-14
4975.8967154367  2.960757E-14
4976.51435198106  2.999490E-14
4977.13198852542  3.044887E-14
4977.74962506979  2.859306E-14
4978.36726161415  2.955031E-14
4978.98489815852  3.063313E-14
4979.60253470288  2.912727E-14
4980.22017124724  3.017582E-14
4980.83780779161  2.995333E-14
4981.45544433597  2.911259E-14
4982.07308088033  2.989780E-14
4982.6907174247  2.856536E-14
4983.30835396906  2.941336E-14
4983.92599051343  2.980833E-14
4984.54362705779  2.882563E-14
4985.16126360215  2.946518E-14
4985.77890014652  2.922000E-14
4986.39653669088  2.872755E-14
4987.01417323525  2.902568E-14
4987.63180977961  2.952552E-14
4988.24944632397  2.841862E-14
4988.86708286834  2.879598E-14
4989.4847194127  2.984258E-14
4990.10235595707  3.013007E-14
4990.71999250143  3.015850E-14
4991.33762904579  2.914374E-14
4991.95526559016  2.981308E-14
4992.57290213452  2.859297E-14
4993.19053867888  2.802573E-14
4993.80817522325  3.018214E-14
4994.42581176761  2.955507E-14
4995.04344831198  2.929765E-14
4995.66108485634  2.906486E-14
4996.2787214007  2.819406E-14
4996.89635794507  2.806075E-14
4997.51399448943  2.934087E-14
4998.1316310338  2.759422E-14
4998.74926757816  2.838051E-14
4999.36690412252  2.943513E-14
4999.98454066689  2.935542E-14
5000.60217721125  2.916921E-14
5001.21981375562  2.801260E-14
5001.83745029998  2.936806E-14
5002.45508684434  2.971076E-14
5003.07272338871  2.939148E-14
5003.69035993307  2.944159E-14
5004.30799647743  2.889770E-14
5004.9256330218  2.814430E-14
5005.54326956616  2.975649E-14
5006.16090611053  2.937904E-14
5006.77854265489  2.931618E-14
5007.39617919925  2.941445E-14
5008.01381574362  2.878516E-14
5008.63145228798  2.901035E-14
5009.24908883234  2.878648E-14
5009.86672537671  2.843300E-14
5010.48436192107  2.924748E-14
5011.10199846544  2.946927E-14
5011.7196350098  2.813426E-14
5012.33727155416  3.034667E-14
5012.95490809853  2.975509E-14
5013.57254464289  2.879738E-14
5014.19018118726  2.855456E-14
5014.80781773162  2.963630E-14
5015.42545427598  2.867546E-14
5016.04309082035  2.871061E-14
5016.66072736471  3.088990E-14
5017.27836390907  2.957768E-14
5017.89600045344  2.791813E-14
5018.5136369978  2.803991E-14
5019.13127354217  2.792450E-14
5019.74891008653  2.876569E-14
5020.36654663089  2.958369E-14
5020.98418317526  2.978038E-14
5021.60181971962  2.897293E-14
5022.21945626398  2.873257E-14
5022.83709280835  3.013553E-14
5023.45472935271  2.849274E-14
5024.07236589708  2.886436E-14
5024.69000244144  2.936681E-14
5025.3076389858  2.916640E-14
5025.92527553017  2.853841E-14
5026.54291207453  2.847896E-14
5027.1605486189  2.749664E-14
5027.77818516326  2.856815E-14
5028.39582170762  2.764303E-14
5029.01345825199  2.822352E-14
5029.63109479635  2.787139E-14
5030.24873134071  2.789549E-14
5030.86636788508  2.899324E-14
5031.48400442944  2.837543E-14
5032.10164097381  2.868636E-14
5032.71927751817  2.791662E-14
5033.33691406253  2.861386E-14
5033.9545506069  2.855234E-14
5034.57218715126  2.810967E-14
5035.18982369563  2.806946E-14
5035.80746023999  2.835509E-14
5036.42509678435  2.872165E-14
5037.04273332872  2.827576E-14
5037.66036987308  2.936179E-14
5038.27800641745  2.935154E-14
5038.89564296181  2.869295E-14
5039.51327950617  2.912524E-14
5040.13091605054  2.790376E-14
5040.7485525949  2.892400E-14
5041.36618913926  2.916991E-14
5041.98382568363  2.828134E-14
5042.60146222799  2.793944E-14
5043.21909877236  2.869644E-14
5043.83673531672  2.803200E-14
5044.45437186108  2.821711E-14
5045.07200840545  2.946056E-14
5045.68964494981  2.895128E-14
5046.30728149417  2.741533E-14
5046.92491803854  2.861327E-14
5047.5425545829  2.871431E-14
5048.16019112727  3.020047E-14
5048.77782767163  2.817691E-14
5049.39546421599  2.907274E-14
5050.01310076036  2.927610E-14
5050.63073730472  2.918187E-14
5051.24837384909  2.898379E-14
5051.86601039345  2.785108E-14
5052.48364693781  2.815737E-14
5053.10128348218  2.886352E-14
5053.71892002654  2.979755E-14
5054.3365565709  2.891775E-14
5054.95419311527  2.896559E-14
5055.57182965963  2.887638E-14
5056.189466204  2.853805E-14
5056.80710274836  2.736258E-14
5057.42473929272  2.841383E-14
5058.04237583709  2.939348E-14
5058.66001238145  2.856174E-14
5059.27764892582  2.938340E-14
5059.89528547018  2.899215E-14
5060.51292201454  2.779781E-14
5061.13055855891  2.922577E-14
5061.74819510327  2.864912E-14
5062.36583164763  2.837119E-14
5062.983468192  2.894130E-14
5063.60110473636  2.902834E-14
5064.21874128073  2.790291E-14
5064.83637782509  2.853518E-14
5065.45401436945  2.859692E-14
5066.07165091382  2.979144E-14
5066.68928745818  2.802898E-14
5067.30692400255  2.869110E-14
5067.92456054691  2.836126E-14
5068.54219709127  2.888333E-14
5069.15983363564  2.850550E-14
5069.77747018  2.855167E-14
5070.39510672436  2.819562E-14
5071.01274326873  2.848819E-14
5071.63037981309  2.945435E-14
5072.24801635746  2.819392E-14
5072.86565290182  2.870295E-14
5073.48328944618  2.960247E-14
5074.10092599055  2.908465E-14
5074.71856253491  2.905281E-14
5075.33619907928  2.997786E-14
5075.95383562364  2.844451E-14
5076.571472168  2.837091E-14
5077.18910871237  2.833139E-14
5077.80674525673  2.783163E-14
5078.4243818011  2.905829E-14
5079.04201834546  2.967506E-14
5079.65965488982  2.950800E-14
5080.27729143419  2.971436E-14
5080.89492797855  2.891979E-14
5081.51256452291  2.895982E-14
5082.13020106728  2.928711E-14
5082.74783761164  2.985641E-14
5083.36547415601  2.893450E-14
5083.98311070037  2.868357E-14
5084.60074724473  2.863030E-14
5085.2183837891  2.846675E-14
5085.83602033346  2.911378E-14
5086.45365687782  2.861352E-14
5087.07129342219  2.868049E-14
5087.68892996655  2.867441E-14
5088.30656651092  2.828375E-14
5088.92420305528  2.828883E-14
5089.54183959964  2.795245E-14
5090.15947614401  2.882400E-14
5090.77711268837  2.872632E-14
5091.39474923274  2.860598E-14
5092.0123857771  2.877735E-14
5092.63002232146  2.787472E-14
5093.24765886583  2.772248E-14
5093.86529541019  2.865257E-14
5094.48293195456  2.803406E-14
5095.10056849892  2.836119E-14
5095.71820504328  2.907786E-14
5096.33584158765  2.889858E-14
5096.95347813201  2.914375E-14
5097.57111467637  2.889578E-14
5098.18875122074  2.868859E-14
5098.8063877651  2.842645E-14
5099.42402430946  2.804194E-14
5100.04166085383  2.864785E-14
5100.65929739819  2.852704E-14
5101.27693394256  2.863945E-14
5101.89457048692  2.760636E-14
5102.51220703128  2.857066E-14
5103.12984357565  2.863254E-14
5103.74748012001  2.844910E-14
5104.36511666438  2.824412E-14
5104.98275320874  2.870905E-14
5105.6003897531  2.876401E-14
5106.21802629747  2.882891E-14
5106.83566284183  2.742843E-14
5107.4532993862  2.869447E-14
5108.07093593056  2.826430E-14
5108.68857247492  2.728384E-14
5109.30620901929  2.855345E-14
5109.92384556365  2.850133E-14
5110.54148210801  2.801472E-14
5111.15911865238  2.805112E-14
5111.77675519674  2.750067E-14
5112.39439174111  2.839846E-14
5113.01202828547  2.867106E-14
5113.62966482983  2.752117E-14
5114.2473013742  2.749192E-14
5114.86493791856  2.710590E-14
5115.48257446293  2.665563E-14
5116.10021100729  2.721770E-14
5116.71784755165  2.850498E-14
5117.33548409602  2.788814E-14
5117.95312064038  2.738050E-14
5118.57075718474  2.639575E-14
5119.18839372911  2.707124E-14
5119.80603027347  2.729177E-14
5120.42366681784  2.746752E-14
5121.0413033622  2.793884E-14
5121.65893990656  2.725142E-14
5122.27657645093  2.684992E-14
5122.89421299529  2.744039E-14
5123.51184953966  2.660434E-14
5124.12948608402  2.687187E-14
5124.74712262838  2.764070E-14
5125.36475917275  2.646234E-14
5125.98239571711  2.707095E-14
5126.60003226148  2.682618E-14
5127.21766880584  2.678683E-14
5127.8353053502  2.735099E-14
5128.45294189457  2.754800E-14
5129.07057843893  2.731318E-14
5129.68821498329  2.750042E-14
5130.30585152766  2.769665E-14
5130.92348807202  2.736643E-14
5131.54112461639  2.679580E-14
5132.15876116075  2.693062E-14
5132.77639770511  2.675629E-14
5133.39403424948  2.673832E-14
5134.01167079384  2.678083E-14
5134.6293073382  2.639885E-14
5135.24694388257  2.595539E-14
5135.86458042693  2.603408E-14
5136.4822169713  2.596163E-14
5137.09985351566  2.619762E-14
5137.71749006002  2.656294E-14
5138.33512660439  2.713566E-14
5138.95276314875  2.527343E-14
5139.57039969312  2.557283E-14
5140.18803623748  2.630387E-14
5140.80567278184  2.611688E-14
5141.42330932621  2.606192E-14
5142.04094587057  2.684775E-14
5142.65858241493  2.527291E-14
5143.2762189593  2.565367E-14
5143.89385550366  2.465793E-14
5144.51149204803  2.532084E-14
5145.12912859239  2.696553E-14
5145.74676513675  2.587361E-14
5146.36440168112  2.522969E-14
5146.98203822548  2.541478E-14
5147.59967476985  2.615424E-14
5148.21731131421  2.603936E-14
5148.83494785857  2.475426E-14
5149.45258440294  2.474727E-14
5150.0702209473  2.559160E-14
5150.68785749166  2.560112E-14
5151.30549403603  2.557870E-14
5151.92313058039  2.577767E-14
5152.54076712476  2.533665E-14
5153.15840366912  2.487998E-14
5153.77604021348  2.502738E-14
5154.39367675785  2.499283E-14
5155.01131330221  2.510904E-14
5155.62894984658  2.460973E-14
5156.24658639094  2.464126E-14
5156.8642229353  2.512135E-14
5157.48185947967  2.469308E-14
5158.09949602403  2.473451E-14
5158.71713256839  2.450105E-14
5159.33476911276  2.526734E-14
5159.95240565712  2.486022E-14
5160.57004220149  2.469406E-14
5161.18767874585  2.515890E-14
5161.80531529021  2.361626E-14
5162.42295183458  2.464413E-14
5163.04058837894  2.458048E-14
5163.65822492331  2.373730E-14
5164.27586146767  2.390165E-14
5164.89349801203  2.351426E-14
5165.5111345564  2.479694E-14
5166.12877110076  2.404533E-14
5166.74640764512  2.423740E-14
5167.36404418949  2.456016E-14
5167.98168073385  2.429767E-14
5168.59931727822  2.397726E-14
5169.21695382258  2.404956E-14
5169.83459036694  2.410947E-14
5170.45222691131  2.376202E-14
5171.06986345567  2.361056E-14
5171.68750000004  2.433086E-14
