3983.5336914062  3.601952E-14
3984.14978711729  3.536323E-14
3984.76588282838  3.558964E-14
3985.38197853947  3.594791E-14
3985.99807425056  3.610713E-14
3986.61416996165  3.611837E-14
3987.23026567274  3.663030E-14
3987.84636138383  3.670289E-14
3988.46245709491  3.703770E-14
3989.078552806  3.680338E-14
3989.69464851709  3.732351E-14
3990.31074422818  3.776032E-14
3990.92683993927  3.871538E-14
3991.54293565036  3.893090E-14
3992.15903136145  3.817770E-14
3992.77512707254  3.836522E-14
3993.39122278362  3.846071E-14
3994.00731849471  3.915009E-14
3994.6234142058  3.940299E-14
3995.23950991689  4.033920E-14
3995.85560562798  4.039090E-14
3996.47170133907  4.043148E-14
3997.08779705016  4.019992E-14
3997.70389276125  4.027903E-14
3998.31998847234  4.094611E-14
3998.93608418342  4.039367E-14
3999.55217989451  4.026647E-14
4000.1682756056  4.132794E-14
4000.78437131669  4.137723E-14
4001.40046702778  4.155807E-14
4002.01656273887  4.088386E-14
4002.63265844996  4.100614E-14
4003.24875416105  4.030045E-14
4003.86484987213  4.037983E-14
4004.48094558322  4.157664E-14
4005.09704129431  4.176311E-14
4005.7131370054  4.173718E-14
4006.32923271649  4.184712E-14
4006.94532842758  4.141430E-14
4007.56142413867  4.163331E-14
4008.17751984976  4.150840E-14
4008.79361556085  4.048873E-14
4009.40971127193  4.079651E-14
4010.02580698302  4.103813E-14
4010.64190269411  4.083951E-14
4011.2579984052  4.116374E-14
4011.87409411629  4.090684E-14
4012.49018982738  4.006530E-14
4013.10628553847  4.065728E-14
4013.72238124956  4.090789E-14
4014.33847696064  4.114965E-14
4014.95457267173  4.157724E-14
4015.57066838282  4.066106E-14
4016.18676409391  4.106171E-14
4016.802859805  4.084504E-14
4017.41895551609  4.134855E-14
4018.03505122718  4.143958E-14
4018.65114693827  4.069565E-14
4019.26724264935  4.053954E-14
4019.88333836044  4.086278E-14
4020.49943407153  4.077541E-14
4021.11552978262  4.096225E-14
4021.73162549371  4.090531E-14
4022.3477212048  4.075041E-14
4022.96381691589  4.062170E-14
4023.57991262698  4.034389E-14
4024.19600833807  4.099408E-14
4024.81210404915  4.106934E-14
4025.42819976024  4.041985E-14
4026.04429547133  4.049155E-14
4026.66039118242  4.057325E-14
4027.27648689351  4.030415E-14
4027.8925826046  4.071011E-14
4028.50867831569  4.111921E-14
4029.12477402678  4.142844E-14
4029.74086973786  4.120452E-14
4030.35696544895  4.083168E-14
4030.97306116004  4.104496E-14
4031.58915687113  4.132031E-14
4032.20525258222  4.129904E-14
4032.82134829331  4.169300E-14
4033.4374440044  4.156575E-14
4034.05353971549  4.081656E-14
4034.66963542658  4.065065E-14
4035.28573113766  4.080052E-14
4035.90182684875  4.053613E-14
4036.51792255984  4.015929E-14
4037.13401827093  4.036103E-14
4037.75011398202  4.071858E-14
4038.36620969311  4.070679E-14
4038.9823054042  4.028214E-14
4039.59840111529  4.036112E-14
4040.21449682637  4.023598E-14
4040.83059253746  4.012262E-14
4041.44668824855  4.011312E-14
4042.06278395964  4.050674E-14
4042.67887967073  4.046173E-14
4043.29497538182  4.008641E-14
4043.91107109291  4.066398E-14
4044.527166804  4.096864E-14
4045.14326251509  4.101157E-14
4045.75935822617  4.179894E-14
4046.37545393726  4.134764E-14
4046.99154964835  4.051552E-14
4047.60764535944  4.076068E-14
4048.22374107053  4.102379E-14
4048.83983678162  4.080206E-14
4049.45593249271  4.110292E-14
4050.0720282038  4.122669E-14
4050.68812391488  4.049683E-14
4051.30421962597  4.070838E-14
4051.92031533706  4.092681E-14
4052.53641104815  4.092803E-14
4053.15250675924  4.073987E-14
4053.76860247033  4.038804E-14
4054.38469818142  4.084700E-14
4055.00079389251  4.079241E-14
4055.6168896036  4.111068E-14
4056.23298531468  4.102749E-14
4056.84908102577  4.091637E-14
4057.46517673686  4.063505E-14
4058.08127244795  4.076831E-14
4058.69736815904  4.085387E-14
4059.31346387013  4.078314E-14
4059.92955958122  4.060676E-14
4060.54565529231  4.033989E-14
4061.1617510034  4.072985E-14
4061.77784671448  4.080740E-14
4062.39394242557  4.055364E-14
4063.01003813666  4.051103E-14
4063.62613384775  4.037057E-14
4064.24222955884  3.996393E-14
4064.85832526993  3.983346E-14
4065.47442098102  4.003198E-14
4066.09051669211  3.995923E-14
4066.70661240319  3.983304E-14
4067.32270811428  3.971816E-14
4067.93880382537  3.901363E-14
4068.55489953646  3.884380E-14
4069.17099524755  3.944095E-14
4069.78709095864  3.909632E-14
4070.40318666973  3.903179E-14
4071.01928238082  3.980023E-14
4071.6353780919  3.980865E-14
4072.25147380299  3.919065E-14
4072.86756951408  3.915629E-14
4073.48366522517  3.835212E-14
4074.09976093626  3.867104E-14
4074.71585664735  3.886202E-14
4075.33195235844  3.873711E-14
4075.94804806953  3.835680E-14
4076.56414378061  3.801695E-14
4077.1802394917  3.763223E-14
4077.79633520279  3.783152E-14
4078.41243091388  3.803292E-14
4079.02852662497  3.750829E-14
4079.64462233606  3.755525E-14
4080.26071804715  3.752846E-14
4080.87681375824  3.705884E-14
4081.49290946932  3.724781E-14
4082.10900518041  3.692567E-14
4082.7251008915  3.652599E-14
4083.34119660259  3.643508E-14
4083.95729231368  3.671664E-14
4084.57338802477  3.629383E-14
4085.18948373586  3.619820E-14
4085.80557944695  3.574160E-14
4086.42167515804  3.556712E-14
4087.03777086912  3.556296E-14
4087.65386658021  3.545670E-14
4088.2699622913  3.479739E-14
4088.88605800239  3.487541E-14
4089.50215371348  3.477842E-14
4090.11824942457  3.456365E-14
4090.73434513566  3.422834E-14
4091.35044084675  3.427760E-14
4091.96653655784  3.427245E-14
4092.58263226892  3.424574E-14
4093.19872798001  3.383998E-14
4093.8148236911  3.384820E-14
4094.43091940219  3.396081E-14
4095.04701511328  3.386472E-14
4095.66311082437  3.397798E-14
4096.27920653546  3.379283E-14
4096.89530224655  3.312709E-14
4097.51139795763  3.350591E-14
4098.12749366872  3.345319E-14
4098.74358937981  3.316221E-14
4099.3596850909  3.298769E-14
4099.97578080199  3.281966E-14
4100.59187651308  3.275635E-14
4101.20797222417  3.259526E-14
4101.82406793526  3.315412E-14
4102.44016364634  3.329419E-14
4103.05625935744  3.255603E-14
4103.67235506852  3.255524E-14
4104.28845077961  3.231134E-14
4104.9045464907  3.203463E-14
4105.52064220179  3.228727E-14
4106.13673791288  3.221501E-14
4106.75283362397  3.183080E-14
4107.36892933505  3.169393E-14
4107.98502504614  3.216315E-14
4108.60112075723  3.204789E-14
4109.21721646832  3.197682E-14
4109.83331217941  3.248781E-14
4110.4494078905  3.217267E-14
4111.06550360159  3.236467E-14
4111.68159931268  3.235551E-14
4112.29769502377  3.246554E-14
4112.91379073485  3.222635E-14
4113.52988644594  3.315743E-14
4114.14598215703  3.317790E-14
4114.76207786812  3.236723E-14
4115.37817357921  3.286144E-14
4115.9942692903  3.322890E-14
4116.61036500139  3.367597E-14
4117.22646071248  3.400387E-14
4117.84255642356  3.418680E-14
4118.45865213465  3.449195E-14
4119.07474784574  3.460289E-14
4119.69084355683  3.510435E-14
4120.30693926792  3.554178E-14
4120.92303497901  3.545546E-14
4121.5391306901  3.548791E-14
4122.15522640119  3.580739E-14
4122.77132211228  3.564305E-14
4123.38741782336  3.594248E-14
4124.00351353445  3.652854E-14
4124.61960924554  3.623407E-14
4125.23570495663  3.656690E-14
4125.85180066772  3.679454E-14
4126.46789637881  3.704692E-14
4127.0839920899  3.737142E-14
4127.70008780099  3.743843E-14
4128.31618351208  3.752711E-14
4128.93227922316  3.764916E-14
4129.54837493425  3.837548E-14
4130.16447064534  3.877743E-14
4130.78056635643  3.846113E-14
4131.39666206752  3.857264E-14
4132.01275777861  3.870655E-14
4132.6288534897  3.837788E-14
4133.24494920079  3.827176E-14
4133.86104491188  3.835690E-14
4134.47714062296  3.827850E-14
4135.09323633405  3.869693E-14
4135.70933204514  3.884317E-14
4136.32542775623  3.815840E-14
4136.94152346732  3.853299E-14
4137.55761917841  3.891373E-14
4138.1737148895  3.866859E-14
4138.78981060059  3.933378E-14
4139.40590631167  3.918186E-14
4140.02200202276  3.935277E-14
4140.63809773385  3.963299E-14
4141.25419344494  3.970517E-14
4141.87028915603  3.982849E-14
4142.48638486712  3.997681E-14
4143.10248057821  3.991866E-14
4143.7185762893  4.045306E-14
4144.33467200038  4.091537E-14
4144.95076771147  4.071484E-14
4145.56686342256  4.025545E-14
4146.18295913365  4.054668E-14
4146.79905484474  4.073583E-14
4147.41515055583  4.075028E-14
4148.03124626692  4.085234E-14
4148.64734197801  4.058567E-14
4149.2634376891  4.090150E-14
4149.87953340018  4.100643E-14
4150.49562911127  4.121556E-14
4151.11172482236  4.113068E-14
4151.72782053345  4.097679E-14
4152.34391624454  4.136608E-14
4152.96001195563  4.160820E-14
4153.57610766672  4.176477E-14
4154.19220337781  4.160739E-14
4154.80829908889  4.151460E-14
4155.42439479998  4.155881E-14
4156.04049051107  4.168226E-14
4156.65658622216  4.219473E-14
4157.27268193325  4.182812E-14
4157.88877764434  4.157180E-14
4158.50487335543  4.217449E-14
4159.12096906652  4.206343E-14
4159.7370647776  4.164225E-14
4160.35316048869  4.190084E-14
4160.96925619978  4.166600E-14
4161.58535191087  4.149438E-14
4162.20144762196  4.191429E-14
4162.81754333305  4.198925E-14
4163.43363904414  4.201693E-14
4164.04973475523  4.267752E-14
4164.66583046631  4.215533E-14
4165.2819261774  4.237704E-14
4165.89802188849  4.289400E-14
4166.51411759958  4.277723E-14
4167.13021331067  4.293230E-14
4167.74630902176  4.321938E-14
4168.36240473285  4.343204E-14
4168.97850044394  4.335684E-14
4169.59459615503  4.316043E-14
4170.21069186611  4.323080E-14
4170.8267875772  4.333475E-14
4171.44288328829  4.342264E-14
4172.05897899938  4.361738E-14
4172.67507471047  4.391229E-14
4173.29117042156  4.375044E-14
4173.90726613265  4.372107E-14
4174.52336184374  4.324020E-14
4175.13945755483  4.324704E-14
4175.75555326591  4.367119E-14
4176.371648977  4.390115E-14
4176.98774468809  4.363779E-14
4177.60384039918  4.392213E-14
4178.21993611027  4.362849E-14
4178.83603182136  4.359721E-14
4179.45212753245  4.348405E-14
4180.06822324354  4.369118E-14
4180.68431895462  4.334451E-14
4181.30041466571  4.312489E-14
4181.9165103768  4.381245E-14
4182.53260608789  4.357512E-14
4183.14870179898  4.323628E-14
4183.76479751007  4.323001E-14
4184.38089322116  4.346560E-14
4184.99698893224  4.342740E-14
4185.61308464333  4.370624E-14
4186.22918035442  4.360837E-14
4186.84527606551  4.361784E-14
4187.4613717766  4.357935E-14
4188.07746748769  4.332580E-14
4188.69356319878  4.350848E-14
4189.30965890987  4.371822E-14
4189.92575462096  4.348405E-14
4190.54185033204  4.314478E-14
4191.15794604313  4.333665E-14
4191.77404175422  4.340358E-14
4192.39013746531  4.313717E-14
4193.0062331764  4.326639E-14
4193.62232888749  4.335202E-14
4194.23842459858  4.310702E-14
4194.85452030967  4.316570E-14
4195.47061602075  4.317452E-14
4196.08671173184  4.312810E-14
4196.70280744293  4.316212E-14
4197.31890315402  4.309717E-14
4197.93499886511  4.308089E-14
4198.5510945762  4.276935E-14
4199.16719028729  4.273403E-14
4199.78328599838  4.274512E-14
4200.39938170947  4.302857E-14
4201.01547742055  4.295444E-14
4201.63157313164  4.265620E-14
4202.24766884273  4.272702E-14
4202.86376455382  4.291757E-14
4203.47986026491  4.314499E-14
4204.095955976  4.332081E-14
4204.71205168709  4.318034E-14
4205.32814739818  4.290364E-14
4205.94424310927  4.299378E-14
4206.56033882035  4.252508E-14
4207.17643453144  4.292911E-14
4207.79253024253  4.333177E-14
4208.40862595362  4.309581E-14
4209.02472166471  4.296547E-14
4209.6408173758  4.283858E-14
4210.25691308689  4.236780E-14
4210.87300879798  4.220491E-14
4211.48910450907  4.274068E-14
4212.10520022015  4.281605E-14
4212.72129593124  4.266179E-14
4213.33739164233  4.259253E-14
4213.95348735342  4.240542E-14
4214.56958306451  4.241632E-14
4215.1856787756  4.239101E-14
4215.80177448669  4.254271E-14
4216.41787019778  4.242471E-14
4217.03396590886  4.236691E-14
4217.65006161995  4.231526E-14
4218.26615733104  4.232329E-14
4218.88225304213  4.239229E-14
4219.49834875322  4.282915E-14
4220.11444446431  4.253261E-14
4220.7305401754  4.232206E-14
4221.34663588649  4.244622E-14
4221.96273159757  4.242840E-14
4222.57882730866  4.216656E-14
4223.19492301975  4.218526E-14
4223.81101873084  4.250315E-14
4224.42711444193  4.249594E-14
4225.04321015302  4.240887E-14
4225.65930586411  4.240122E-14
4226.2754015752  4.300671E-14
4226.89149728628  4.283604E-14
4227.50759299737  4.267794E-14
4228.12368870846  4.261443E-14
4228.73978441955  4.275604E-14
4229.35588013064  4.243712E-14
4229.97197584173  4.211620E-14
4230.58807155282  4.226930E-14
4231.20416726391  4.222279E-14
4231.820262975  4.250488E-14
4232.43635868609  4.241576E-14
4233.05245439717  4.243567E-14
4233.66855010826  4.266152E-14
4234.28464581935  4.268270E-14
4234.90074153044  4.262476E-14
4235.51683724153  4.274295E-14
4236.13293295262  4.234957E-14
4236.74902866371  4.242799E-14
4237.36512437479  4.305575E-14
4237.98122008588  4.309882E-14
4238.59731579697  4.284648E-14
4239.21341150806  4.301385E-14
4239.82950721915  4.290141E-14
4240.44560293024  4.243997E-14
4241.06169864133  4.249006E-14
4241.67779435242  4.218683E-14
4242.29389006351  4.235437E-14
4242.90998577459  4.216579E-14
4243.52608148568  4.217063E-14
4244.14217719677  4.214839E-14
4244.75827290786  4.247595E-14
4245.37436861895  4.239543E-14
4245.99046433004  4.210933E-14
4246.60656004113  4.243822E-14
4247.22265575222  4.233022E-14
4247.8387514633  4.218516E-14
4248.45484717439  4.215330E-14
4249.07094288548  4.243423E-14
4249.68703859657  4.253651E-14
4250.30313430766  4.213594E-14
4250.91923001875  4.192299E-14
4251.53532572984  4.213184E-14
4252.15142144093  4.219540E-14
4252.76751715202  4.186707E-14
4253.3836128631  4.219882E-14
4253.99970857419  4.233552E-14
4254.61580428528  4.223031E-14
4255.23189999637  4.202618E-14
4255.84799570746  4.184761E-14
4256.46409141855  4.211850E-14
4257.08018712964  4.189431E-14
4257.69628284073  4.234331E-14
4258.31237855182  4.241475E-14
4258.9284742629  4.191537E-14
4259.54456997399  4.182246E-14
4260.16066568508  4.184048E-14
4260.77676139617  4.205612E-14
4261.39285710726  4.206631E-14
4262.00895281835  4.226259E-14
4262.62504852944  4.202143E-14
4263.24114424052  4.189960E-14
4263.85723995161  4.165198E-14
4264.4733356627  4.128623E-14
4265.08943137379  4.213521E-14
4265.70552708488  4.180271E-14
4266.32162279597  4.125545E-14
4266.93771850706  4.162701E-14
4267.55381421815  4.188368E-14
4268.16990992923  4.154172E-14
4268.78600564032  4.166679E-14
4269.40210135141  4.190437E-14
4270.0181970625  4.220439E-14
4270.63429277359  4.208835E-14
4271.25038848468  4.184685E-14
4271.86648419577  4.195101E-14
4272.48257990686  4.205828E-14
4273.09867561795  4.231773E-14
4273.71477132903  4.263589E-14
4274.33086704012  4.266102E-14
4274.94696275121  4.206313E-14
4275.5630584623  4.172408E-14
4276.17915417339  4.160162E-14
4276.79524988448  4.123566E-14
4277.41134559557  4.161715E-14
4278.02744130666  4.222943E-14
4278.64353701774  4.184996E-14
4279.25963272883  4.144264E-14
4279.87572843992  4.170647E-14
4280.49182415101  4.157922E-14
4281.1079198621  4.136447E-14
4281.72401557319  4.119647E-14
4282.34011128428  4.143608E-14
4282.95620699537  4.134518E-14
4283.57230270646  4.150047E-14
4284.18839841754  4.163060E-14
4284.80449412863  4.135848E-14
4285.42058983972  4.135494E-14
4286.03668555081  4.146784E-14
4286.6527812619  4.153781E-14
4287.26887697299  4.169910E-14
4287.88497268408  4.131921E-14
4288.50106839517  4.100401E-14
4289.11716410625  4.129080E-14
4289.73325981734  4.136193E-14
4290.34935552843  4.118223E-14
4290.96545123952  4.093853E-14
4291.58154695061  4.080479E-14
4292.1976426617  4.083097E-14
4292.81373837279  4.087417E-14
4293.42983408388  4.089691E-14
4294.04592979497  4.077987E-14
4294.66202550606  4.041443E-14
4295.27812121714  4.057344E-14
4295.89421692823  4.077361E-14
4296.51031263932  4.002190E-14
4297.12640835041  3.992127E-14
4297.7425040615  4.053397E-14
4298.35859977259  4.044977E-14
4298.97469548368  4.032745E-14
4299.59079119476  3.991309E-14
4300.20688690585  4.007762E-14
4300.82298261694  4.034415E-14
4301.43907832803  4.029185E-14
4302.05517403912  4.019576E-14
4302.67126975021  3.995129E-14
4303.2873654613  4.000877E-14
4303.90346117239  4.002522E-14
4304.51955688348  3.988923E-14
4305.13565259456  3.973021E-14
4305.75174830565  3.964330E-14
4306.36784401674  3.938612E-14
4306.98393972783  3.948082E-14
4307.60003543892  3.965139E-14
4308.21613115001  3.981359E-14
4308.8322268611  3.950904E-14
4309.44832257219  3.920795E-14
4310.06441828327  3.915974E-14
4310.68051399436  3.913864E-14
4311.29660970545  3.889534E-14
4311.91270541654  3.872923E-14
4312.52880112763  3.861480E-14
4313.14489683872  3.830989E-14
4313.76099254981  3.823064E-14
4314.3770882609  3.810150E-14
4314.99318397198  3.793013E-14
4315.60927968307  3.754712E-14
4316.22537539416  3.775990E-14
4316.84147110525  3.788415E-14
4317.45756681634  3.754789E-14
4318.07366252743  3.727512E-14
4318.68975823852  3.692821E-14
4319.30585394961  3.674229E-14
4319.9219496607  3.678825E-14
4320.53804537178  3.633085E-14
4321.15414108287  3.644996E-14
4321.77023679396  3.659745E-14
4322.38633250505  3.618647E-14
4323.00242821614  3.594778E-14
4323.61852392723  3.573479E-14
4324.23461963832  3.594663E-14
4324.85071534941  3.575026E-14
4325.4668110605  3.526609E-14
4326.08290677158  3.476910E-14
4326.69900248267  3.438237E-14
4327.31509819376  3.475166E-14
4327.93119390485  3.495270E-14
4328.54728961594  3.437659E-14
4329.16338532703  3.434082E-14
4329.77948103812  3.457209E-14
4330.39557674921  3.444830E-14
4331.01167246029  3.439369E-14
4331.62776817138  3.464030E-14
4332.24386388247  3.453264E-14
4332.85995959356  3.413886E-14
4333.47605530465  3.416691E-14
4334.09215101574  3.410860E-14
4334.70824672683  3.381280E-14
4335.32434243792  3.409453E-14
4335.94043814901  3.413013E-14
4336.55653386009  3.371829E-14
4337.17262957118  3.297770E-14
4337.78872528227  3.332928E-14
4338.40482099336  3.367451E-14
4339.02091670445  3.330002E-14
4339.63701241554  3.302277E-14
4340.25310812663  3.319664E-14
4340.86920383771  3.290397E-14
4341.4852995488  3.265249E-14
4342.10139525989  3.265902E-14
4342.71749097098  3.282297E-14
4343.33358668207  3.291358E-14
4343.94968239316  3.278052E-14
4344.56577810425  3.237998E-14
4345.18187381534  3.263152E-14
4345.79796952642  3.273040E-14
4346.41406523751  3.293924E-14
4347.0301609486  3.297934E-14
4347.64625665969  3.307885E-14
4348.26235237078  3.275604E-14
4348.87844808187  3.278951E-14
4349.49454379296  3.324148E-14
4350.11063950405  3.311883E-14
4350.72673521514  3.350236E-14
4351.34283092622  3.356582E-14
4351.95892663731  3.365861E-14
4352.5750223484  3.374519E-14
4353.19111805949  3.395936E-14
4353.80721377058  3.441182E-14
4354.42330948167  3.473755E-14
4355.03940519276  3.501321E-14
4355.65550090385  3.517049E-14
4356.27159661494  3.516235E-14
4356.88769232602  3.548584E-14
4357.50378803711  3.546765E-14
4358.1198837482  3.582253E-14
4358.73597945929  3.592953E-14
4359.35207517038  3.589703E-14
4359.96817088147  3.612994E-14
4360.58426659256  3.603037E-14
4361.20036230365  3.686300E-14
4361.81645801473  3.697724E-14
4362.43255372582  3.650208E-14
4363.04864943691  3.684963E-14
4363.664745148  3.706005E-14
4364.28084085909  3.730988E-14
4364.89693657018  3.764104E-14
4365.51303228127  3.801169E-14
4366.12912799236  3.778969E-14
4366.74522370345  3.769140E-14
4367.36131941453  3.803032E-14
4367.97741512562  3.823711E-14
4368.59351083671  3.804732E-14
4369.2096065478  3.823602E-14
4369.82570225889  3.851755E-14
4370.44179796998  3.813267E-14
4371.05789368107  3.793883E-14
4371.67398939216  3.838709E-14
4372.29008510324  3.837482E-14
4372.90618081433  3.782755E-14
4373.52227652542  3.789558E-14
4374.13837223651  3.801245E-14
4374.7544679476  3.833948E-14
4375.37056365869  3.868953E-14
4375.98665936978  3.861065E-14
4376.60275508087  3.851486E-14
4377.21885079195  3.866237E-14
4377.83494650305  3.909307E-14
4378.45104221413  3.920534E-14
4379.06713792522  3.934367E-14
4379.68323363631  3.942690E-14
4380.2993293474  3.925895E-14
4380.91542505849  3.909517E-14
4381.53152076958  3.946242E-14
4382.14761648067  3.969008E-14
4382.76371219175  3.958477E-14
4383.37980790284  3.937752E-14
4383.99590361393  3.908920E-14
4384.61199932502  3.924364E-14
4385.22809503611  3.942396E-14
4385.8441907472  3.926504E-14
4386.46028645829  3.927170E-14
4387.07638216938  3.941057E-14
4387.69247788047  3.927090E-14
4388.30857359155  3.964798E-14
4388.92466930264  3.942363E-14
4389.54076501373  3.950347E-14
4390.15686072482  3.943562E-14
4390.77295643591  3.932118E-14
4391.389052147  3.919197E-14
4392.00514785809  3.906565E-14
4392.62124356918  3.930147E-14
4393.23733928026  3.894262E-14
4393.85343499135  3.899846E-14
4394.46953070244  3.897275E-14
4395.08562641353  3.871684E-14
4395.70172212462  3.902935E-14
4396.31781783571  3.904687E-14
4396.9339135468  3.872233E-14
4397.55000925789  3.896722E-14
4398.16610496897  3.912625E-14
4398.78220068006  3.918024E-14
4399.39829639115  3.921899E-14
4400.01439210224  3.919946E-14
4400.63048781333  3.923748E-14
4401.24658352442  3.962813E-14
4401.86267923551  3.984205E-14
4402.4787749466  3.967769E-14
4403.09487065769  3.964072E-14
4403.71096636877  3.964139E-14
4404.32706207986  3.960515E-14
4404.94315779095  3.972513E-14
4405.55925350204  3.936001E-14
4406.17534921313  3.956545E-14
4406.79144492422  3.993483E-14
4407.40754063531  3.968235E-14
4408.0236363464  3.946266E-14
4408.63973205749  3.955024E-14
4409.25582776857  3.973181E-14
4409.87192347966  3.983535E-14
4410.48801919075  3.951867E-14
4411.10411490184  3.981398E-14
4411.72021061293  4.015120E-14
4412.33630632402  4.001426E-14
4412.95240203511  3.970022E-14
4413.5684977462  3.976517E-14
4414.18459345728  3.981609E-14
4414.80068916837  4.001373E-14
4415.41678487946  3.969123E-14
4416.03288059055  3.925798E-14
4416.64897630164  3.928026E-14
4417.26507201273  3.958686E-14
4417.88116772382  3.952230E-14
4418.4972634349  3.967333E-14
4419.11335914599  3.965186E-14
4419.72945485708  3.963605E-14
4420.34555056817  3.973113E-14
4420.96164627926  3.939120E-14
4421.57774199035  3.941486E-14
4422.19383770144  3.955739E-14
4422.80993341253  3.955301E-14
4423.42602912362  3.947293E-14
4424.0421248347  3.968171E-14
4424.65822054579  3.955221E-14
4425.27431625688  3.932226E-14
4425.89041196797  3.955111E-14
4426.50650767906  3.949387E-14
4427.12260339015  3.963077E-14
4427.73869910124  3.965456E-14
4428.35479481233  3.951897E-14
4428.97089052341  3.956727E-14
4429.5869862345  3.960048E-14
4430.20308194559  3.954441E-14
4430.81917765668  3.917447E-14
4431.43527336777  3.936249E-14
4432.05136907886  3.966586E-14
4432.66746478995  3.955277E-14
4433.28356050104  3.946508E-14
4433.89965621213  3.954563E-14
4434.51575192321  3.899137E-14
4435.1318476343  3.903669E-14
4435.74794334539  3.938389E-14
4436.36403905648  3.935046E-14
4436.98013476757  3.928962E-14
4437.59623047866  3.943991E-14
4438.21232618975  3.938407E-14
4438.82842190084  3.906189E-14
4439.44451761192  3.912239E-14
4440.06061332301  3.945141E-14
4440.6767090341  3.959111E-14
4441.29280474519  3.970120E-14
4441.90890045628  3.969507E-14
4442.52499616737  3.981504E-14
4443.14109187846  3.993895E-14
4443.75718758955  3.900946E-14
4444.37328330064  3.912760E-14
4444.98937901172  3.952066E-14
4445.60547472281  3.943755E-14
4446.2215704339  3.956357E-14
4446.83766614499  3.946416E-14
4447.45376185608  3.921510E-14
4448.06985756717  3.942033E-14
4448.68595327826  3.967783E-14
4449.30204898935  3.911752E-14
4449.91814470044  3.936250E-14
4450.53424041152  3.933201E-14
4451.15033612261  3.914042E-14
4451.7664318337  3.910751E-14
4452.38252754479  3.956303E-14
4452.99862325588  3.953450E-14
4453.61471896697  3.948049E-14
4454.23081467806  3.935931E-14
4454.84691038915  3.919650E-14
4455.46300610023  3.915801E-14
4456.07910181132  3.918964E-14
4456.69519752241  3.891207E-14
4457.3112932335  3.897113E-14
4457.92738894459  3.896465E-14
4458.54348465568  3.918027E-14
4459.15958036677  3.902677E-14
4459.77567607786  3.890528E-14
4460.39177178894  3.888770E-14
4461.00786750003  3.897130E-14
4461.62396321112  3.923059E-14
4462.24005892221  3.904008E-14
4462.8561546333  3.943168E-14
4463.47225034439  3.933696E-14
4464.08834605548  3.881796E-14
4464.70444176657  3.884859E-14
4465.32053747766  3.881291E-14
4465.93663318874  3.894000E-14
4466.55272889983  3.913888E-14
4467.16882461092  3.899914E-14
4467.78492032201  3.886459E-14
4468.4010160331  3.857561E-14
4469.01711174419  3.865864E-14
4469.63320745528  3.882123E-14
4470.24930316637  3.875925E-14
4470.86539887745  3.887845E-14
4471.48149458854  3.874880E-14
4472.09759029963  3.872849E-14
4472.71368601072  3.900161E-14
4473.32978172181  3.883101E-14
4473.9458774329  3.902114E-14
4474.56197314399  3.856572E-14
4475.17806885508  3.866160E-14
4475.79416456617  3.912824E-14
4476.41026027725  3.898055E-14
4477.02635598834  3.859388E-14
4477.64245169943  3.864075E-14
4478.25854741052  3.852786E-14
4478.87464312161  3.838453E-14
4479.4907388327  3.872466E-14
4480.10683454379  3.875938E-14
4480.72293025488  3.862828E-14
4481.33902596596  3.845738E-14
4481.95512167705  3.820556E-14
4482.57121738814  3.833265E-14
4483.18731309923  3.859105E-14
4483.80340881032  3.867729E-14
4484.41950452141  3.849895E-14
4485.0356002325  3.880899E-14
4485.65169594359  3.898068E-14
4486.26779165467  3.891339E-14
4486.88388736576  3.915508E-14
4487.49998307685  3.936533E-14
4488.11607878794  3.923143E-14
4488.73217449903  3.900231E-14
4489.34827021012  3.946745E-14
4489.96436592121  3.934864E-14
4490.5804616323  3.880364E-14
4491.19655734339  3.922037E-14
4491.81265305447  3.971351E-14
4492.42874876556  3.973024E-14
4493.04484447665  3.984989E-14
4493.66094018774  4.009251E-14
4494.27703589883  4.025251E-14
4494.89313160992  3.954596E-14
4495.50922732101  3.958780E-14
4496.12532303209  4.019176E-14
4496.74141874318  4.003594E-14
4497.35751445427  3.990062E-14
4497.97361016536  4.013781E-14
4498.58970587645  4.040096E-14
4499.20580158754  4.053608E-14
4499.82189729863  4.050973E-14
4500.43799300972  4.022857E-14
4501.05408872081  4.026188E-14
4501.67018443189  4.062099E-14
4502.28628014298  4.060903E-14
4502.90237585407  4.054281E-14
4503.51847156516  4.024677E-14
4504.13456727625  4.042704E-14
4504.75066298734  4.091790E-14
4505.36675869843  4.063107E-14
4505.98285440952  4.051372E-14
4506.59895012061  4.048773E-14
4507.21504583169  4.045985E-14
4507.83114154278  4.048589E-14
4508.44723725387  4.066633E-14
4509.06333296496  4.058836E-14
4509.67942867605  4.037977E-14
4510.29552438714  4.053062E-14
4510.91162009823  4.064956E-14
4511.52771580932  4.042377E-14
4512.1438115204  4.025636E-14
4512.75990723149  4.066251E-14
4513.37600294258  4.122344E-14
4513.99209865367  4.088474E-14
4514.60819436476  4.020386E-14
4515.22429007585  4.042934E-14
4515.84038578694  4.078545E-14
4516.45648149803  4.057689E-14
4517.07257720912  4.053877E-14
4517.6886729202  4.047930E-14
4518.30476863129  4.012684E-14
4518.92086434238  4.023948E-14
4519.53696005347  4.054782E-14
4520.15305576456  4.032614E-14
4520.76915147565  4.013785E-14
4521.38524718674  4.018605E-14
4522.00134289783  4.021745E-14
4522.61743860891  4.012666E-14
4523.23353432  3.990724E-14
4523.84963003109  3.978199E-14
4524.46572574218  4.001044E-14
4525.08182145327  3.989482E-14
4525.69791716436  4.005130E-14
4526.31401287545  3.993795E-14
4526.93010858654  4.028303E-14
4527.54620429763  4.028006E-14
4528.16230000871  4.016191E-14
4528.7783957198  4.021796E-14
4529.39449143089  3.991273E-14
4530.01058714198  3.956424E-14
4530.62668285307  3.973121E-14
4531.24277856416  4.004085E-14
4531.85887427525  3.991410E-14
4532.47496998634  3.985197E-14
4533.09106569743  4.020256E-14
4533.70716140851  4.031490E-14
4534.3232571196  4.006220E-14
4534.93935283069  4.006961E-14
4535.55544854178  4.019665E-14
4536.17154425287  3.981042E-14
4536.78763996396  3.976017E-14
4537.40373567505  3.980379E-14
4538.01983138614  3.997260E-14
4538.63592709722  3.994290E-14
4539.25202280831  3.980377E-14
4539.8681185194  3.984005E-14
4540.48421423049  3.999495E-14
4541.10030994158  4.016785E-14
4541.71640565267  3.995633E-14
4542.33250136376  3.974777E-14
4542.94859707485  3.955516E-14
4543.56469278593  3.941766E-14
4544.18078849702  3.979295E-14
4544.79688420811  3.981475E-14
4545.4129799192  3.987814E-14
4546.02907563029  4.026328E-14
4546.64517134138  3.985332E-14
4547.26126705247  3.981532E-14
4547.87736276356  4.016359E-14
4548.49345847464  3.993823E-14
4549.10955418573  3.990944E-14
4549.72564989682  4.002454E-14
4550.34174560791  3.982671E-14
4550.957841319  3.951987E-14
4551.57393703009  3.960284E-14
4552.19003274118  3.966773E-14
4552.80612845227  3.950319E-14
4553.42222416336  3.973085E-14
4554.03831987444  3.934624E-14
4554.65441558553  3.938340E-14
4555.27051129662  3.971571E-14
4555.88660700771  3.964150E-14
4556.5027027188  3.975968E-14
4557.11879842989  3.924060E-14
4557.73489414098  3.904264E-14
4558.35098985207  3.916538E-14
4558.96708556316  3.935979E-14
4559.58318127424  3.945136E-14
4560.19927698533  3.940480E-14
4560.81537269642  3.943988E-14
4561.43146840751  3.937475E-14
4562.0475641186  3.943861E-14
4562.66365982969  3.932061E-14
4563.27975554078  3.941541E-14
4563.89585125187  3.987280E-14
4564.51194696295  3.963015E-14
4565.12804267404  3.922133E-14
4565.74413838513  3.910499E-14
4566.36023409622  3.915624E-14
4566.97632980731  3.913626E-14
4567.5924255184  3.920686E-14
4568.20852122949  3.916951E-14
4568.82461694058  3.880252E-14
4569.44071265166  3.931430E-14
4570.05680836275  3.972412E-14
4570.67290407384  3.952218E-14
4571.28899978493  3.920094E-14
4571.90509549602  3.893477E-14
4572.52119120711  3.902202E-14
4573.1372869182  3.926279E-14
4573.75338262928  3.949220E-14
4574.36947834038  3.954532E-14
4574.98557405146  3.918807E-14
4575.60166976255  3.906268E-14
4576.21776547364  3.910958E-14
4576.83386118473  3.921601E-14
4577.44995689582  3.910767E-14
4578.06605260691  3.904092E-14
4578.682148318  3.883951E-14
4579.29824402908  3.907591E-14
4579.91433974017  3.925427E-14
4580.53043545126  3.960882E-14
4581.14653116235  3.952698E-14
4581.76262687344  3.903483E-14
4582.37872258453  3.946918E-14
4582.99481829562  3.938375E-14
4583.61091400671  3.926396E-14
4584.2270097178  3.916339E-14
4584.84310542888  3.905448E-14
4585.45920113997  3.917843E-14
4586.07529685106  3.916388E-14
4586.69139256215  3.894455E-14
4587.30748827324  3.912261E-14
4587.92358398433  3.922928E-14
4588.53967969542  3.894024E-14
4589.15577540651  3.896797E-14
4589.7718711176  3.887401E-14
4590.38796682868  3.876144E-14
4591.00406253977  3.895612E-14
4591.62015825086  3.877808E-14
4592.23625396195  3.873739E-14
4592.85234967304  3.884386E-14
4593.46844538413  3.906267E-14
4594.08454109522  3.884597E-14
4594.70063680631  3.877248E-14
4595.3167325174  3.875072E-14
4595.93282822848  3.868375E-14
4596.54892393957  3.862361E-14
4597.16501965066  3.888697E-14
4597.78111536175  3.889535E-14
4598.39721107284  3.892490E-14
4599.01330678393  3.909859E-14
4599.62940249502  3.908532E-14
4600.2454982061  3.914418E-14
4600.86159391719  3.894557E-14
4601.47768962828  3.871918E-14
4602.09378533937  3.907764E-14
4602.70988105046  3.899911E-14
4603.32597676155  3.890682E-14
4603.94207247264  3.890431E-14
4604.55816818373  3.886302E-14
4605.17426389482  3.860185E-14
4605.7903596059  3.866817E-14
4606.40645531699  3.882360E-14
4607.02255102808  3.833806E-14
4607.63864673917  3.834870E-14
4608.25474245026  3.866911E-14
4608.87083816135  3.866425E-14
4609.48693387244  3.877008E-14
4610.10302958353  3.879501E-14
4610.71912529462  3.890658E-14
4611.3352210057  3.861646E-14
4611.95131671679  3.865400E-14
4612.56741242788  3.909478E-14
4613.18350813897  3.888151E-14
4613.79960385006  3.868070E-14
4614.41569956115  3.863945E-14
4615.03179527224  3.849592E-14
4615.64789098332  3.851196E-14
4616.26398669441  3.878528E-14
4616.8800824055  3.849683E-14
4617.49617811659  3.834125E-14
4618.11227382768  3.853914E-14
4618.72836953877  3.852062E-14
4619.34446524986  3.834285E-14
4619.96056096095  3.841520E-14
4620.57665667204  3.870031E-14
4621.19275238313  3.867238E-14
4621.80884809421  3.835799E-14
4622.4249438053  3.838289E-14
4623.04103951639  3.838418E-14
4623.65713522748  3.819050E-14
4624.27323093857  3.814293E-14
4624.88932664966  3.812947E-14
4625.50542236075  3.822374E-14
4626.12151807184  3.805026E-14
4626.73761378292  3.810987E-14
4627.35370949401  3.814926E-14
4627.9698052051  3.822501E-14
4628.58590091619  3.833608E-14
4629.20199662728  3.808773E-14
4629.81809233837  3.797125E-14
4630.43418804946  3.793246E-14
4631.05028376055  3.818705E-14
4631.66637947163  3.853190E-14
4632.28247518272  3.829052E-14
4632.89857089381  3.812486E-14
4633.5146666049  3.835720E-14
4634.13076231599  3.804480E-14
4634.74685802708  3.819243E-14
4635.36295373817  3.812424E-14
4635.97904944926  3.786165E-14
4636.59514516035  3.767694E-14
4637.21124087143  3.775739E-14
4637.82733658252  3.772880E-14
4638.44343229361  3.771620E-14
4639.0595280047  3.799551E-14
4639.67562371579  3.794824E-14
4640.29171942688  3.795258E-14
4640.90781513797  3.800517E-14
4641.52391084906  3.815233E-14
4642.14000656014  3.831073E-14
4642.75610227123  3.814487E-14
4643.37219798232  3.789489E-14
4643.98829369341  3.810081E-14
4644.6043894045  3.782491E-14
4645.22048511559  3.786428E-14
4645.83658082668  3.827532E-14
4646.45267653777  3.790264E-14
4647.06877224886  3.796949E-14
4647.68486795994  3.796396E-14
4648.30096367103  3.794096E-14
4648.91705938212  3.809558E-14
4649.53315509321  3.818120E-14
4650.1492508043  3.799669E-14
4650.76534651539  3.780359E-14
4651.38144222648  3.800817E-14
4651.99753793757  3.794726E-14
4652.61363364865  3.766599E-14
4653.22972935974  3.799625E-14
4653.84582507083  3.820647E-14
4654.46192078192  3.818552E-14
4655.07801649301  3.787272E-14
4655.6941122041  3.771076E-14
4656.31020791519  3.778980E-14
4656.92630362628  3.744782E-14
4657.54239933736  3.749453E-14
4658.15849504845  3.798210E-14
4658.77459075954  3.794195E-14
4659.39068647063  3.755684E-14
4660.00678218172  3.774862E-14
4660.62287789281  3.767083E-14
4661.2389736039  3.736997E-14
4661.85506931499  3.764242E-14
4662.47116502607  3.775944E-14
4663.08726073716  3.761809E-14
4663.70335644825  3.773128E-14
4664.31945215934  3.742381E-14
4664.93554787043  3.715066E-14
4665.55164358152  3.739218E-14
4666.16773929261  3.698041E-14
4666.7838350037  3.715201E-14
4667.39993071479  3.713665E-14
4668.01602642587  3.715370E-14
4668.63212213696  3.728165E-14
4669.24821784805  3.711681E-14
4669.86431355914  3.740839E-14
4670.48040927023  3.732903E-14
4671.09650498132  3.734747E-14
4671.71260069241  3.750972E-14
4672.32869640349  3.758304E-14
4672.94479211459  3.745017E-14
4673.56088782567  3.745960E-14
4674.17698353676  3.736993E-14
4674.79307924785  3.771905E-14
4675.40917495894  3.735616E-14
4676.02527067003  3.737037E-14
4676.64136638112  3.737304E-14
4677.25746209221  3.744649E-14
4677.8735578033  3.734600E-14
4678.48965351439  3.744095E-14
4679.10574922547  3.719818E-14
4679.72184493656  3.728518E-14
4680.33794064765  3.712935E-14
4680.95403635874  3.746477E-14
4681.57013206983  3.730606E-14
4682.18622778092  3.732717E-14
4682.80232349201  3.716019E-14
4683.41841920309  3.688105E-14
4684.03451491418  3.701599E-14
4684.65061062527  3.732940E-14
4685.26670633636  3.728942E-14
4685.88280204745  3.696853E-14
4686.49889775854  3.688295E-14
4687.11499346963  3.715899E-14
4687.73108918072  3.683596E-14
4688.34718489181  3.719500E-14
4688.96328060289  3.700428E-14
4689.57937631398  3.681376E-14
4690.19547202507  3.712456E-14
4690.81156773616  3.715771E-14
4691.42766344725  3.678752E-14
4692.04375915834  3.699628E-14
4692.65985486943  3.739036E-14
4693.27595058052  3.703365E-14
4693.8920462916  3.669911E-14
4694.50814200269  3.680240E-14
4695.12423771378  3.673738E-14
4695.74033342487  3.689182E-14
4696.35642913596  3.675187E-14
4696.97252484705  3.689371E-14
4697.58862055814  3.695608E-14
4698.20471626923  3.654110E-14
4698.82081198031  3.676574E-14
4699.4369076914  3.676003E-14
4700.05300340249  3.664615E-14
4700.66909911358  3.649467E-14
4701.28519482467  3.651767E-14
4701.90129053576  3.673024E-14
4702.51738624685  3.691347E-14
4703.13348195794  3.643196E-14
4703.74957766903  3.651930E-14
4704.36567338011  3.671250E-14
4704.9817690912  3.691443E-14
4705.59786480229  3.668003E-14
4706.21396051338  3.635914E-14
4706.83005622447  3.633036E-14
4707.44615193556  3.641240E-14
4708.06224764665  3.658841E-14
4708.67834335774  3.676593E-14
4709.29443906882  3.662608E-14
4709.91053477991  3.650669E-14
4710.526630491  3.659336E-14
4711.14272620209  3.627997E-14
4711.75882191318  3.641868E-14
4712.37491762427  3.647244E-14
4712.99101333536  3.630556E-14
4713.60710904645  3.655661E-14
4714.22320475754  3.679476E-14
4714.83930046862  3.671748E-14
4715.45539617971  3.652010E-14
4716.0714918908  3.639368E-14
4716.68758760189  3.634112E-14
4717.30368331298  3.649707E-14
4717.91977902407  3.640907E-14
4718.53587473516  3.620845E-14
4719.15197044625  3.610884E-14
4719.76806615733  3.631857E-14
4720.38416186842  3.633832E-14
4721.00025757951  3.627267E-14
4721.6163532906  3.615276E-14
4722.23244900169  3.617124E-14
4722.84854471278  3.620237E-14
4723.46464042387  3.624032E-14
4724.08073613496  3.633207E-14
4724.69683184604  3.626828E-14
4725.31292755713  3.618566E-14
4725.92902326822  3.624965E-14
4726.54511897931  3.626385E-14
4727.1612146904  3.640088E-14
4727.77731040149  3.653414E-14
4728.39340611258  3.632204E-14
4729.00950182367  3.641424E-14
4729.62559753476  3.629768E-14
4730.24169324585  3.641779E-14
4730.85778895693  3.651775E-14
4731.47388466802  3.639776E-14
4732.08998037911  3.647398E-14
4732.7060760902  3.662434E-14
4733.32217180129  3.639645E-14
4733.93826751238  3.610245E-14
4734.55436322347  3.621622E-14
4735.17045893455  3.626880E-14
4735.78655464564  3.608011E-14
4736.40265035673  3.633913E-14
4737.01874606782  3.658566E-14
4737.63484177891  3.649044E-14
4738.25093749  3.604758E-14
4738.86703320109  3.603314E-14
4739.48312891218  3.637400E-14
4740.09922462327  3.638739E-14
4740.71532033435  3.622199E-14
4741.33141604544  3.643696E-14
4741.94751175653  3.636658E-14
4742.56360746762  3.625916E-14
4743.17970317871  3.646653E-14
4743.7957988898  3.664627E-14
4744.41189460089  3.608074E-14
4745.02799031198  3.618168E-14
4745.64408602306  3.626887E-14
4746.26018173415  3.612956E-14
4746.87627744524  3.613516E-14
4747.49237315633  3.621916E-14
4748.10846886742  3.637503E-14
4748.72456457851  3.600406E-14
4749.3406602896  3.597886E-14
4749.95675600069  3.604759E-14
4750.57285171178  3.609185E-14
4751.18894742286  3.592912E-14
4751.80504313395  3.564595E-14
4752.42113884504  3.616758E-14
4753.03723455613  3.593167E-14
4753.65333026722  3.587891E-14
4754.26942597831  3.582587E-14
4754.8855216894  3.595714E-14
4755.50161740048  3.610081E-14
4756.11771311157  3.599387E-14
4756.73380882266  3.595572E-14
4757.34990453375  3.588067E-14
4757.96600024484  3.581952E-14
4758.58209595593  3.594682E-14
4759.19819166702  3.595236E-14
4759.81428737811  3.578459E-14
4760.4303830892  3.579510E-14
4761.04647880028  3.575605E-14
4761.66257451137  3.551992E-14
4762.27867022246  3.542579E-14
4762.89476593355  3.544499E-14
4763.51086164464  3.573760E-14
4764.12695735573  3.573951E-14
4764.74305306682  3.561098E-14
4765.35914877791  3.559958E-14
4765.975244489  3.579729E-14
4766.59134020008  3.557674E-14
4767.20743591117  3.555351E-14
4767.82353162226  3.594334E-14
4768.43962733335  3.578414E-14
4769.05572304444  3.562908E-14
4769.67181875553  3.563668E-14
4770.28791446662  3.562911E-14
4770.90401017771  3.576157E-14
4771.52010588879  3.578363E-14
4772.13620159988  3.563901E-14
4772.75229731097  3.570280E-14
4773.36839302206  3.576993E-14
4773.98448873315  3.560985E-14
4774.60058444424  3.609398E-14
4775.21668015533  3.621592E-14
4775.83277586642  3.577660E-14
4776.44887157751  3.584862E-14
4777.06496728859  3.597077E-14
4777.68106299968  3.588346E-14
4778.29715871077  3.585264E-14
4778.91325442186  3.578321E-14
4779.52935013295  3.543512E-14
4780.14544584404  3.588109E-14
4780.76154155513  3.630320E-14
4781.37763726622  3.613273E-14
4781.9937329773  3.627120E-14
4782.60982868839  3.590319E-14
4783.22592439948  3.562992E-14
4783.84202011057  3.576663E-14
4784.45811582166  3.594359E-14
4785.07421153275  3.606108E-14
4785.69030724384  3.588311E-14
4786.30640295493  3.572863E-14
4786.92249866601  3.582698E-14
4787.5385943771  3.581851E-14
4788.15469008819  3.582646E-14
4788.77078579928  3.578536E-14
4789.38688151037  3.579373E-14
4790.00297722146  3.562269E-14
4790.61907293255  3.556045E-14
4791.23516864364  3.574643E-14
4791.85126435473  3.576644E-14
4792.46736006581  3.555614E-14
4793.0834557769  3.536657E-14
4793.69955148799  3.560572E-14
4794.31564719908  3.576798E-14
4794.93174291017  3.580481E-14
4795.54783862126  3.547116E-14
4796.16393433235  3.546467E-14
4796.78003004344  3.561549E-14
4797.39612575453  3.552124E-14
4798.01222146561  3.548772E-14
4798.6283171767  3.547965E-14
4799.24441288779  3.567742E-14
4799.86050859888  3.552108E-14
4800.47660430997  3.532126E-14
4801.09270002106  3.551520E-14
4801.70879573215  3.538825E-14
4802.32489144324  3.514473E-14
4802.94098715432  3.522864E-14
4803.55708286541  3.531800E-14
4804.1731785765  3.539631E-14
4804.78927428759  3.540315E-14
4805.40536999868  3.541838E-14
4806.02146570977  3.564834E-14
4806.63756142086  3.570839E-14
4807.25365713195  3.561103E-14
4807.86975284303  3.581125E-14
4808.48584855412  3.557876E-14
4809.10194426521  3.554431E-14
4809.7180399763  3.558490E-14
4810.33413568739  3.535042E-14
4810.95023139848  3.563429E-14
4811.56632710957  3.535734E-14
4812.18242282066  3.514825E-14
4812.79851853174  3.507754E-14
4813.41461424283  3.505355E-14
4814.03070995392  3.507828E-14
4814.64680566501  3.498056E-14
4815.2629013761  3.483406E-14
4815.87899708719  3.486114E-14
4816.49509279828  3.487129E-14
4817.11118850937  3.517114E-14
4817.72728422046  3.509698E-14
4818.34337993154  3.486172E-14
4818.95947564263  3.484685E-14
4819.57557135372  3.479335E-14
4820.19166706481  3.476420E-14
4820.8077627759  3.460537E-14
4821.42385848699  3.500520E-14
4822.03995419808  3.466019E-14
4822.65604990917  3.455229E-14
4823.27214562026  3.488342E-14
4823.88824133134  3.491931E-14
4824.50433704243  3.479699E-14
4825.12043275352  3.433769E-14
4825.73652846461  3.423332E-14
4826.3526241757  3.452187E-14
4826.96871988679  3.451410E-14
4827.58481559788  3.422100E-14
4828.20091130897  3.416133E-14
4828.81700702005  3.409039E-14
4829.43310273114  3.387210E-14
4830.04919844223  3.392573E-14
4830.66529415332  3.397336E-14
4831.28138986441  3.384639E-14
4831.8974855755  3.400057E-14
4832.51358128659  3.401501E-14
4833.12967699768  3.364169E-14
4833.74577270877  3.380173E-14
4834.36186841985  3.382320E-14
4834.97796413094  3.335512E-14
4835.59405984203  3.327530E-14
4836.21015555312  3.314168E-14
4836.82625126421  3.303833E-14
4837.4423469753  3.305800E-14
4838.05844268639  3.298517E-14
4838.67453839747  3.276665E-14
4839.29063410856  3.265173E-14
4839.90672981965  3.278598E-14
4840.52282553074  3.238250E-14
4841.13892124183  3.228196E-14
4841.75501695292  3.219195E-14
4842.37111266401  3.213018E-14
4842.9872083751  3.202571E-14
4843.60330408619  3.207894E-14
4844.21939979727  3.165999E-14
4844.83549550836  3.170329E-14
4845.45159121945  3.152669E-14
4846.06768693054  3.139884E-14
4846.68378264163  3.161354E-14
4847.29987835272  3.149539E-14
4847.91597406381  3.134829E-14
4848.5320697749  3.122573E-14
4849.14816548599  3.125679E-14
4849.76426119707  3.104335E-14
4850.38035690816  3.143748E-14
4850.99645261925  3.150265E-14
4851.61254833034  3.126886E-14
4852.22864404143  3.157857E-14
4852.84473975252  3.165271E-14
4853.46083546361  3.172508E-14
4854.0769311747  3.179424E-14
4854.69302688578  3.142160E-14
4855.30912259687  3.139947E-14
4855.92521830796  3.139478E-14
4856.54131401905  3.105156E-14
4857.15740973014  3.078931E-14
4857.77350544123  3.079203E-14
4858.38960115232  3.069693E-14
4859.00569686341  3.061796E-14
4859.6217925745  3.053763E-14
4860.23788828558  3.070929E-14
4860.85398399667  3.041894E-14
4861.47007970776  3.033132E-14
4862.08617541885  3.031593E-14
4862.70227112994  3.035475E-14
4863.31836684103  3.022545E-14
4863.93446255212  3.011011E-14
4864.55055826321  3.003894E-14
4865.16665397429  2.995525E-14
4865.78274968538  2.990670E-14
4866.39884539647  2.985980E-14
4867.01494110756  2.956052E-14
4867.63103681865  3.003339E-14
4868.24713252974  3.012110E-14
4868.86322824083  2.986389E-14
4869.47932395192  2.982180E-14
4870.095419663  2.977689E-14
4870.71151537409  2.961114E-14
4871.32761108518  2.974580E-14
4871.94370679627  2.983293E-14
4872.55980250736  2.982983E-14
4873.17589821845  2.946878E-14
4873.79199392954  2.992005E-14
4874.40808964063  3.004204E-14
4875.02418535172  3.004162E-14
4875.6402810628  3.032345E-14
4876.25637677389  3.039440E-14
4876.87247248498  3.047312E-14
4877.48856819607  3.034759E-14
4878.10466390716  3.059323E-14
4878.72075961825  3.070504E-14
4879.33685532934  3.081117E-14
4879.95295104043  3.094519E-14
4880.56904675151  3.067167E-14
4881.1851424626  3.104063E-14
4881.80123817369  3.131645E-14
4882.41733388478  3.132737E-14
4883.03342959587  3.115749E-14
4883.64952530696  3.141716E-14
4884.26562101805  3.161497E-14
4884.88171672914  3.144939E-14
4885.49781244023  3.162207E-14
4886.11390815131  3.212566E-14
4886.7300038624  3.204318E-14
4887.34609957349  3.187918E-14
4887.96219528458  3.208761E-14
4888.57829099567  3.242762E-14
4889.19438670676  3.251829E-14
4889.81048241785  3.253750E-14
4890.42657812893  3.255338E-14
4891.04267384002  3.276280E-14
4891.65876955111  3.261581E-14
4892.2748652622  3.277372E-14
4892.89096097329  3.284510E-14
4893.50705668438  3.278824E-14
4894.12315239547  3.272079E-14
4894.73924810656  3.261444E-14
4895.35534381765  3.305139E-14
4895.97143952873  3.330646E-14
4896.58753523982  3.305564E-14
4897.20363095091  3.279647E-14
4897.819726662  3.288350E-14
4898.43582237309  3.293935E-14
4899.05191808418  3.292707E-14
4899.66801379527  3.307257E-14
4900.28410950636  3.344998E-14
4900.90020521745  3.335576E-14
4901.51630092853  3.339940E-14
4902.13239663962  3.330232E-14
4902.74849235071  3.361101E-14
4903.3645880618  3.353699E-14
4903.98068377289  3.332163E-14
4904.59677948398  3.331777E-14
4905.21287519507  3.311864E-14
4905.82897090616  3.337538E-14
4906.44506661725  3.343693E-14
4907.06116232833  3.328415E-14
4907.67725803942  3.316148E-14
4908.29335375051  3.318178E-14
4908.9094494616  3.337910E-14
4909.52554517269  3.355903E-14
4910.14164088378  3.336589E-14
4910.75773659487  3.323638E-14
4911.37383230596  3.343438E-14
4911.98992801704  3.329890E-14
4912.60602372813  3.337490E-14
4913.22211943922  3.347197E-14
4913.83821515031  3.355504E-14
4914.4543108614  3.365385E-14
4915.07040657249  3.372622E-14
4915.68650228358  3.374157E-14
4916.30259799466  3.361953E-14
4916.91869370576  3.377668E-14
4917.53478941684  3.373247E-14
4918.15088512793  3.357120E-14
4918.76698083902  3.373806E-14
4919.38307655011  3.393257E-14
4919.9991722612  3.393912E-14
4920.61526797229  3.352514E-14
4921.23136368338  3.339960E-14
4921.84745939446  3.395229E-14
4922.46355510555  3.390262E-14
4923.07965081664  3.382176E-14
4923.69574652773  3.352594E-14
4924.31184223882  3.323559E-14
4924.92793794991  3.350948E-14
4925.544033661  3.375827E-14
4926.16012937209  3.358968E-14
4926.77622508318  3.342676E-14
4927.39232079426  3.356686E-14
4928.00841650535  3.350923E-14
4928.62451221644  3.345352E-14
4929.24060792753  3.319733E-14
4929.85670363862  3.327643E-14
4930.47279934971  3.334933E-14
4931.0888950608  3.326603E-14
4931.70499077189  3.311021E-14
4932.32108648297  3.300378E-14
4932.93718219406  3.301038E-14
4933.55327790515  3.333002E-14
4934.16937361624  3.331529E-14
4934.78546932733  3.323138E-14
4935.40156503842  3.313953E-14
4936.01766074951  3.313325E-14
4936.6337564606  3.338803E-14
4937.24985217168  3.344519E-14
4937.86594788277  3.336385E-14
4938.48204359386  3.355892E-14
4939.09813930495  3.355688E-14
4939.71423501604  3.322567E-14
4940.33033072713  3.313636E-14
4940.94642643822  3.343455E-14
4941.56252214931  3.320694E-14
4942.1786178604  3.329845E-14
4942.79471357148  3.360822E-14
4943.41080928257  3.379264E-14
4944.02690499366  3.348546E-14
4944.64300070475  3.356627E-14
4945.25909641584  3.330341E-14
4945.87519212693  3.329267E-14
4946.49128783802  3.339025E-14
4947.10738354911  3.331529E-14
4947.72347926019  3.351392E-14
4948.33957497128  3.346680E-14
4948.95567068237  3.334215E-14
4949.57176639346  3.335080E-14
4950.18786210455  3.315893E-14
4950.80395781564  3.319850E-14
4951.42005352673  3.352150E-14
4952.03614923782  3.353131E-14
4952.65224494891  3.350754E-14
4953.26834065999  3.344682E-14
4953.88443637108  3.312593E-14
4954.50053208217  3.322160E-14
4955.11662779326  3.311209E-14
4955.73272350435  3.294377E-14
4956.34881921544  3.326892E-14
4956.96491492653  3.346403E-14
4957.58101063762  3.349565E-14
4958.1971063487  3.336954E-14
4958.81320205979  3.346704E-14
4959.42929777088  3.332603E-14
4960.04539348197  3.324808E-14
4960.66148919306  3.305283E-14
4961.27758490415  3.322506E-14
4961.89368061524  3.332180E-14
4962.50977632633  3.323539E-14
4963.12587203742  3.342174E-14
4963.7419677485  3.326334E-14
4964.35806345959  3.325849E-14
4964.97415917068  3.335838E-14
4965.59025488177  3.330479E-14
4966.20635059286  3.335730E-14
4966.82244630395  3.307594E-14
4967.43854201504  3.354093E-14
4968.05463772613  3.369961E-14
4968.67073343721  3.351737E-14
4969.2868291483  3.350969E-14
4969.90292485939  3.365325E-14
4970.51902057048  3.362668E-14
4971.13511628157  3.339906E-14
4971.75121199266  3.330326E-14
4972.36730770375  3.352915E-14
4972.98340341484  3.370447E-14
4973.59949912593  3.320844E-14
4974.21559483701  3.314958E-14
4974.8316905481  3.314820E-14
4975.44778625919  3.297680E-14
4976.06388197028  3.318407E-14
4976.67997768137  3.295667E-14
4977.29607339246  3.324932E-14
4977.91216910355  3.337862E-14
4978.52826481464  3.308234E-14
4979.14436052572  3.263425E-14
4979.76045623681  3.293579E-14
4980.3765519479  3.321073E-14
4980.99264765899  3.314242E-14
4981.60874337008  3.282891E-14
4982.22483908117  3.332808E-14
4982.84093479226  3.346066E-14
4983.45703050335  3.325552E-14
4984.07312621444  3.283589E-14
4984.68922192552  3.304426E-14
4985.30531763661  3.303521E-14
4985.9214133477  3.293069E-14
4986.53750905879  3.317840E-14
4987.15360476988  3.306396E-14
4987.76970048097  3.290806E-14
4988.38579619206  3.282988E-14
4989.00189190315  3.309993E-14
4989.61798761423  3.293729E-14
4990.23408332532  3.290980E-14
4990.85017903641  3.302755E-14
4991.4662747475  3.296523E-14
4992.08237045859  3.295478E-14
4992.69846616968  3.315507E-14
4993.31456188077  3.309412E-14
4993.93065759186  3.271649E-14
4994.54675330294  3.247524E-14
4995.16284901403  3.260442E-14
4995.77894472512  3.278385E-14
4996.39504043621  3.270752E-14
4997.0111361473  3.260909E-14
4997.62723185839  3.280499E-14
4998.24332756948  3.252826E-14
4998.85942328057  3.260027E-14
4999.47551899165  3.246264E-14
5000.09161470274  3.231222E-14
5000.70771041383  3.240165E-14
5001.32380612492  3.258340E-14
5001.93990183601  3.223901E-14
5002.5559975471  3.214503E-14
5003.17209325819  3.232464E-14
5003.78818896928  3.243214E-14
5004.40428468037  3.238993E-14
5005.02038039146  3.247564E-14
5005.63647610254  3.241150E-14
5006.25257181363  3.239235E-14
5006.86866752472  3.213886E-14
5007.48476323581  3.219407E-14
5008.1008589469  3.230013E-14
5008.71695465799  3.234378E-14
5009.33305036908  3.211288E-14
5009.94914608017  3.221403E-14
5010.56524179125  3.235884E-14
5011.18133750234  3.217828E-14
5011.79743321343  3.230239E-14
5012.41352892452  3.225268E-14
5013.02962463561  3.228525E-14
5013.6457203467  3.226389E-14
5014.26181605779  3.218814E-14
5014.87791176888  3.186319E-14
5015.49400747996  3.188319E-14
5016.11010319105  3.193662E-14
5016.72619890214  3.228778E-14
5017.34229461323  3.206144E-14
5017.95839032432  3.196424E-14
5018.57448603541  3.209245E-14
5019.1905817465  3.207328E-14
5019.80667745759  3.213266E-14
5020.42277316868  3.206181E-14
5021.03886887976  3.195228E-14
5021.65496459085  3.198229E-14
5022.27106030194  3.204544E-14
5022.88715601303  3.199597E-14
5023.50325172412  3.177992E-14
5024.11934743521  3.163903E-14
5024.7354431463  3.166068E-14
5025.35153885739  3.175582E-14
5025.96763456847  3.172323E-14
5026.58373027956  3.155963E-14
5027.19982599065  3.137707E-14
5027.81592170174  3.146659E-14
5028.43201741283  3.152351E-14
5029.04811312392  3.160297E-14
5029.66420883501  3.132355E-14
5030.2803045461  3.143198E-14
5030.89640025719  3.144139E-14
5031.51249596827  3.155543E-14
5032.12859167936  3.173114E-14
5032.74468739045  3.146348E-14
5033.36078310154  3.152349E-14
5033.97687881263  3.166362E-14
5034.59297452372  3.160007E-14
5035.20907023481  3.178378E-14
5035.8251659459  3.175245E-14
5036.44126165698  3.171473E-14
5037.05735736807  3.160565E-14
5037.67345307916  3.173254E-14
5038.28954879025  3.209550E-14
5038.90564450134  3.193441E-14
5039.52174021243  3.195829E-14
5040.13783592352  3.208099E-14
5040.75393163461  3.202374E-14
5041.37002734569  3.189384E-14
5041.98612305678  3.179960E-14
5042.60221876787  3.174300E-14
5043.21831447896  3.180246E-14
5043.83441019005  3.149150E-14
5044.45050590114  3.175178E-14
5045.06660161223  3.154530E-14
5045.68269732332  3.151173E-14
5046.29879303441  3.159467E-14
5046.91488874549  3.165989E-14
5047.53098445658  3.148220E-14
5048.14708016767  3.159254E-14
5048.76317587876  3.175764E-14
5049.37927158985  3.161157E-14
5049.99536730094  3.161130E-14
5050.61146301203  3.148449E-14
5051.22755872312  3.146896E-14
5051.8436544342  3.185779E-14
5052.45975014529  3.155667E-14
5053.07584585638  3.150363E-14
5053.69194156747  3.162008E-14
5054.30803727856  3.156195E-14
5054.92413298965  3.159604E-14
5055.54022870074  3.163745E-14
5056.15632441183  3.168540E-14
5056.77242012292  3.170092E-14
5057.388515834  3.137545E-14
5058.00461154509  3.133864E-14
5058.62070725618  3.157952E-14
5059.23680296727  3.149349E-14
5059.85289867836  3.171195E-14
5060.46899438945  3.163486E-14
5061.08509010054  3.164350E-14
5061.70118581163  3.157393E-14
5062.31728152271  3.187908E-14
5062.9333772338  3.165739E-14
5063.54947294489  3.152338E-14
5064.16556865598  3.143607E-14
5064.78166436707  3.156922E-14
5065.39776007816  3.156602E-14
5066.01385578925  3.145978E-14
5066.62995150034  3.128501E-14
5067.24604721143  3.125007E-14
5067.86214292251  3.133481E-14
5068.4782386336  3.134687E-14
5069.09433434469  3.149086E-14
5069.71043005578  3.134181E-14
5070.32652576687  3.138151E-14
5070.94262147796  3.138768E-14
5071.55871718905  3.154254E-14
5072.17481290014  3.146328E-14
5072.79090861123  3.153748E-14
5073.40700432231  3.164830E-14
5074.0231000334  3.162455E-14
5074.63919574449  3.160950E-14
5075.25529145558  3.166551E-14
5075.87138716667  3.161682E-14
5076.48748287776  3.132399E-14
5077.10357858885  3.141310E-14
5077.71967429993  3.147935E-14
5078.33577001102  3.170076E-14
5078.95186572211  3.198058E-14
5079.5679614332  3.157582E-14
5080.18405714429  3.158305E-14
5080.80015285538  3.163543E-14
5081.41624856647  3.154964E-14
5082.03234427756  3.152916E-14
5082.64843998864  3.143304E-14
5083.26453569973  3.138955E-14
5083.88063141082  3.138951E-14
5084.49672712191  3.142073E-14
5085.112822833  3.145166E-14
5085.72891854409  3.147445E-14
5086.34501425518  3.146442E-14
5086.96110996627  3.131474E-14
5087.57720567736  3.137803E-14
5088.19330138845  3.141204E-14
5088.80939709953  3.135445E-14
5089.42549281062  3.147531E-14
5090.04158852171  3.147871E-14
5090.6576842328  3.153576E-14
5091.27377994389  3.152713E-14
5091.88987565498  3.149457E-14
5092.50597136607  3.158563E-14
5093.12206707716  3.137527E-14
5093.73816278824  3.133798E-14
5094.35425849933  3.131108E-14
5094.97035421042  3.123756E-14
5095.58644992151  3.137141E-14
5096.2025456326  3.135098E-14
5096.81864134369  3.122460E-14
5097.43473705478  3.124854E-14
5098.05083276587  3.162155E-14
5098.66692847695  3.153418E-14
5099.28302418804  3.150820E-14
5099.89911989913  3.150454E-14
5100.51521561022  3.144423E-14
5101.13131132131  3.150346E-14
5101.7474070324  3.138549E-14
5102.36350274349  3.143214E-14
5102.97959845458  3.139877E-14
5103.59569416566  3.131965E-14
5104.21178987675  3.157987E-14
5104.82788558784  3.130297E-14
5105.44398129893  3.123646E-14
5106.06007701002  3.135242E-14
5106.67617272111  3.144691E-14
5107.2922684322  3.133012E-14
5107.90836414329  3.105438E-14
5108.52445985438  3.130931E-14
5109.14055556546  3.125729E-14
5109.75665127655  3.132953E-14
5110.37274698764  3.129672E-14
5110.98884269873  3.149140E-14
5111.60493840982  3.150026E-14
5112.22103412091  3.133244E-14
5112.837129832  3.138212E-14
5113.45322554309  3.151359E-14
5114.06932125417  3.138859E-14
5114.68541696526  3.128261E-14
5115.30151267635  3.120743E-14
5115.91760838744  3.108413E-14
5116.53370409853  3.127823E-14
5117.14979980962  3.119863E-14
5117.76589552071  3.112862E-14
5118.3819912318  3.146590E-14
5118.99808694289  3.126562E-14
5119.61418265397  3.144866E-14
5120.23027836506  3.108217E-14
5120.84637407615  3.120088E-14
5121.46246978724  3.140906E-14
5122.07856549833  3.138904E-14
5122.69466120942  3.157523E-14
5123.31075692051  3.149853E-14
5123.9268526316  3.138131E-14
5124.54294834268  3.114166E-14
5125.15904405377  3.136662E-14
5125.77513976486  3.109645E-14
5126.39123547595  3.127497E-14
5127.00733118704  3.138132E-14
5127.62342689813  3.124796E-14
5128.23952260922  3.114898E-14
5128.85561832031  3.124793E-14
5129.4717140314  3.118193E-14
5130.08780974248  3.122228E-14
5130.70390545357  3.128586E-14
5131.32000116466  3.122419E-14
5131.93609687575  3.114927E-14
5132.55219258684  3.110140E-14
5133.16828829793  3.133564E-14
5133.78438400902  3.121517E-14
5134.40047972011  3.130027E-14
5135.01657543119  3.123741E-14
5135.63267114228  3.118613E-14
5136.24876685337  3.126520E-14
5136.86486256446  3.138165E-14
5137.48095827555  3.111730E-14
5138.09705398664  3.118817E-14
5138.71314969773  3.129361E-14
5139.32924540882  3.121440E-14
5139.94534111991  3.124653E-14
5140.56143683099  3.123250E-14
5141.17753254208  3.098691E-14
5141.79362825317  3.132559E-14
5142.40972396426  3.119629E-14
5143.02581967535  3.116060E-14
5143.64191538644  3.124657E-14
5144.25801109753  3.130816E-14
5144.87410680862  3.096990E-14
5145.4902025197  3.102368E-14
5146.10629823079  3.130429E-14
5146.72239394188  3.113494E-14
5147.33848965297  3.140160E-14
5147.95458536406  3.106006E-14
5148.57068107515  3.099260E-14
5149.18677678624  3.113373E-14
5149.80287249733  3.127350E-14
5150.41896820842  3.129421E-14
5151.0350639195  3.116481E-14
5151.65115963059  3.084315E-14
5152.26725534168  3.090719E-14
5152.88335105277  3.090842E-14
5153.49944676386  3.107106E-14
5154.11554247495  3.093871E-14
5154.73163818604  3.083269E-14
5155.34773389712  3.061050E-14
5155.96382960822  3.048451E-14
5156.5799253193  3.061691E-14
5157.19602103039  3.076961E-14
5157.81211674148  3.072913E-14
5158.42821245257  3.088083E-14
5159.04430816366  3.078586E-14
5159.66040387475  3.094836E-14
5160.27649958584  3.080408E-14
5160.89259529692  3.069924E-14
5161.50869100801  3.088525E-14
5162.1247867191  3.077209E-14
5162.74088243019  3.105023E-14
5163.35697814128  3.112218E-14
5163.97307385237  3.086609E-14
5164.58916956346  3.090142E-14
5165.20526527455  3.143267E-14
5165.82136098563  3.128630E-14
5166.43745669672  3.112252E-14
5167.05355240781  3.106326E-14
5167.6696481189  3.109388E-14
5168.28574382999  3.095728E-14
5168.90183954108  3.104012E-14
5169.51793525217  3.106923E-14
5170.13403096326  3.089501E-14
5170.75012667435  3.080100E-14
5171.36622238543  3.072178E-14
5171.98231809652  3.076079E-14
5172.59841380761  3.071309E-14
5173.2145095187  3.069866E-14
5173.83060522979  3.053208E-14
5174.44670094088  3.056530E-14
5175.06279665197  3.071035E-14
5175.67889236306  3.073079E-14
5176.29498807414  3.095202E-14
5176.91108378523  3.060694E-14
5177.52717949632  3.058338E-14
5178.14327520741  3.044349E-14
5178.7593709185  3.033335E-14
5179.37546662959  3.047963E-14
5179.99156234068  3.074649E-14
5180.60765805177  3.062088E-14
5181.22375376285  3.070824E-14
5181.83984947394  3.094943E-14
5182.45594518503  3.087948E-14
5183.07204089612  3.075442E-14
5183.68813660721  3.079608E-14
5184.3042323183  3.090245E-14
5184.92032802939  3.106191E-14
5185.53642374048  3.113212E-14
5186.15251945157  3.129561E-14
5186.76861516265  3.098359E-14
5187.38471087374  3.118802E-14
5188.00080658483  3.126117E-14
5188.61690229592  3.128639E-14
5189.23299800701  3.112919E-14
5189.8490937181  3.092490E-14
5190.46518942919  3.135989E-14
5191.08128514028  3.143698E-14
5191.69738085136  3.106237E-14
5192.31347656245  3.099668E-14
